Частота	Канал A
(kГц)	(В)

0.00000000	0.36127740
0.01192093	0.25066050
0.02384186	0.17225130
0.03576279	0.05806925
0.04768372	0.00929685
0.05960464	0.00284926
0.07152557	0.00199652
0.08344650	0.00178981
0.09536743	0.00183336
0.10728836	0.00193460
0.11920929	0.00205269
0.13113022	0.00224234
0.14305115	0.00219633
0.15497208	0.00170293
0.16689301	0.00114289
0.17881393	0.00062617
0.19073486	0.00062187
0.20265579	0.00120841
0.21457672	0.00143410
0.22649765	0.00166624
0.23841858	0.00158256
0.25033951	0.00106696
0.26226044	0.00096330
0.27418137	0.00161518
0.28610229	0.00228925
0.29802322	0.00422456
0.30994415	0.00507288
0.32186508	0.00463859
0.33378601	0.00511988
0.34570694	0.00349860
0.35762787	0.00394752
0.36954880	0.00389853
0.38146973	0.00351991
0.39339066	0.00320278
0.40531158	0.00219722
0.41723251	0.00161373
0.42915344	0.00116806
0.44107437	0.00081042
0.45299530	0.00071439
0.46491623	0.00084722
0.47683716	0.00097691
0.48875809	0.00067453
0.50067902	0.00049724
0.51259995	0.00063495
0.52452087	0.00091319
0.53644180	0.00109946
0.54836273	0.00103975
0.56028366	0.00107583
0.57220459	0.00143757
0.58412552	0.00183381
0.59604645	0.00182973
0.60796738	0.00259650
0.61988831	0.01002155
0.63180923	0.06867079
0.64373016	0.19573040
0.65565109	0.27467780
0.66757202	0.28184550
0.67949295	0.26926530
0.69141388	0.17649320
0.70333481	0.05416390
0.71525574	0.00677781
0.72717667	0.00164953
0.73909760	0.00163374
0.75101852	0.00175015
0.76293945	0.00160870
0.77486038	0.00112784
0.78678131	0.00089711
0.79870224	0.00105811
0.81062317	0.00155682
0.82254410	0.00189566
0.83446503	0.00184341
0.84638596	0.00171812
0.85830688	0.00137920
0.87022781	0.00102087
0.88214874	0.00095375
0.89406967	0.00108831
0.90599060	0.00142787
0.91791153	0.00171422
0.92983246	0.00187802
0.94175339	0.00220483
0.95367432	0.00315321
0.96559525	0.00564132
0.97751617	0.00657640
0.98943710	0.00620511
1.00135803	0.00580733
1.01327896	0.00276560
1.02519989	0.00223750
1.03712082	0.00277897
1.04904175	0.00277004
1.06096268	0.00237933
1.07288361	0.00161437
1.08480453	0.00144496
1.09672546	0.00147199
1.10864639	0.00134248
1.12056732	0.00136916
1.13248825	0.00160073
1.14440918	0.00191980
1.15633011	0.00172416
1.16825104	0.00145986
1.18017197	0.00158554
1.19209290	0.00173247
1.20401382	0.00160306
1.21593475	0.00121622
1.22785568	0.00080943
1.23977661	0.00093098
1.25169754	0.00143782
1.26361847	0.00148257
1.27553940	0.00247259
1.28746033	0.01151751
1.29938126	0.07527224
1.31130219	0.20063740
1.32322311	0.27041670
1.33514404	0.27518660
1.34706497	0.25950660
1.35898590	0.16274970
1.37090683	0.04710962
1.38282776	0.00660324
1.39474869	0.00295517
1.40666962	0.00228170
1.41859055	0.00148376
1.43051147	0.00080224
1.44243240	0.00035737
1.45435333	0.00046712
1.46627426	0.00077691
1.47819519	0.00111087
1.49011612	0.00134776
1.50203705	0.00136764
1.51395798	0.00139162
1.52587891	0.00145986
1.53779984	0.00161083
1.54972076	0.00194342
1.56164169	0.00229392
1.57356262	0.00251612
1.58548355	0.00263419
1.59740448	0.00264157
1.60932541	0.00279493
1.62124634	0.00389839
1.63316727	0.00697726
1.64508820	0.00830204
1.65700912	0.00792061
1.66893005	0.00704738
1.68085098	0.00299779
1.69277191	0.00148903
1.70469284	0.00268969
1.71661377	0.00274716
1.72853470	0.00203641
1.74045563	0.00139603
1.75237656	0.00152360
1.76429749	0.00185013
1.77621841	0.00164248
1.78813934	0.00117220
1.80006027	0.00085574
1.81198120	0.00067516
1.82390213	0.00044800
1.83582306	0.00066092
1.84774399	0.00097069
1.85966492	0.00118587
1.87158585	0.00156162
1.88350677	0.00147201
1.89542770	0.00144548
1.90734863	0.00148284
1.91926956	0.00132028
1.93119049	0.00101543
1.94311142	0.00213530
1.95503235	0.01145431
1.96695328	0.07867276
1.97887421	0.20025840
1.99079514	0.26124950
2.00271606	0.26462540
2.01463699	0.24601230
2.02655792	0.14729990
2.03847885	0.03972505
2.05039978	0.00540662
2.06232071	0.00217441
2.07424164	0.00176740
2.08616257	0.00160194
2.09808350	0.00184412
2.11000443	0.00192824
2.12192535	0.00150502
2.13384628	0.00099574
2.14576721	0.00068670
2.15768814	0.00070127
2.16960907	0.00084602
2.18153000	0.00106222
2.19345093	0.00121168
2.20537186	0.00122763
2.21729279	0.00100274
2.22921371	0.00100595
2.24113464	0.00132520
2.25305557	0.00165730
2.26497650	0.00168449
2.27689743	0.00192906
2.28881836	0.00403575
2.30073929	0.00761801
2.31266022	0.00909450
2.32458115	0.00884362
2.33650208	0.00768528
2.34842300	0.00390111
2.36034393	0.00211115
2.37226486	0.00286609
2.38418579	0.00314091
2.39610672	0.00252710
2.40802765	0.00178328
2.41994858	0.00155785
2.43186951	0.00174624
2.44379044	0.00179193
2.45571136	0.00172906
2.46763229	0.00177940
2.47955322	0.00185561
2.49147415	0.00144117
2.50339508	0.00097029
2.51531601	0.00065607
2.52723694	0.00075340
2.53915787	0.00054586
2.55107880	0.00021597
2.56299973	0.00043530
2.57492065	0.00067953
2.58684158	0.00118162
2.59876251	0.00155543
2.61068344	0.00248317
2.62260437	0.01347982
2.63452530	0.08310007
2.64644623	0.19780710
2.65836716	0.24909220
2.67028809	0.25109250
2.68220901	0.22920300
2.69412994	0.13032750
2.70605087	0.03211460
2.71797180	0.00349718
2.72989273	0.00191269
2.74181366	0.00154371
2.75373459	0.00105295
2.76565552	0.00106869
2.77757645	0.00090435
2.78949738	0.00051957
2.80141830	0.00040029
2.81333923	0.00072332
2.82526016	0.00114543
2.83718109	0.00119585
2.84910202	0.00112286
2.86102295	0.00100394
2.87294388	0.00106339
2.88486481	0.00112543
2.89678574	0.00097054
2.90870667	0.00115967
2.92062759	0.00153972
2.93254852	0.00147487
2.94446945	0.00156285
2.95639038	0.00408369
2.96831131	0.00804524
2.98023224	0.00973074
2.99215317	0.00982555
3.00407410	0.00890464
3.01599503	0.00580352
3.02791595	0.00450459
3.03983688	0.00407269
3.05175781	0.00357083
3.06367874	0.00272491
3.07559967	0.00196509
3.08752060	0.00154612
3.09944153	0.00130082
3.11136246	0.00090790
3.12328339	0.00067373
3.13520432	0.00049210
3.14712524	0.00073026
3.15904617	0.00108638
3.17096710	0.00141014
3.18288803	0.00181129
3.19480896	0.00205831
3.20672989	0.00182422
3.21865082	0.00110957
3.23057175	0.00093145
3.24249268	0.00089221
3.25441360	0.00121636
3.26633453	0.00170243
3.27825546	0.00224173
3.29017639	0.01377651
3.30209732	0.08395897
3.31401825	0.18967360
3.32593918	0.23158210
3.33786011	0.23274480
3.34978104	0.20865610
3.36170197	0.11313120
3.37362289	0.02640889
3.38554382	0.00382413
3.39746475	0.00272816
3.40938568	0.00216195
3.42130661	0.00168280
3.43322754	0.00165848
3.44514847	0.00148411
3.45706940	0.00113123
3.46899033	0.00112006
3.48091125	0.00120364
3.49283218	0.00138579
3.50475311	0.00120754
3.51667404	0.00101559
3.52859497	0.00085112
3.54051590	0.00050289
3.55243683	0.00035284
3.56435776	0.00060308
3.57627869	0.00114956
3.58819962	0.00230686
3.60012054	0.00277633
3.61204147	0.00295774
3.62396240	0.00523677
3.63588333	0.00871157
3.64780426	0.01019662
3.65972519	0.01061571
3.67164612	0.00964692
3.68356705	0.00663734
3.69548798	0.00514065
3.70740891	0.00399632
3.71932983	0.00320067
3.73125076	0.00271407
3.74317169	0.00239030
3.75509262	0.00187797
3.76701355	0.00150941
3.77893448	0.00120471
3.79085541	0.00103632
3.80277634	0.00109377
3.81469727	0.00154030
3.82661819	0.00171554
3.83853912	0.00136576
3.85046005	0.00101639
3.86238098	0.00073249
3.87430191	0.00060287
3.88622284	0.00080181
3.89814377	0.00100765
3.91006470	0.00106878
3.92198563	0.00128276
3.93390656	0.00169223
3.94582748	0.00176346
3.95774841	0.01453199
3.96966934	0.08375074
3.98159027	0.17872580
3.99351120	0.21202460
4.00543213	0.21231100
4.01735306	0.18548710
4.02927399	0.09452067
4.04119492	0.01946432
4.05311584	0.00225914
4.06503677	0.00234146
4.07695770	0.00230225
4.08887863	0.00198845
4.10079956	0.00186817
4.11272049	0.00178425
4.12464142	0.00177436
4.13656235	0.00212445
4.14848328	0.00230719
4.16040421	0.00229482
4.17232513	0.00185502
4.18424606	0.00153179
4.19616699	0.00150716
4.20808792	0.00170010
4.22000885	0.00163428
4.23192978	0.00131693
4.24385071	0.00148718
4.25577164	0.00189458
4.26769257	0.00198748
4.27961349	0.00216672
4.29153442	0.00441431
4.30345535	0.00777947
4.31537628	0.00947766
4.32729721	0.01030040
4.33921814	0.00957070
4.35113907	0.00722321
4.36306000	0.00581070
4.37498093	0.00390079
4.38690186	0.00243494
4.39882278	0.00171028
4.41074371	0.00157714
4.42266464	0.00158398
4.43458557	0.00197082
4.44650650	0.00249095
4.45842743	0.00245236
4.47034836	0.00179034
4.48226929	0.00108244
4.49419022	0.00064653
4.50611115	0.00080506
4.51803207	0.00126332
4.52995300	0.00159698
4.54187393	0.00180212
4.55379486	0.00184770
4.56571579	0.00203701
4.57763672	0.00219812
4.58955765	0.00281700
4.60147858	0.00334409
4.61339951	0.00327170
4.62532043	0.01594930
4.63724136	0.08203854
4.64916229	0.16490490
4.66108322	0.19042720
4.67300415	0.19045110
4.68492508	0.16274760
4.69684601	0.07912863
4.70876694	0.01589523
4.72068787	0.00272495
4.73260880	0.00222461
4.74452972	0.00197247
4.75645065	0.00177732
4.76837158	0.00156859
4.78029251	0.00149834
4.79221344	0.00147759
4.80413437	0.00170755
4.81605530	0.00177247
4.82797623	0.00199811
4.83989716	0.00175870
4.85181808	0.00140431
4.86373901	0.00136127
4.87565994	0.00133467
4.88758087	0.00072119
4.89950180	0.00067634
4.91142273	0.00117776
4.92334366	0.00161971
4.93526459	0.00169564
4.94718552	0.00215550
4.95910645	0.00440596
4.97102737	0.00709272
4.98294830	0.00841675
4.99486923	0.00975059
5.00679016	0.00975247
5.01871109	0.00832993
5.03063202	0.00677035
5.04255295	0.00407944
5.05447388	0.00217070
5.06639481	0.00183511
5.07831573	0.00187386
5.09023666	0.00148777
5.10215759	0.00141985
5.11407852	0.00150683
5.12599945	0.00136053
5.13792038	0.00089775
5.14984131	0.00060711
5.16176224	0.00087690
5.17368317	0.00109476
5.18560410	0.00121801
5.19752502	0.00124149
5.20944595	0.00149552
5.22136688	0.00161032
5.23328781	0.00176760
5.24520874	0.00168971
5.25712967	0.00178494
5.26905060	0.00233263
5.28097153	0.00239046
5.29289246	0.01542079
5.30481339	0.07691380
5.31673431	0.14731330
5.32865524	0.16596800
5.34057617	0.16536810
5.35249710	0.13703030
5.36441803	0.06186317
5.37633896	0.01030252
5.38825989	0.00296513
5.40018082	0.00274929
5.41210175	0.00207103
5.42402267	0.00144412
5.43594360	0.00137905
5.44786453	0.00166463
5.45978546	0.00159228
5.47170639	0.00143742
5.48362732	0.00131748
5.49554825	0.00104656
5.50746918	0.00069739
5.51939011	0.00052659
5.53131104	0.00048923
5.54323196	0.00068549
5.55515289	0.00089843
5.56707382	0.00126437
5.57899475	0.00184701
5.59091568	0.00233919
5.60283661	0.00269095
5.61475754	0.00340040
5.62667847	0.00510174
5.63859940	0.00713370
5.65052032	0.00869712
5.66244125	0.01054083
5.67436218	0.01072318
5.68628311	0.00959846
5.69820404	0.00772411
5.71012497	0.00455955
5.72204590	0.00243039
5.73396683	0.00171538
5.74588776	0.00155524
5.75780869	0.00115678
5.76972961	0.00108936
5.78165054	0.00128244
5.79357147	0.00120612
5.80549240	0.00103680
5.81741333	0.00094546
5.82933426	0.00087613
5.84125519	0.00090660
5.85317612	0.00110464
5.86509705	0.00133502
5.87701797	0.00142418
5.88893890	0.00109769
5.90085983	0.00088670
5.91278076	0.00095754
5.92470169	0.00146673
5.93662262	0.00178754
5.94854355	0.00114120
5.96046448	0.01550396
5.97238541	0.07072448
5.98430634	0.12814760
5.99622726	0.14143770
6.00814819	0.14082090
6.02006912	0.11353070
6.03199005	0.04876391
6.04391098	0.00809033
6.05583191	0.00220060
6.06775284	0.00162498
6.07967377	0.00092706
6.09159470	0.00077585
6.10351563	0.00084866
6.11543655	0.00115157
6.12735748	0.00123463
6.13927841	0.00115161
6.15119934	0.00080120
6.16312027	0.00080236
6.17504120	0.00101461
6.18696213	0.00115107
6.19888306	0.00131178
6.21080399	0.00152500
6.22272491	0.00148330
6.23464584	0.00137659
6.24656677	0.00168601
6.25848770	0.00191055
6.27040863	0.00216133
6.28232956	0.00272962
6.29425049	0.00374604
6.30617142	0.00496310
6.31809235	0.00630377
6.33001328	0.00886773
6.34193420	0.00950480
6.35385513	0.00893118
6.36577606	0.00716716
6.37769699	0.00379845
6.38961792	0.00215418
6.40153885	0.00210629
6.41345978	0.00208513
6.42538071	0.00177052
6.43730164	0.00122914
6.44922256	0.00091865
6.46114349	0.00111581
6.47306442	0.00134797
6.48498535	0.00152391
6.49690628	0.00175568
6.50882721	0.00170419
6.52074814	0.00148252
6.53266907	0.00143258
6.54459000	0.00168526
6.55651093	0.00174488
6.56843185	0.00143775
6.58035278	0.00131133
6.59227371	0.00180611
6.60419464	0.00225731
6.61611557	0.00121783
6.62803650	0.01372524
6.63995743	0.06118063
6.65187836	0.10597490
6.66379929	0.11471580
6.67572021	0.11364440
6.68764114	0.08827737
6.69956207	0.03491926
6.71148300	0.00483217
6.72340393	0.00186958
6.73532486	0.00145356
6.74724579	0.00144654
6.75916672	0.00143093
6.77108765	0.00100992
6.78300858	0.00096016
6.79492950	0.00075310
6.80685043	0.00044484
6.81877136	0.00055677
6.83069229	0.00058561
6.84261322	0.00017599
6.85453415	0.00053624
6.86645508	0.00074020
6.87837601	0.00108188
6.89029694	0.00122869
6.90221786	0.00094172
6.91413879	0.00081771
6.92605972	0.00116053
6.93798065	0.00201685
6.94990158	0.00293321
6.96182251	0.00339772
6.97374344	0.00374823
6.98566437	0.00531027
6.99758530	0.00814458
7.00950623	0.00869306
7.02142715	0.00834065
7.03334808	0.00632670
7.04526901	0.00271974
7.05718994	0.00161826
7.06911087	0.00208437
7.08103180	0.00219409
7.09295273	0.00190103
7.10487366	0.00155096
7.11679459	0.00150480
7.12871552	0.00152963
7.14063644	0.00145320
7.15255737	0.00138673
7.16447830	0.00147444
7.17639923	0.00150553
7.18832016	0.00131306
7.20024109	0.00127463
7.21216202	0.00156765
7.22408295	0.00174545
7.23600388	0.00152033
7.24792480	0.00140637
7.25984573	0.00155256
7.27176666	0.00205604
7.28368759	0.00160977
7.29560852	0.01141188
7.30752945	0.04986950
7.31945038	0.08274489
7.33137131	0.08793288
7.34329224	0.08673344
7.35521317	0.06500345
7.36713409	0.02368357
7.37905502	0.00346466
7.39097595	0.00219572
7.40289688	0.00172638
7.41481781	0.00172137
7.42673874	0.00163947
7.43865967	0.00125692
7.45058060	0.00115219
7.46250153	0.00149275
7.47442245	0.00167474
7.48634338	0.00145161
7.49826431	0.00129721
7.51018524	0.00115273
7.52210617	0.00115449
7.53402710	0.00116246
7.54594803	0.00111456
7.55786896	0.00128101
7.56978989	0.00113928
7.58171082	0.00086031
7.59363174	0.00115153
7.60555267	0.00221219
7.61747360	0.00281757
7.62939453	0.00253255
7.64131546	0.00230015
7.65323639	0.00435880
7.66515732	0.00748740
7.67707825	0.00844067
7.68899918	0.00876816
7.70092010	0.00734019
7.71284103	0.00427149
7.72476196	0.00282686
7.73668289	0.00257398
7.74860382	0.00224459
7.76052475	0.00177450
7.77244568	0.00164380
7.78436661	0.00181339
7.79628754	0.00175922
7.80820847	0.00144842
7.82012939	0.00124315
7.83205032	0.00130280
7.84397125	0.00131168
7.85589218	0.00099407
7.86781311	0.00068964
7.87973404	0.00074296
7.89165497	0.00072364
7.90357590	0.00078402
7.91549683	0.00120566
7.92741776	0.00184138
7.93933868	0.00251873
7.95125961	0.00255776
7.96318054	0.00840631
7.97510147	0.03731946
7.98702240	0.05984448
7.99894333	0.06304891
8.01086426	0.06233525
8.02278519	0.04538092
8.03470612	0.01576003
8.04662704	0.00319264
8.05854797	0.00214474
8.07046890	0.00189744
8.08238983	0.00221553
8.09431076	0.00193865
8.10623169	0.00123600
8.11815262	0.00088421
8.13007355	0.00097608
8.14199448	0.00125801
8.15391541	0.00145739
8.16583633	0.00177685
8.17775726	0.00203981
8.18967819	0.00188380
8.20159912	0.00150947
8.21352005	0.00130738
8.22544098	0.00147126
8.23736191	0.00182260
8.24928284	0.00171638
8.26120377	0.00193389
8.27312469	0.00295552
8.28504562	0.00350438
8.29696655	0.00315372
8.30888748	0.00153842
8.32080841	0.00268628
8.33272934	0.00598442
8.34465027	0.00673799
8.35657120	0.00712367
8.36849213	0.00596824
8.38041306	0.00356830
8.39233398	0.00265128
8.40425491	0.00234436
8.41617584	0.00180894
8.42809677	0.00100008
8.44001770	0.00068374
8.45193863	0.00074280
8.46385956	0.00098916
8.47578049	0.00098473
8.48770142	0.00053772
8.49962234	0.00066283
8.51154327	0.00141555
8.52346420	0.00217344
8.53538513	0.00237444
8.54730606	0.00224745
8.55922699	0.00208732
8.57114792	0.00154706
8.58306885	0.00147951
8.59498978	0.00194405
8.60691071	0.00252262
8.61883163	0.00333110
8.63075256	0.00578339
8.64267349	0.02436082
8.65459442	0.03751477
8.66651535	0.03881426
8.67843628	0.03825059
8.69035721	0.02646225
8.70227814	0.00829466
8.71419907	0.00386900
8.72612000	0.00285541
8.73804092	0.00215790
8.74996185	0.00223426
8.76188278	0.00216407
8.77380371	0.00185016
8.78572464	0.00191806
8.79764557	0.00214234
8.80956650	0.00233086
8.82148743	0.00235815
8.83340836	0.00209562
8.84532928	0.00177682
8.85725021	0.00137837
8.86917114	0.00088799
8.88109207	0.00101772
8.89301300	0.00145165
8.90493393	0.00172048
8.91685486	0.00173149
8.92877579	0.00193001
8.94069672	0.00277647
8.95261765	0.00318179
8.96453857	0.00307081
8.97645950	0.00223231
8.98838043	0.00243398
9.00030136	0.00484454
9.01222229	0.00468681
9.02414322	0.00470656
9.03606415	0.00359689
9.04798508	0.00213903
9.05990601	0.00189012
9.07182693	0.00142589
9.08374786	0.00116194
9.09566879	0.00135205
9.10758972	0.00154060
9.11951065	0.00156393
9.13143158	0.00164837
9.14335251	0.00137145
9.15527344	0.00081343
9.16719437	0.00054053
9.17911530	0.00050621
9.19103622	0.00077829
9.20295715	0.00120334
9.21487808	0.00140838
9.22679901	0.00152784
9.23871994	0.00151217
9.25064087	0.00142698
9.26256180	0.00138351
9.27448273	0.00178536
9.28640366	0.00243114
9.29832458	0.00305654
9.31024551	0.01157827
9.32216644	0.01691067
9.33408737	0.01705936
9.34600830	0.01683146
9.35792923	0.01090050
9.36985016	0.00395653
9.38177109	0.00361429
9.39369202	0.00233317
9.40561295	0.00169543
9.41753387	0.00152204
9.42945480	0.00104356
9.44137573	0.00066893
9.45329666	0.00089805
9.46521759	0.00127913
9.47713852	0.00163279
9.48905945	0.00164400
9.50098038	0.00144066
9.51290131	0.00129274
9.52482224	0.00106288
9.53674316	0.00074860
9.54866409	0.00061060
9.56058502	0.00071468
9.57250595	0.00087545
9.58442688	0.00099430
9.59634781	0.00168275
9.60826874	0.00271010
9.62018967	0.00320998
9.63211060	0.00397977
9.64403152	0.00376416
9.65595245	0.00402328
9.66787338	0.00533792
9.67979431	0.00426806
9.69171524	0.00443739
9.70363617	0.00396295
9.71555710	0.00314436
9.72747803	0.00248693
9.73939896	0.00156120
9.75131989	0.00113881
9.76324081	0.00132606
9.77516174	0.00139116
9.78708267	0.00135847
9.79900360	0.00146586
9.81092453	0.00146767
9.82284546	0.00123466
9.83476639	0.00103794
9.84668732	0.00119261
9.85860825	0.00163714
9.87052917	0.00197524
9.88245010	0.00203310
9.89437103	0.00204241
9.90629196	0.00232837
9.91821289	0.00232200
9.93013382	0.00201077
9.94205475	0.00242642
9.95397568	0.00368634
9.96589661	0.00438285
9.97781754	0.00434970
9.98973846	0.00386516
10.00165939	0.00309794
10.01358032	0.00367763
10.02550125	0.00391612
10.03742218	0.00383878
10.04934311	0.00258211
10.06126404	0.00099472
10.07318497	0.00063806
10.08510590	0.00101572
10.09702682	0.00136365
10.10894775	0.00138874
10.12086868	0.00134982
10.13278961	0.00119979
10.14471054	0.00091465
10.15663147	0.00080558
10.16855240	0.00091929
10.18047333	0.00112849
10.19239426	0.00117959
10.20431519	0.00133486
10.21623611	0.00176831
10.22815704	0.00234746
10.24007797	0.00266697
10.25199890	0.00249354
10.26391983	0.00250611
10.27584076	0.00293819
10.28776169	0.00366071
10.29968262	0.00606382
10.31160355	0.00656395
10.32352448	0.00582707
10.33544540	0.00552622
10.34736633	0.00312543
10.35928726	0.00398514
10.37120819	0.00380586
10.38312912	0.00281455
10.39505005	0.00225235
10.40697098	0.00167513
10.41889191	0.00182917
10.43081284	0.00209287
10.44273376	0.00176527
10.45465469	0.00138454
10.46657562	0.00137486
10.47849655	0.00144525
10.49041748	0.00130933
10.50233841	0.00127456
10.51425934	0.00156842
10.52618027	0.00184650
10.53810120	0.00178229
10.55002213	0.00162975
10.56194305	0.00132639
10.57386398	0.00096320
10.58578491	0.00101559
10.59770584	0.00111961
10.60962677	0.00197090
10.62154770	0.00377024
10.63346863	0.00764553
10.64538956	0.01512311
10.65731049	0.01943720
10.66923141	0.01965526
10.68115234	0.01842089
10.69307327	0.01223852
10.70499420	0.00558643
10.71691513	0.00264176
10.72883606	0.00183341
10.74075699	0.00185112
10.75267792	0.00194048
10.76459885	0.00190325
10.77651978	0.00169315
10.78844070	0.00131491
10.80036163	0.00099103
10.81228256	0.00095369
10.82420349	0.00109389
10.83612442	0.00127518
10.84804535	0.00142598
10.85996628	0.00155559
10.87188721	0.00148533
10.88380814	0.00142769
10.89572906	0.00158502
10.90764999	0.00162166
10.91957092	0.00168575
10.93149185	0.00183886
10.94341278	0.00212043
10.95533371	0.00273335
10.96725464	0.00567638
10.97917557	0.00671290
10.99109650	0.00621968
11.00301743	0.00560844
11.01493835	0.00223069
11.02685928	0.00216433
11.03878021	0.00264979
11.05070114	0.00263876
11.06262207	0.00199853
11.07454300	0.00113097
11.08646393	0.00082143
11.09838486	0.00074110
11.11030579	0.00059858
11.12222672	0.00049045
11.13414764	0.00056071
11.14606857	0.00072481
11.15798950	0.00077093
11.16991043	0.00056094
11.18183136	0.00045478
11.19375229	0.00070929
11.20567322	0.00115619
11.21759415	0.00141342
11.22951508	0.00179100
11.24143600	0.00214701
11.25335693	0.00182630
11.26527786	0.00110708
11.27719879	0.00153202
11.28911972	0.00449301
11.30104065	0.01283008
11.31296158	0.02735928
11.32488251	0.03461701
11.33680344	0.03499287
11.34872437	0.03197979
11.36064529	0.01931874
11.37256622	0.00673775
11.38448715	0.00254227
11.39640808	0.00202367
11.40832901	0.00175912
11.42024994	0.00159898
11.43217087	0.00159461
11.44409180	0.00146162
11.45601273	0.00134693
11.46793365	0.00140631
11.47985458	0.00133608
11.49177551	0.00100722
11.50369644	0.00081798
11.51561737	0.00112693
11.52753830	0.00150793
11.53945923	0.00149491
11.55138016	0.00143731
11.56330109	0.00166290
11.57522202	0.00212087
11.58714294	0.00238199
11.59906387	0.00235176
11.61098480	0.00234659
11.62290573	0.00353134
11.63482666	0.00747637
11.64674759	0.00898013
11.65866852	0.00856360
11.67058945	0.00716224
11.68251038	0.00255374
11.69443130	0.00223610
11.70635223	0.00333620
11.71827316	0.00354212
11.73019409	0.00296410
11.74211502	0.00213233
11.75403595	0.00163278
11.76595688	0.00113904
11.77787781	0.00048228
11.78979874	0.00034764
11.80171967	0.00048004
11.81364059	0.00060028
11.82556152	0.00051348
11.83748245	0.00063808
11.84940338	0.00094228
11.86132431	0.00116424
11.87324524	0.00095746
11.88516617	0.00051696
11.89708710	0.00048471
11.90900803	0.00105727
11.92092896	0.00141106
11.93284988	0.00153600
11.94477081	0.00238686
11.95669174	0.00514240
11.96861267	0.01702452
11.98053360	0.03681513
11.99245453	0.04547210
12.00437546	0.04587765
12.01629639	0.04152405
12.02821732	0.02385421
12.04013824	0.00742835
12.05205917	0.00250880
12.06398010	0.00187123
12.07590103	0.00145376
12.08782196	0.00119843
12.09974289	0.00148632
12.11166382	0.00174094
12.12358475	0.00161053
12.13550568	0.00155096
12.14742661	0.00150410
12.15934753	0.00111140
12.17126846	0.00070349
12.18318939	0.00093182
12.19511032	0.00170839
12.20703125	0.00230537
12.21895218	0.00219755
12.23087311	0.00194192
12.24279404	0.00187336
12.25471497	0.00211985
12.26663589	0.00244364
12.27855682	0.00290246
12.29047775	0.00543570
12.30239868	0.00949331
12.31431961	0.01082249
12.32624054	0.01061353
12.33816147	0.00900084
12.35008240	0.00416743
12.36200333	0.00209504
12.37392426	0.00267624
12.38584518	0.00265498
12.39776611	0.00192922
12.40968704	0.00163776
12.42160797	0.00190574
12.43352890	0.00216521
12.44544983	0.00207307
12.45737076	0.00183228
12.46929169	0.00184166
12.48121262	0.00198506
12.49313354	0.00183497
12.50505447	0.00144190
12.51697540	0.00099835
12.52889633	0.00082791
12.54081726	0.00106023
12.55273819	0.00128645
12.56465912	0.00161049
12.57658005	0.00209717
12.58850098	0.00227164
12.60042191	0.00229456
12.61234283	0.00314437
12.62426376	0.00634232
12.63618469	0.02188500
12.64810562	0.04540531
12.66002655	0.05447845
12.67194748	0.05468849
12.68386841	0.04824881
12.69578934	0.02611061
12.70771027	0.00726651
12.71963120	0.00226866
12.73155212	0.00196714
12.74347305	0.00166805
12.75539398	0.00156509
12.76731491	0.00164438
12.77923584	0.00127025
12.79115677	0.00073581
12.80307770	0.00057300
12.81499863	0.00092853
12.82691956	0.00120287
12.83884048	0.00095946
12.85076141	0.00054449
12.86268234	0.00056925
12.87460327	0.00091126
12.88652420	0.00115929
12.89844513	0.00147291
12.91036606	0.00201608
12.92228699	0.00232396
12.93420792	0.00204896
12.94612885	0.00212349
12.95804977	0.00481162
12.96997070	0.00891766
12.98189163	0.01025600
12.99381256	0.01025937
13.00573349	0.00875957
13.01765442	0.00450240
13.02957535	0.00298328
13.04149628	0.00288464
13.05341721	0.00248761
13.06533813	0.00231116
13.07725906	0.00242118
13.08917999	0.00240526
13.10110092	0.00236079
13.11302185	0.00186780
13.12494278	0.00133260
13.13686371	0.00133431
13.14878464	0.00138467
13.16070557	0.00142221
13.17262650	0.00160085
13.18454742	0.00181660
13.19646835	0.00219357
13.20838928	0.00220910
13.22031021	0.00185308
13.23223114	0.00176659
13.24415207	0.00172326
13.25607300	0.00190276
13.26799393	0.00246923
13.27991486	0.00333414
13.29183578	0.00690087
13.30375671	0.02550750
13.31567764	0.05074803
13.32759857	0.05892675
13.33951950	0.05886677
13.35144043	0.05090426
13.36336136	0.02593887
13.37528229	0.00651230
13.38720322	0.00237637
13.39912415	0.00207382
13.41104507	0.00131662
13.42296600	0.00089839
13.43488693	0.00131849
13.44680786	0.00174999
13.45872879	0.00160684
13.47064972	0.00132186
13.48257065	0.00108716
13.49449158	0.00101635
13.50641251	0.00100614
13.51833344	0.00105335
13.53025436	0.00118978
13.54217529	0.00126043
13.55409622	0.00115704
13.56601715	0.00107401
13.57793808	0.00128111
13.58985901	0.00175434
13.60177994	0.00203160
13.61370087	0.00290202
13.62562180	0.00626464
13.63754272	0.01033656
13.64946365	0.01171981
13.66138458	0.01168805
13.67330551	0.00975400
13.68522644	0.00596852
13.69714737	0.00426670
13.70906830	0.00328967
13.72098923	0.00275147
13.73291016	0.00224689
13.74483109	0.00192574
13.75675201	0.00170381
13.76867294	0.00154074
13.78059387	0.00149977
13.79251480	0.00128070
13.80443573	0.00083382
13.81635666	0.00073337
13.82827759	0.00093447
13.84019852	0.00121776
13.85211945	0.00148257
13.86404037	0.00161498
13.87596130	0.00175821
13.88788223	0.00189290
13.89980316	0.00184380
13.91172409	0.00195277
13.92364502	0.00236767
13.93556595	0.00285341
13.94748688	0.00334867
13.95940781	0.00655792
13.97132874	0.02788225
13.98324966	0.05402672
13.99517059	0.06134664
14.00709152	0.06103523
14.01901245	0.05107372
14.03093338	0.02394816
14.04285431	0.00486004
14.05477524	0.00163303
14.06669617	0.00180216
14.07861710	0.00143911
14.09053802	0.00104185
14.10245895	0.00079273
14.11437988	0.00077683
14.12630081	0.00091782
14.13822174	0.00109090
14.15014267	0.00136566
14.16206360	0.00168693
14.17398453	0.00165089
14.18590546	0.00151343
14.19782639	0.00145622
14.20974731	0.00128110
14.22166824	0.00083347
14.23358917	0.00056270
14.24551010	0.00083071
14.25743103	0.00139675
14.26935196	0.00154308
14.28127289	0.00230757
14.29319382	0.00547284
14.30511475	0.00906423
14.31703568	0.01046690
14.32895660	0.01110994
14.34087753	0.01000072
14.35279846	0.00734959
14.36471939	0.00556030
14.37664032	0.00360219
14.38856125	0.00211665
14.40048218	0.00156552
14.41240311	0.00154145
14.42432404	0.00142365
14.43624496	0.00153507
14.44816589	0.00183166
14.46008682	0.00167463
14.47200775	0.00114744
14.48392868	0.00093995
14.49584961	0.00097112
14.50777054	0.00096323
14.51969147	0.00095371
14.53161240	0.00109294
14.54353333	0.00086743
14.55545425	0.00067231
14.56737518	0.00082916
14.57929611	0.00123899
14.59121704	0.00200648
14.60313797	0.00273648
14.61505890	0.00308746
14.62697983	0.00628036
14.63890076	0.02856709
14.65082169	0.05344534
14.66274261	0.05960309
14.67466354	0.05943817
14.68658447	0.04854092
14.69850540	0.02169745
14.71042633	0.00451815
14.72234726	0.00248629
14.73426819	0.00240594
14.74618912	0.00197202
14.75811005	0.00154335
14.77003098	0.00135837
14.78195190	0.00127965
14.79387283	0.00108331
14.80579376	0.00119722
14.81771469	0.00125123
14.82963562	0.00138620
14.84155655	0.00170295
14.85347748	0.00197332
14.86539841	0.00207949
14.87731934	0.00188664
14.88924026	0.00126754
14.90116119	0.00085815
14.91308212	0.00150515
14.92500305	0.00234360
14.93692398	0.00273978
14.94884491	0.00353650
14.96076584	0.00608784
14.97268677	0.00898496
14.98460770	0.01039824
14.99652863	0.01149205
15.00844955	0.01060982
15.02037048	0.00855237
15.03229141	0.00663121
15.04421234	0.00382473
15.05613327	0.00192033
15.06805420	0.00166145
15.07997513	0.00181953
15.09189606	0.00168974
15.10381699	0.00160385
15.11573792	0.00152154
15.12765884	0.00143233
15.13957977	0.00125088
15.15150070	0.00117276
15.16342163	0.00098838
15.17534256	0.00051519
15.18726349	0.00094156
15.19918442	0.00134131
15.21110535	0.00180720
15.22302628	0.00193786
15.23494720	0.00145967
15.24686813	0.00102365
15.25878906	0.00134675
15.27070999	0.00232314
15.28263092	0.00255715
15.29455185	0.00594960
15.30647278	0.02909279
15.31839371	0.05218143
15.33031464	0.05710979
15.34223557	0.05683597
15.35415649	0.04501872
15.36607742	0.01890283
15.37799835	0.00406807
15.38991928	0.00236684
15.40184021	0.00189664
15.41376114	0.00106764
15.42568207	0.00073477
15.43760300	0.00092480
15.44952393	0.00123161
15.46144485	0.00118894
15.47336578	0.00095955
15.48528671	0.00070515
15.49720764	0.00059572
15.50912857	0.00077993
15.52104950	0.00099675
15.53297043	0.00138483
15.54489136	0.00169967
15.55681229	0.00165340
15.56873322	0.00163722
15.58065414	0.00198467
15.59257507	0.00210786
15.60449600	0.00182852
15.61641693	0.00252190
15.62833786	0.00481702
15.64025879	0.00731227
15.65217972	0.00905138
15.66410065	0.01068852
15.67602158	0.01018443
15.68794250	0.00866845
15.69986343	0.00651872
15.71178436	0.00352713
15.72370529	0.00219074
15.73562622	0.00236215
15.74754715	0.00225521
15.75946808	0.00162798
15.77138901	0.00124700
15.78330994	0.00114335
15.79523087	0.00084565
15.80715179	0.00057802
15.81907272	0.00057387
15.83099365	0.00044497
15.84291458	0.00040246
15.85483551	0.00064162
15.86675644	0.00094877
15.87867737	0.00149924
15.89059830	0.00188538
15.90251923	0.00171864
15.91444016	0.00159804
15.92636108	0.00186093
15.93828201	0.00186163
15.95020294	0.00114689
15.96212387	0.00666461
15.97404480	0.02906241
15.98596573	0.04869680
15.99788666	0.05203031
16.00980759	0.05142841
16.02172852	0.03924194
16.03364944	0.01537940
16.04557037	0.00344668
16.05749130	0.00236127
16.06941223	0.00204784
16.08133316	0.00168760
16.09325409	0.00142931
16.10517502	0.00127929
16.11709595	0.00116458
16.12901688	0.00104247
16.14093781	0.00110325
16.15285873	0.00117490
16.16477966	0.00134952
16.17670059	0.00147279
16.18862152	0.00155625
16.20054245	0.00174313
16.21246338	0.00191836
16.22438431	0.00183547
16.23630524	0.00178858
16.24822617	0.00194635
16.26014709	0.00227306
16.27206802	0.00283647
16.28398895	0.00360440
16.29590988	0.00489275
16.30783081	0.00632272
16.31975174	0.00754782
16.33167267	0.00903583
16.34359360	0.00861960
16.35551453	0.00751635
16.36743546	0.00560206
16.37935638	0.00275196
16.39127731	0.00149525
16.40319824	0.00160307
16.41511917	0.00158679
16.42704010	0.00108925
16.43896103	0.00067080
16.45088196	0.00040136
16.46280289	0.00015377
16.47472382	0.00050945
16.48664474	0.00064390
16.49856567	0.00078045
16.51048660	0.00070612
16.52240753	0.00050670
16.53432846	0.00056632
16.54624939	0.00097336
16.55817032	0.00148194
16.57009125	0.00163601
16.58201218	0.00180547
16.59393311	0.00236809
16.60585403	0.00281246
16.61777496	0.00227660
16.62969589	0.00502702
16.64161682	0.02543969
16.65353775	0.04197709
16.66545868	0.04450853
16.67737961	0.04413231
16.68930054	0.03252188
16.70122147	0.01178994
16.71314240	0.00318043
16.72506332	0.00219921
16.73698425	0.00166900
16.74890518	0.00133479
16.76082611	0.00148323
16.77274704	0.00159576
16.78466797	0.00177509
16.79658890	0.00174178
16.80850983	0.00125720
16.82043076	0.00083214
16.83235168	0.00042847
16.84427261	0.00034621
16.85619354	0.00108028
16.86811447	0.00149891
16.88003540	0.00173235
16.89195633	0.00188321
16.90387726	0.00191556
16.91579819	0.00188611
16.92771912	0.00215486
16.93964005	0.00314529
16.95156097	0.00401576
16.96348190	0.00453901
16.97540283	0.00500188
16.98732376	0.00629606
16.99924469	0.00828392
17.01116562	0.00821693
17.02308655	0.00767832
17.03500748	0.00591552
17.04692841	0.00324977
17.05884933	0.00231375
17.07077026	0.00235988
17.08269119	0.00226019
17.09461212	0.00166850
17.10653305	0.00108492
17.11845398	0.00089027
17.13037491	0.00076938
17.14229584	0.00072252
17.15421677	0.00076161
17.16613770	0.00084705
17.17805862	0.00071561
17.18997955	0.00050503
17.20190048	0.00076618
17.21382141	0.00142166
17.22574234	0.00207947
17.23766327	0.00225658
17.24958420	0.00232185
17.26150513	0.00279797
17.27342606	0.00290353
17.28534698	0.00182682
17.29726791	0.00512085
17.30918884	0.02251157
17.32110977	0.03529181
17.33303070	0.03688040
17.34495163	0.03624164
17.35687256	0.02571712
17.36879349	0.00897563
17.38071442	0.00335295
17.39263535	0.00235786
17.40455627	0.00179665
17.41647720	0.00160047
17.42839813	0.00134746
17.44031906	0.00113056
17.45223999	0.00138031
17.46416092	0.00172695
17.47608185	0.00192222
17.48800278	0.00186846
17.49992371	0.00184361
17.51184464	0.00204899
17.52376556	0.00200280
17.53568649	0.00169904
17.54760742	0.00164303
17.55952835	0.00164565
17.57144928	0.00131272
17.58337021	0.00097613
17.59529114	0.00111852
17.60721207	0.00202442
17.61913300	0.00251026
17.63105392	0.00218839
17.64297485	0.00184743
17.65489578	0.00456232
17.66681671	0.00746526
17.67873764	0.00808554
17.69065857	0.00803507
17.70257950	0.00606249
17.71450043	0.00335272
17.72642136	0.00244937
17.73834229	0.00240762
17.75026321	0.00230886
17.76218414	0.00189468
17.77410507	0.00173936
17.78602600	0.00180413
17.79794693	0.00155742
17.80986786	0.00119901
17.82178879	0.00085723
17.83370972	0.00075605
17.84563065	0.00080165
17.85755157	0.00077027
17.86947250	0.00079043
17.88139343	0.00114930
17.89331436	0.00125184
17.90523529	0.00088995
17.91715622	0.00104484
17.92907715	0.00178090
17.94099808	0.00212626
17.95291901	0.00178481
17.96483994	0.00443964
17.97676086	0.01786749
17.98868179	0.02626122
18.00060272	0.02671599
18.01252365	0.02608623
18.02444458	0.01749345
18.03636551	0.00576794
18.04828644	0.00387656
18.06020737	0.00300540
18.07212830	0.00257399
18.08404922	0.00240091
18.09597015	0.00179704
18.10789108	0.00121922
18.11981201	0.00114650
18.13173294	0.00131735
18.14365387	0.00121333
18.15557480	0.00095220
18.16749573	0.00100906
18.17941666	0.00131424
18.19133759	0.00163915
18.20325851	0.00170017
18.21517944	0.00180033
18.22710037	0.00217906
18.23902130	0.00211098
18.25094223	0.00165466
18.26286316	0.00179911
18.27478409	0.00276473
18.28670502	0.00328708
18.29862595	0.00297980
18.31054688	0.00132146
18.32246780	0.00332655
18.33438873	0.00595193
18.34630966	0.00652837
18.35823059	0.00693950
18.37015152	0.00536024
18.38207245	0.00293812
18.39399338	0.00191178
18.40591431	0.00155204
18.41783524	0.00150965
18.42975616	0.00197332
18.44167709	0.00235595
18.45359802	0.00249185
18.46551895	0.00245438
18.47743988	0.00221321
18.48936081	0.00181097
18.50128174	0.00169712
18.51320267	0.00178968
18.52512360	0.00172066
18.53704453	0.00177172
18.54896545	0.00192260
18.56088638	0.00173570
18.57280731	0.00130212
18.58472824	0.00110538
18.59664917	0.00108694
18.60857010	0.00159210
18.62049103	0.00297987
18.63241196	0.00423137
18.64433289	0.01214405
18.65625381	0.01716572
18.66817474	0.01752960
18.68009567	0.01732418
18.69201660	0.01136554
18.70393753	0.00399472
18.71585846	0.00262218
18.72777939	0.00179694
18.73970032	0.00166470
18.75162125	0.00181899
18.76354218	0.00157699
18.77546310	0.00116044
18.78738403	0.00102022
18.79930496	0.00101848
18.81122589	0.00089087
18.82314682	0.00080718
18.83506775	0.00108225
18.84698868	0.00151406
18.85890961	0.00173675
18.87083054	0.00167081
18.88275146	0.00159087
18.89467239	0.00172378
18.90659332	0.00162370
18.91851425	0.00126663
18.93043518	0.00152104
18.94235611	0.00254848
18.95427704	0.00315871
18.96619797	0.00357096
18.97811890	0.00245715
18.99003983	0.00237666
19.00196075	0.00483337
19.01388168	0.00542844
19.02580261	0.00615864
19.03772354	0.00471528
19.04964447	0.00220689
19.06156540	0.00111056
19.07348633	0.00084403
19.08540726	0.00118179
19.09732819	0.00152387
19.10924911	0.00131524
19.12117004	0.00104228
19.13309097	0.00110650
19.14501190	0.00127321
19.15693283	0.00122042
19.16885376	0.00135058
19.18077469	0.00140195
19.19269562	0.00098959
19.20461655	0.00062506
19.21653748	0.00086474
19.22845840	0.00143156
19.24037933	0.00198817
19.25230026	0.00219085
19.26422119	0.00219651
19.27614212	0.00295979
19.28806305	0.00451187
19.29998398	0.00450249
19.31190491	0.00581616
19.32382584	0.00685145
19.33574677	0.00645338
19.34766769	0.00745544
19.35958862	0.00567403
19.37150955	0.00380805
19.38343048	0.00256082
19.39535141	0.00112771
19.40727234	0.00134580
19.41919327	0.00210072
19.43111420	0.00221770
19.44303513	0.00195760
19.45495605	0.00188112
19.46687698	0.00185465
19.47879791	0.00170833
19.49071884	0.00137815
19.50263977	0.00104831
19.51456070	0.00061115
19.52648163	0.00026888
19.53840256	0.00053508
19.55032349	0.00075297
19.56224442	0.00129109
19.57416534	0.00163053
19.58608627	0.00170378
19.59800720	0.00214406
19.60992813	0.00292771
19.62184906	0.00336938
19.63376999	0.00529025
19.64569092	0.00572060
19.65761185	0.00525632
19.66953278	0.00545063
19.68145370	0.00359142
19.69337463	0.00370219
19.70529556	0.00303497
19.71721649	0.00246218
19.72913742	0.00227787
19.74105835	0.00199830
19.75297928	0.00205624
19.76490021	0.00208344
19.77682114	0.00174576
19.78874207	0.00127738
19.80066299	0.00108967
19.81258392	0.00106934
19.82450485	0.00110233
19.83642578	0.00101241
19.84834671	0.00098827
19.86026764	0.00116674
19.87218857	0.00108485
19.88410950	0.00107662
19.89603043	0.00122253
19.90795135	0.00136854
19.91987228	0.00159383
19.93179321	0.00174049
19.94371414	0.00265413
19.95563507	0.00425178
19.96755600	0.00472374
19.97947693	0.00441445
19.99139786	0.00389441
20.00331879	0.00281446
20.01523972	0.00354320
20.02716064	0.00403585
20.03908157	0.00404168
20.05100250	0.00294768
20.06292343	0.00169420
20.07484436	0.00121574
20.08676529	0.00098665
20.09868622	0.00051075
20.11060715	0.00052723
20.12252808	0.00085505
20.13444901	0.00122414
20.14636993	0.00149888
20.15829086	0.00122715
20.17021179	0.00098548
20.18213272	0.00119429
20.19405365	0.00131325
20.20597458	0.00140135
20.21789551	0.00131210
20.22981644	0.00115323
20.24173737	0.00119106
20.25365829	0.00166724
20.26557922	0.00251628
20.27750015	0.00380380
20.28942108	0.00467446
20.30134201	0.00640170
20.31326294	0.00677420
20.32518387	0.00639977
20.33710480	0.00610309
20.34902573	0.00295999
20.36094666	0.00270034
20.37286758	0.00289563
20.38478851	0.00246316
20.39670944	0.00170399
20.40863037	0.00105608
20.42055130	0.00088438
20.43247223	0.00115374
20.44439316	0.00121781
20.45631409	0.00109776
20.46823502	0.00087296
20.48015594	0.00066259
20.49207687	0.00063263
20.50399780	0.00078595
20.51591873	0.00079533
20.52783966	0.00085403
20.53976059	0.00083659
20.55168152	0.00090606
20.56360245	0.00143941
20.57552338	0.00209264
20.58744431	0.00241947
20.59936523	0.00238460
20.61128616	0.00299642
20.62320709	0.00486532
20.63512802	0.00707135
20.64704895	0.01028204
20.65896988	0.01189194
20.67089081	0.01180875
20.68281174	0.01084774
20.69473267	0.00740181
20.70665359	0.00424659
20.71857452	0.00252460
20.73049545	0.00198173
20.74241638	0.00187570
20.75433731	0.00198018
20.76625824	0.00168034
20.77817917	0.00105057
20.79010010	0.00073572
20.80202103	0.00073054
20.81394196	0.00099922
20.82586288	0.00127502
20.83778381	0.00154040
20.84970474	0.00192083
20.86162567	0.00220746
20.87354660	0.00210100
20.88546753	0.00188033
20.89738846	0.00179501
20.90930939	0.00159772
20.92123032	0.00138259
20.93315125	0.00149454
20.94507217	0.00214327
20.95699310	0.00446508
20.96891403	0.00832517
20.98083496	0.00908600
20.99275589	0.00845960
21.00467682	0.00730041
21.01659775	0.00290191
21.02851868	0.00118079
21.04043961	0.00190280
21.05236053	0.00256943
21.06428146	0.00254827
21.07620239	0.00213331
21.08812332	0.00207337
21.10004425	0.00215624
21.11196518	0.00214783
21.12388611	0.00232813
21.13580704	0.00258434
21.14772797	0.00258136
21.15964890	0.00224110
21.17156982	0.00187397
21.18349075	0.00177518
21.19541168	0.00182371
21.20733261	0.00187912
21.21925354	0.00201864
21.23117447	0.00259051
21.24309540	0.00317407
21.25501633	0.00313568
21.26693726	0.00282713
21.27885818	0.00320640
21.29077911	0.00506458
21.30270004	0.00970306
21.31462097	0.01687088
21.32654190	0.01985962
21.33846283	0.01974296
21.35038376	0.01759381
21.36230469	0.01073340
21.37422562	0.00489102
21.38614655	0.00249807
21.39806747	0.00214637
21.40998840	0.00213001
21.42190933	0.00230767
21.43383026	0.00271209
21.44575119	0.00275638
21.45767212	0.00248716
21.46959305	0.00210865
21.48151398	0.00145834
21.49343491	0.00078615
21.50535583	0.00048311
21.51727676	0.00070735
21.52919769	0.00108791
21.54111862	0.00120388
21.55303955	0.00141849
21.56496048	0.00178362
21.57688141	0.00191824
21.58880234	0.00213884
21.60072327	0.00215776
21.61264420	0.00244442
21.62456512	0.00449102
21.63648605	0.00878577
21.64840698	0.01020756
21.66032791	0.01009147
21.67224884	0.00845804
21.68416977	0.00310751
21.69609070	0.00167866
21.70801163	0.00293935
21.71993256	0.00309696
21.73185349	0.00231989
21.74377441	0.00164045
21.75569534	0.00175348
21.76761627	0.00182051
21.77953720	0.00149114
21.79145813	0.00110686
21.80337906	0.00096847
21.81529999	0.00113192
21.82722092	0.00096940
21.83914185	0.00067727
21.85106277	0.00065937
21.86298370	0.00051338
21.87490463	0.00042333
21.88682556	0.00079554
21.89874649	0.00125958
21.91066742	0.00185470
21.92258835	0.00216893
21.93450928	0.00248005
21.94643021	0.00376785
21.95835114	0.00627502
21.97027206	0.01271777
21.98219299	0.02252993
21.99411392	0.02593244
22.00603485	0.02540374
22.01795578	0.02187137
22.02987671	0.01193939
22.04179764	0.00430885
22.05371857	0.00230709
22.06563950	0.00201928
22.07756042	0.00179459
22.08948135	0.00160003
22.10140228	0.00148541
22.11332321	0.00115196
22.12524414	0.00087743
22.13716507	0.00080749
22.14908600	0.00086901
22.16100693	0.00103439
22.17292786	0.00095925
22.18484879	0.00096269
22.19676971	0.00112682
22.20869064	0.00137262
22.22061157	0.00160760
22.23253250	0.00189967
22.24445343	0.00223159
22.25637436	0.00250947
22.26829529	0.00243292
22.28021622	0.00232061
22.29213715	0.00528181
22.30405807	0.01011428
22.31597900	0.01163991
22.32789993	0.01167609
22.33982086	0.00953377
22.35174179	0.00405140
22.36366272	0.00262848
22.37558365	0.00326835
22.38750458	0.00313368
22.39942551	0.00213759
22.41134644	0.00147192
22.42326736	0.00122726
22.43518829	0.00097365
22.44710922	0.00077962
22.45903015	0.00086574
22.47095108	0.00117610
22.48287201	0.00130310
22.49479294	0.00110415
22.50671387	0.00091755
22.51863480	0.00073265
22.53055573	0.00096991
22.54247665	0.00139552
22.55439758	0.00164854
22.56631851	0.00200486
22.57823944	0.00210550
22.59016037	0.00186905
22.60208130	0.00232439
22.61400223	0.00361561
22.62592316	0.00599494
22.63784409	0.01481294
22.64976501	0.02724728
22.66168594	0.03114740
22.67360687	0.03085913
22.68552780	0.02620456
22.69744873	0.01366242
22.70936966	0.00466458
22.72129059	0.00268994
22.73321152	0.00249484
22.74513245	0.00194255
22.75705338	0.00147170
22.76897430	0.00127091
22.78089523	0.00108720
22.79281616	0.00092009
22.80473709	0.00096476
22.81665802	0.00106754
22.82857895	0.00095265
22.84049988	0.00064218
22.85242081	0.00044002
22.86434174	0.00027124
22.87626266	0.00083161
22.88818359	0.00120074
22.90010452	0.00140617
22.91202545	0.00195304
22.92394638	0.00240623
22.93586731	0.00237722
22.94778824	0.00321470
22.95970917	0.00701457
22.97163010	0.01135031
22.98355103	0.01249651
22.99547195	0.01233842
23.00739288	0.01011541
23.01931381	0.00530758
23.03123474	0.00338507
23.04315567	0.00318962
23.05507660	0.00288062
23.06699753	0.00232906
23.07891846	0.00195235
23.09083939	0.00174209
23.10276031	0.00170278
23.11468124	0.00144490
23.12660217	0.00105605
23.13852310	0.00109705
23.15044403	0.00126646
23.16236496	0.00098579
23.17428589	0.00084406
23.18620682	0.00094323
23.19812775	0.00093943
23.21004868	0.00085568
23.22196960	0.00081527
23.23389053	0.00128638
23.24581146	0.00183844
23.25773239	0.00202391
23.26965332	0.00212606
23.28157425	0.00270718
23.29349518	0.00534323
23.30541611	0.01701150
23.31733704	0.03097787
23.32925797	0.03481455
23.34117889	0.03476926
23.35309982	0.02905208
23.36502075	0.01444222
23.37694168	0.00472866
23.38886261	0.00303720
23.40078354	0.00254316
23.41270447	0.00174156
23.42462540	0.00147828
23.43654633	0.00175415
23.44846725	0.00189749
23.46038818	0.00157852
23.47230911	0.00148408
23.48423004	0.00166923
23.49615097	0.00163042
23.50807190	0.00128750
23.51999283	0.00091610
23.53191376	0.00078109
23.54383469	0.00078755
23.55575562	0.00059853
23.56767654	0.00072604
23.57959747	0.00141684
23.59151840	0.00214148
23.60343933	0.00219105
23.61536026	0.00291803
23.62728119	0.00676369
23.63920212	0.01095968
23.65112305	0.01215872
23.66304398	0.01245527
23.67496490	0.01039362
23.68688583	0.00613473
23.69880676	0.00396466
23.71072769	0.00276200
23.72264862	0.00221737
23.73456955	0.00164258
23.74649048	0.00108110
23.75841141	0.00108112
23.77033234	0.00084558
23.78225327	0.00061500
23.79417419	0.00103716
23.80609512	0.00135278
23.81801605	0.00177872
23.82993698	0.00177509
23.84185791	0.00149099
23.85377884	0.00138683
23.86569977	0.00140713
23.87762070	0.00135159
23.88954163	0.00120876
23.90146255	0.00090803
23.91338348	0.00040981
23.92530441	0.00085406
23.93722534	0.00167079
23.94914627	0.00197555
23.96106720	0.00411867
23.97298813	0.01789207
23.98490906	0.03253638
23.99682999	0.03623427
24.00875092	0.03623234
24.02067184	0.02939073
24.03259277	0.01362195
24.04451370	0.00374198
24.05643463	0.00219687
24.06835556	0.00209063
24.08027649	0.00156940
24.09219742	0.00129254
24.10411835	0.00145329
24.11603928	0.00166003
24.12796021	0.00174985
24.13988113	0.00184746
24.15180206	0.00176923
24.16372299	0.00148328
24.17564392	0.00120887
24.18756485	0.00110157
24.19948578	0.00124729
24.21140671	0.00145639
24.22332764	0.00150550
24.23524857	0.00171683
24.24716949	0.00242716
24.25909042	0.00304219
24.27101135	0.00304278
24.28293228	0.00384420
24.29485321	0.00739307
24.30677414	0.01102176
24.31869507	0.01193502
24.33061600	0.01212513
24.34253693	0.00992467
24.35445786	0.00620483
24.36637878	0.00426968
24.37829971	0.00258946
24.39022064	0.00160893
24.40214157	0.00098649
24.41406250	0.00067991
24.42598343	0.00040571
24.43790436	0.00029604
24.44982529	0.00048296
24.46174622	0.00066764
24.47366714	0.00081324
24.48558807	0.00110098
24.49750900	0.00138684
24.50942993	0.00155084
24.52135086	0.00160799
24.53327179	0.00157681
24.54519272	0.00131627
24.55711365	0.00103617
24.56903458	0.00098885
24.58095551	0.00117325
24.59287643	0.00180790
24.60479736	0.00259363
24.61671829	0.00311570
24.62863922	0.00582029
24.64056015	0.01959360
24.65248108	0.03311835
24.66440201	0.03583280
24.67632294	0.03565693
24.68824387	0.02785177
24.70016479	0.01180703
24.71208572	0.00311299
24.72400665	0.00218188
24.73592758	0.00187287
24.74784851	0.00109867
24.75976944	0.00056171
24.77169037	0.00045824
24.78361130	0.00065141
24.79553223	0.00088887
24.80745316	0.00104104
24.81937408	0.00120735
24.83129501	0.00124685
24.84321594	0.00116040
24.85513687	0.00128296
24.86705780	0.00163813
24.87897873	0.00180892
24.89089966	0.00143375
24.90282059	0.00101757
24.91474152	0.00098497
24.92666245	0.00104454
24.93858337	0.00144412
24.95050430	0.00273874
24.96242523	0.00604415
24.97434616	0.00937798
24.98626709	0.01048744
24.99818802	0.01098354
25.01010895	0.00938810
25.02202988	0.00692658
25.03395081	0.00528202
25.04587173	0.00324062
25.05779266	0.00205285
25.06971359	0.00177368
25.08163452	0.00151644
25.09355545	0.00124055
25.10547638	0.00138609
25.11739731	0.00185811
25.12931824	0.00197920
25.14123917	0.00159151
25.15316010	0.00129963
25.16508102	0.00116837
25.17700195	0.00113917
25.18892288	0.00112103
25.20084381	0.00120798
25.21276474	0.00142048
25.22468567	0.00141996
25.23660660	0.00120968
25.24852753	0.00120980
25.26044846	0.00174265
25.27236938	0.00235309
25.28429031	0.00210753
25.29621124	0.00434846
25.30813217	0.01945595
25.32005310	0.03244347
25.33197403	0.03485938
25.34389496	0.03461713
25.35581589	0.02592907
25.36773682	0.01012149
25.37965775	0.00264391
25.39157867	0.00185696
25.40349960	0.00156112
25.41542053	0.00129922
25.42734146	0.00154730
25.43926239	0.00201640
25.45118332	0.00220276
25.46310425	0.00180648
25.47502518	0.00129085
25.48694611	0.00096891
25.49886703	0.00082068
25.51078796	0.00074734
25.52270889	0.00087952
25.53462982	0.00112553
25.54655075	0.00122662
25.55847168	0.00119651
25.57039261	0.00119612
25.58231354	0.00173957
25.59423447	0.00228195
25.60615540	0.00261567
25.61807632	0.00388175
25.62999725	0.00648136
25.64191818	0.00869473
25.65383911	0.00976527
25.66576004	0.01065910
25.67768097	0.00959801
25.68960190	0.00814246
25.70152283	0.00626078
25.71344376	0.00376373
25.72536469	0.00252928
25.73728561	0.00235406
25.74920654	0.00217303
25.76112747	0.00175221
25.77304840	0.00152731
25.78496933	0.00133893
25.79689026	0.00087195
25.80881119	0.00043062
25.82073212	0.00021282
25.83265305	0.00038447
25.84457397	0.00082953
25.85649490	0.00094351
25.86841583	0.00111783
25.88033676	0.00155175
25.89225769	0.00163070
25.90417862	0.00132199
25.91609955	0.00129822
25.92802048	0.00178117
25.93994141	0.00215576
25.95186234	0.00158262
25.96378326	0.00481862
25.97570419	0.01927141
25.98762512	0.03008351
25.99954605	0.03127166
26.01146698	0.03067903
26.02338791	0.02213545
26.03530884	0.00806101
26.04722977	0.00271937
26.05915070	0.00204058
26.07107162	0.00164811
26.08299255	0.00153999
26.09491348	0.00154978
26.10683441	0.00145297
26.11875534	0.00130061
26.13067627	0.00133082
26.14259720	0.00137231
26.15451813	0.00138720
26.16643906	0.00145140
26.17835999	0.00140234
26.19028091	0.00137434
26.20220184	0.00150326
26.21412277	0.00166369
26.22604370	0.00149502
26.23796463	0.00127992
26.24988556	0.00136777
26.26180649	0.00169664
26.27372742	0.00243601
26.28564835	0.00352489
26.29756927	0.00532715
26.30949020	0.00699842
26.32141113	0.00839021
26.33333206	0.00968315
26.34525299	0.00892754
26.35717392	0.00767662
26.36909485	0.00559919
26.38101578	0.00308412
26.39293671	0.00226192
26.40485764	0.00234530
26.41677856	0.00197661
26.42869949	0.00130579
26.44062042	0.00115902
26.45254135	0.00136597
26.46446228	0.00171614
26.47638321	0.00203502
26.48830414	0.00198993
26.50022507	0.00171498
26.51214600	0.00123316
26.52406693	0.00076258
26.53598785	0.00083663
26.54790878	0.00127838
26.55982971	0.00193497
26.57175064	0.00226721
26.58367157	0.00256568
26.59559250	0.00321353
26.60751343	0.00345730
26.61943436	0.00270220
26.63135529	0.00287052
26.64327621	0.01642822
26.65519714	0.02576143
26.66711807	0.02677534
26.67903900	0.02630144
26.69095993	0.01813534
26.70288086	0.00595361
26.71480179	0.00217822
26.72672272	0.00147334
26.73864365	0.00108644
26.75056458	0.00100939
26.76248550	0.00106712
26.77440643	0.00095927
26.78632736	0.00095737
26.79824829	0.00085391
26.81016922	0.00068353
26.82209015	0.00072668
26.83401108	0.00091276
26.84593201	0.00081076
26.85785294	0.00061153
26.86977386	0.00058869
26.88169479	0.00088696
26.89361572	0.00122271
26.90553665	0.00122749
26.91745758	0.00110341
26.92937851	0.00110136
26.94129944	0.00200840
26.95322037	0.00310559
26.96514130	0.00398790
26.97706223	0.00495074
26.98898315	0.00676088
27.00090408	0.00867837
27.01282501	0.00860050
27.02474594	0.00796557
27.03666687	0.00602613
27.04858780	0.00349374
27.06050873	0.00255545
27.07242966	0.00243521
27.08435059	0.00199365
27.09627151	0.00135620
27.10819244	0.00100772
27.12011337	0.00100164
27.13203430	0.00099504
27.14395523	0.00073136
27.15587616	0.00061911
27.16779709	0.00076569
27.17971802	0.00067484
27.19163895	0.00060714
27.20355988	0.00082475
27.21548080	0.00124376
27.22740173	0.00179071
27.23932266	0.00216429
27.25124359	0.00256581
27.26316452	0.00301943
27.27508545	0.00301118
27.28700638	0.00234835
27.29892731	0.00379358
27.31084824	0.01519184
27.32276917	0.02176379
27.33469009	0.02221550
27.34661102	0.02164751
27.35853195	0.01427770
27.37045288	0.00512379
27.38237381	0.00306569
27.39429474	0.00202714
27.40621567	0.00138417
27.41813660	0.00141686
27.43005753	0.00123305
27.44197845	0.00094834
27.45389938	0.00112396
27.46582031	0.00154366
27.47774124	0.00155358
27.48966217	0.00107189
27.50158310	0.00091426
27.51350403	0.00086799
27.52542496	0.00063583
27.53734589	0.00070098
27.54926682	0.00109071
27.56118774	0.00187866
27.57310867	0.00246978
27.58502960	0.00265562
27.59695053	0.00319100
27.60887146	0.00408428
27.62079239	0.00446356
27.63271332	0.00421126
27.64463425	0.00370332
27.65655518	0.00436842
27.66847610	0.00607358
27.68039703	0.00662483
27.69231796	0.00667497
27.70423889	0.00487836
27.71615982	0.00263641
27.72808075	0.00189615
27.74000168	0.00189413
27.75192261	0.00161325
27.76384354	0.00118843
27.77576447	0.00114477
27.78768539	0.00137703
27.79960632	0.00114862
27.81152725	0.00072911
27.82344818	0.00063795
27.83536911	0.00059623
27.84729004	0.00070977
27.85921097	0.00086752
27.87113190	0.00090127
27.88305283	0.00111564
27.89497375	0.00119875
27.90689468	0.00094221
27.91881561	0.00077184
27.93073654	0.00103949
27.94265747	0.00137616
27.95457840	0.00228844
27.96649933	0.00317285
27.97842026	0.01090355
27.99034119	0.01545975
28.00226212	0.01588549
28.01418304	0.01581372
28.02610397	0.01012048
28.03802490	0.00346185
28.04994583	0.00258906
28.06186676	0.00185896
28.07378769	0.00175865
28.08570862	0.00195413
28.09762955	0.00183182
28.10955048	0.00177641
28.12147141	0.00180558
28.13339233	0.00166445
28.14531326	0.00134730
28.15723419	0.00120732
28.16915512	0.00154731
28.18107605	0.00190338
28.19299698	0.00202980
28.20491791	0.00205084
28.21683884	0.00196049
28.22875977	0.00164850
28.24068069	0.00136950
28.25260162	0.00151310
28.26452255	0.00236543
28.27644348	0.00376178
28.28836441	0.00414343
28.30028534	0.00361830
28.31220627	0.00195628
28.32412720	0.00189682
28.33604813	0.00445471
28.34796906	0.00505970
28.35988998	0.00548628
28.37181091	0.00397926
28.38373184	0.00210474
28.39565277	0.00183778
28.40757370	0.00199790
28.41949463	0.00220816
28.43141556	0.00236096
28.44333649	0.00228599
28.45525742	0.00219602
28.46717834	0.00213161
28.47909927	0.00188788
28.49102020	0.00158076
28.50294113	0.00144739
28.51486206	0.00134539
28.52678299	0.00148120
28.53870392	0.00167215
28.55062485	0.00213970
28.56254578	0.00268751
28.57446671	0.00257510
28.58638763	0.00211860
28.59830856	0.00208553
28.61022949	0.00254457
28.62215042	0.00376085
28.63407135	0.00365566
28.64599228	0.00754211
28.65791321	0.00981619
28.66983414	0.00965893
28.68175507	0.00992543
28.69367599	0.00638461
28.70559692	0.00379628
28.71751785	0.00297790
28.72943878	0.00179078
28.74135971	0.00166492
28.75328064	0.00180762
28.76520157	0.00161672
28.77712250	0.00149229
28.78904343	0.00150698
28.80096436	0.00137069
28.81288528	0.00110191
28.82480621	0.00108399
28.83672714	0.00105907
28.84864807	0.00053896
28.86056900	0.00011109
28.87248993	0.00048029
28.88441086	0.00115284
28.89633179	0.00183796
28.90825272	0.00202862
28.92017365	0.00199126
28.93209457	0.00249439
28.94401550	0.00353813
28.95593643	0.00362942
28.96785736	0.00378736
28.97977829	0.00296224
28.99169922	0.00330065
29.00362015	0.00480146
29.01554108	0.00441068
29.02746201	0.00456660
29.03938293	0.00326294
29.05130386	0.00222417
29.06322479	0.00190750
29.07514572	0.00162663
29.08706665	0.00152895
29.09898758	0.00162953
29.11090851	0.00152520
29.12282944	0.00152354
29.13475037	0.00172245
29.14667130	0.00194955
29.15859222	0.00199967
29.17051315	0.00193989
29.18243408	0.00182159
29.19435501	0.00152359
29.20627594	0.00143506
29.21819687	0.00162560
29.23011780	0.00154238
29.24203873	0.00133985
29.25395966	0.00144540
29.26588058	0.00183216
29.27780151	0.00267610
29.28972244	0.00388723
29.30164337	0.00337397
29.31356430	0.00367750
29.32548523	0.00382376
29.33740616	0.00352592
29.34932709	0.00470872
29.36124802	0.00362907
29.37316895	0.00329879
29.38508987	0.00282844
29.39701080	0.00218988
29.40893173	0.00227203
29.42085266	0.00238759
29.43277359	0.00191980
29.44469452	0.00149532
29.45661545	0.00139753
29.46853638	0.00130284
29.48045731	0.00122006
29.49237823	0.00105705
29.50429916	0.00117688
29.51622009	0.00172375
29.52814102	0.00220023
29.54006195	0.00238286
29.55198288	0.00249640
29.56390381	0.00250792
29.57582474	0.00194830
29.58774567	0.00137330
29.59966660	0.00182690
29.61158752	0.00265444
29.62350845	0.00296075
29.63542938	0.00497681
29.64735031	0.00524121
29.65927124	0.00519845
29.67119217	0.00525454
29.68311310	0.00331485
29.69503403	0.00384793
29.70695496	0.00307309
29.71887589	0.00239292
29.73079681	0.00198940
29.74271774	0.00162223
29.75463867	0.00174290
29.76655960	0.00166918
29.77848053	0.00137346
29.79040146	0.00133149
29.80232239	0.00112930
29.81424332	0.00091121
29.82616425	0.00091994
29.83808517	0.00101939
29.85000610	0.00126173
29.86192703	0.00136845
29.87384796	0.00121347
29.88576889	0.00118836
29.89768982	0.00131674
29.90961075	0.00130335
29.92153168	0.00131717
29.93345261	0.00142139
29.94537354	0.00256261
29.95729446	0.00471896
29.96921539	0.00531761
29.98113632	0.00492784
29.99305725	0.00359946
30.00497818	0.00220164
30.01689911	0.00346480
30.02882004	0.00392795
30.04074097	0.00398788
30.05266190	0.00324715
30.06458282	0.00262154
30.07650375	0.00235431
30.08842468	0.00238470
30.10034561	0.00238157
30.11226654	0.00203425
30.12418747	0.00185486
30.13610840	0.00162689
30.14802933	0.00118802
30.15995026	0.00104569
30.17187119	0.00113225
30.18379211	0.00140446
30.19571304	0.00140359
30.20763397	0.00119986
30.21955490	0.00114435
30.23147583	0.00136285
30.24339676	0.00137682
30.25531769	0.00144062
30.26723862	0.00197528
30.27915955	0.00293417
30.29108047	0.00451942
30.30300140	0.00796394
30.31492233	0.00879556
30.32684326	0.00877061
30.33876419	0.00809858
30.35068512	0.00389546
30.36260605	0.00167295
30.37452698	0.00194853
30.38644791	0.00250248
30.39836884	0.00235153
30.41028976	0.00210913
30.42221069	0.00226592
30.43413162	0.00231531
30.44605255	0.00192199
30.45797348	0.00153613
30.46989441	0.00137311
30.48181534	0.00140096
30.49373627	0.00144327
30.50565720	0.00151440
30.51757813	0.00154928
30.52949905	0.00146916
30.54141998	0.00138704
30.55334091	0.00148828
30.56526184	0.00177833
30.57718277	0.00202600
30.58910370	0.00194374
30.60102463	0.00199034
30.61294556	0.00344733
30.62486649	0.00570658
30.63678741	0.00733448
30.64870834	0.00908242
30.66062927	0.00926551
30.67255020	0.00827541
30.68447113	0.00732778
30.69639206	0.00531418
30.70831299	0.00364720
30.72023392	0.00242407
30.73215485	0.00170697
30.74407578	0.00127674
30.75599670	0.00092367
30.76791763	0.00097468
30.77983856	0.00132779
30.79175949	0.00148673
30.80368042	0.00170797
30.81560135	0.00174961
30.82752228	0.00148888
30.83944321	0.00127269
30.85136414	0.00122410
30.86328506	0.00123816
30.87520599	0.00132869
30.88712692	0.00142187
30.89904785	0.00181879
30.91096878	0.00225660
30.92288971	0.00262749
30.93481064	0.00307718
30.94673157	0.00384096
30.95865250	0.00651933
30.97057343	0.01069374
30.98249435	0.01137029
30.99441528	0.01051061
31.00633621	0.00825785
31.01825714	0.00246162
31.03017807	0.00194424
31.04209900	0.00295755
31.05401993	0.00309871
31.06594086	0.00238956
31.07786179	0.00180673
31.08978271	0.00194794
31.10170364	0.00222746
31.11362457	0.00208372
31.12554550	0.00169824
31.13746643	0.00142706
31.14938736	0.00103867
31.16130829	0.00054617
31.17322922	0.00025964
31.18515015	0.00028782
31.19707108	0.00008917
31.20899200	0.00023413
31.22091293	0.00041778
31.23283386	0.00114770
31.24475479	0.00194381
31.25667572	0.00202845
31.26859665	0.00199127
31.28051758	0.00324920
31.29243851	0.00529881
31.30435944	0.00794028
31.31628036	0.01186780
31.32820129	0.01300826
31.34012222	0.01271458
31.35204315	0.01107953
31.36396408	0.00668326
31.37588501	0.00378288
31.38780594	0.00244293
31.39972687	0.00186826
31.41164780	0.00162931
31.42356873	0.00133535
31.43548965	0.00104639
31.44741058	0.00101665
31.45933151	0.00103540
31.47125244	0.00157022
31.48317337	0.00229861
31.49509430	0.00247327
31.50701523	0.00228120
31.51893616	0.00204688
31.53085709	0.00169199
31.54277802	0.00166219
31.55469894	0.00181696
31.56661987	0.00197131
31.57854080	0.00173322
31.59046173	0.00152132
31.60238266	0.00157651
31.61430359	0.00232371
31.62622452	0.00647107
31.63814545	0.01138983
31.65006638	0.01241779
31.66198730	0.01192327
31.67390823	0.00933827
31.68582916	0.00323758
31.69775009	0.00130885
31.70967102	0.00224686
31.72159195	0.00229527
31.73351288	0.00161708
31.74543381	0.00100863
31.75735474	0.00096208
31.76927567	0.00115624
31.78119659	0.00116502
31.79311752	0.00114650
31.80503845	0.00124035
31.81695938	0.00127238
31.82888031	0.00112139
31.84080124	0.00103655
31.85272217	0.00115359
31.86464310	0.00134260
31.87656403	0.00140501
31.88848495	0.00146228
31.90040588	0.00170362
31.91232681	0.00193395
31.92424774	0.00198411
31.93616867	0.00228780
31.94808960	0.00352313
31.96001053	0.00566115
31.97193146	0.01028241
31.98385239	0.01661591
31.99577332	0.01847661
32.00769424	0.01835690
32.01961517	0.01564972
32.03153610	0.00879161
32.04345703	0.00416132
32.05537796	0.00299830
32.06729889	0.00262866
32.07921982	0.00198613
32.09114075	0.00148423
32.10306168	0.00132474
32.11498260	0.00120020
32.12690353	0.00118224
32.13882446	0.00136603
32.15074539	0.00150648
32.16266632	0.00152813
32.17458725	0.00145552
32.18650818	0.00134610
32.19842911	0.00087579
32.21035004	0.00054281
32.22227097	0.00077746
32.23419189	0.00110650
32.24611282	0.00208532
32.25803375	0.00281360
32.26995468	0.00274368
32.28187561	0.00311437
32.29379654	0.00708375
32.30571747	0.01206639
32.31763840	0.01327051
32.32955933	0.01308941
32.34148026	0.01001854
32.35340118	0.00346623
32.36532211	0.00194877
32.37724304	0.00280722
32.38916397	0.00282728
32.40108490	0.00191417
32.41300583	0.00153859
32.42492676	0.00179256
32.43684769	0.00189075
32.44876862	0.00180971
32.46068954	0.00158818
32.47261047	0.00141231
32.48453140	0.00138082
32.49645233	0.00125160
32.50837326	0.00115734
32.52029419	0.00144771
32.53221512	0.00181571
32.54413605	0.00152035
32.55605698	0.00093909
32.56797791	0.00097044
32.57989883	0.00151547
32.59181976	0.00210690
32.60374069	0.00256053
32.61566162	0.00358661
32.62758255	0.00591409
32.63950348	0.01280922
32.65142441	0.02086728
32.66334534	0.02263766
32.67526627	0.02204376
32.68718719	0.01772321
32.69910812	0.00832155
32.71102905	0.00234948
32.72294998	0.00142010
32.73487091	0.00146457
32.74679184	0.00128602
32.75871277	0.00136692
32.77063370	0.00165112
32.78255463	0.00166840
32.79447556	0.00126034
32.80639648	0.00090405
32.81831741	0.00060702
32.83023834	0.00064748
32.84215927	0.00082167
32.85408020	0.00105786
32.86600113	0.00145871
32.87792206	0.00172885
32.88984299	0.00170477
32.90176392	0.00174856
32.91368484	0.00205799
32.92560577	0.00226968
32.93752670	0.00195308
32.94944763	0.00303352
32.96136856	0.00814505
32.97328949	0.01289723
32.98521042	0.01352794
32.99713135	0.01309110
33.00905228	0.00995007
33.02097321	0.00455213
33.03289413	0.00292815
33.04481506	0.00235878
33.05673599	0.00191100
33.06865692	0.00174230
33.08057785	0.00152736
33.09249878	0.00135828
33.10441971	0.00142548
33.11634064	0.00124044
33.12826157	0.00109822
33.14018250	0.00133406
33.15210342	0.00175757
33.16402435	0.00190321
33.17594528	0.00161488
33.18786621	0.00130729
33.19978714	0.00110492
33.21170807	0.00080246
33.22362900	0.00063426
33.23554993	0.00075733
33.24747086	0.00078460
33.25939178	0.00083948
33.27131271	0.00176488
33.28323364	0.00326328
33.29515457	0.00570005
33.30707550	0.01371635
33.31899643	0.02268142
33.33091736	0.02478229
33.34283829	0.02456823
33.35475922	0.01950266
33.36668015	0.00916760
33.37860107	0.00314211
33.39052200	0.00234250
33.40244293	0.00237354
33.41436386	0.00181951
33.42628479	0.00120417
33.43820572	0.00076433
33.45012665	0.00059880
33.46204758	0.00098776
33.47396851	0.00134514
33.48588943	0.00163521
33.49781036	0.00172490
33.50973129	0.00139145
33.52165222	0.00120357
33.53357315	0.00133614
33.54549408	0.00132703
33.55741501	0.00112843
33.56933594	0.00102589
33.58125687	0.00144367
33.59317780	0.00217674
33.60509872	0.00247203
33.61701965	0.00394248
33.62894058	0.00864556
33.64086151	0.01277278
33.65278244	0.01352358
33.66470337	0.01341852
33.67662430	0.01036475
33.68854523	0.00559842
33.70046616	0.00389392
33.71238708	0.00290761
33.72430801	0.00210034
33.73622894	0.00169012
33.74814987	0.00158032
33.76007080	0.00140349
33.77199173	0.00132302
33.78391266	0.00120838
33.79583359	0.00116552
33.80775452	0.00131211
33.81967545	0.00132458
33.83159637	0.00106457
33.84351730	0.00075328
33.85543823	0.00073148
33.86735916	0.00112415
33.87928009	0.00153781
33.89120102	0.00167879
33.90312195	0.00187101
33.91504288	0.00220951
33.92696381	0.00259107
33.93888474	0.00316036
33.95080566	0.00381892
33.96272659	0.00563814
33.97464752	0.01460250
33.98656845	0.02380314
33.99848938	0.02556680
34.01041031	0.02531489
34.02233124	0.01955657
34.03425217	0.00839380
34.04617310	0.00251442
34.05809402	0.00204772
34.07001495	0.00209852
34.08193588	0.00151740
34.09385681	0.00108600
34.10577774	0.00102684
34.11769867	0.00093447
34.12961960	0.00102324
34.14154053	0.00106134
34.15346146	0.00133705
34.16538239	0.00147567
34.17730331	0.00121117
34.18922424	0.00114986
34.20114517	0.00140868
34.21306610	0.00166155
34.22498703	0.00185920
34.23690796	0.00222077
34.24882889	0.00272965
34.26074982	0.00294255
34.27267075	0.00292667
34.28459167	0.00440988
34.29651260	0.00891546
34.30843353	0.01265233
34.32035446	0.01340205
34.33227539	0.01338366
34.34419632	0.01031849
34.35611725	0.00602898
34.36803818	0.00396474
34.37995911	0.00247324
34.39188004	0.00165567
34.40380096	0.00136491
34.41572189	0.00133856
34.42764282	0.00132055
34.43956375	0.00138168
34.45148468	0.00145209
34.46340561	0.00134849
34.47532654	0.00120078
34.48724747	0.00119838
34.49916840	0.00148097
34.51108932	0.00154014
34.52301025	0.00135776
34.53493118	0.00136983
34.54685211	0.00133189
34.55877304	0.00120849
34.57069397	0.00130293
34.58261490	0.00154588
34.59453583	0.00208431
34.60645676	0.00283058
34.61837769	0.00292346
34.63029861	0.00484634
34.64221954	0.01567897
34.65414047	0.02487976
34.66606140	0.02641634
34.67798233	0.02578351
34.68990326	0.01898415
34.70182419	0.00773333
34.71374512	0.00269379
34.72566605	0.00237776
34.73758698	0.00196539
34.74950790	0.00129466
34.76142883	0.00109605
34.77334976	0.00115946
34.78527069	0.00115461
34.79719162	0.00081468
34.80911255	0.00068619
34.82103348	0.00074744
34.83295441	0.00075652
34.84487534	0.00058505
34.85679626	0.00068752
34.86871719	0.00130552
34.88063812	0.00158781
34.89255905	0.00139496
34.90447998	0.00138569
34.91640091	0.00181047
34.92832184	0.00228882
34.94024277	0.00279663
34.95216370	0.00465909
34.96408463	0.00887126
34.97600555	0.01205794
34.98792648	0.01270829
34.99984741	0.01276492
35.01176834	0.01025670
35.02368927	0.00730592
35.03561020	0.00538673
35.04753113	0.00319930
35.05945206	0.00175814
35.07137299	0.00143727
35.08329391	0.00142641
35.09521484	0.00129119
35.10713577	0.00145721
35.11905670	0.00176686
35.13097763	0.00172075
35.14289856	0.00161618
35.15481949	0.00158230
35.16674042	0.00119352
35.17866135	0.00085963
35.19058228	0.00069388
35.20250320	0.00074972
35.21442413	0.00120035
35.22634506	0.00163791
35.23826599	0.00174123
35.25018692	0.00196000
35.26210785	0.00261472
35.27402878	0.00276537
35.28594971	0.00216230
35.29787064	0.00434344
35.30979156	0.01543338
35.32171249	0.02345769
35.33363342	0.02451005
35.34555435	0.02397821
35.35747528	0.01687821
35.36939621	0.00616858
35.38131714	0.00241963
35.39323807	0.00226638
35.40515900	0.00198000
35.41707993	0.00157631
35.42900085	0.00131508
35.44092178	0.00115845
35.45284271	0.00103671
35.46476364	0.00082027
35.47668457	0.00064277
35.48860550	0.00066675
35.50052643	0.00087526
35.51244736	0.00102031
35.52436829	0.00069405
35.53628922	0.00055948
35.54821014	0.00092714
35.56013107	0.00120407
35.57205200	0.00131942
35.58397293	0.00138037
35.59589386	0.00146589
35.60781479	0.00194967
35.61973572	0.00359081
35.63165665	0.00678240
35.64357758	0.00938286
35.65549850	0.01060245
35.66741943	0.01132924
35.67934036	0.00947726
35.69126129	0.00710215
35.70318222	0.00490053
35.71510315	0.00292884
35.72702408	0.00242214
35.73894501	0.00242867
35.75086594	0.00196359
35.76278687	0.00127154
35.77470779	0.00110470
35.78662872	0.00142462
35.79854965	0.00158338
35.81047058	0.00135148
35.82239151	0.00107112
35.83431244	0.00106993
35.84623337	0.00110991
35.85815430	0.00105533
35.87007523	0.00121584
35.88199615	0.00143399
35.89391708	0.00133975
35.90583801	0.00110540
35.91775894	0.00107072
35.92967987	0.00138125
35.94160080	0.00150033
35.95352173	0.00127173
35.96544266	0.00317706
35.97736359	0.01391163
35.98928452	0.02105531
36.00120544	0.02210152
36.01312637	0.02173075
36.02504730	0.01474597
36.03696823	0.00506305
36.04888916	0.00248787
36.06081009	0.00236514
36.07273102	0.00236941
36.08465195	0.00236940
36.09657288	0.00208068
36.10849380	0.00158616
36.12041473	0.00105359
36.13233566	0.00086297
36.14425659	0.00106967
36.15617752	0.00111964
36.16809845	0.00121088
36.18001938	0.00116837
36.19194031	0.00097682
36.20386124	0.00093616
36.21578217	0.00119741
36.22770309	0.00165030
36.23962402	0.00186057
36.25154495	0.00206753
36.26346588	0.00206960
36.27538681	0.00198927
36.28730774	0.00322289
36.29922867	0.00565681
36.31114960	0.00760202
36.32307053	0.00870913
36.33499146	0.00935560
36.34691238	0.00805209
36.35883331	0.00674405
36.37075424	0.00492489
36.38267517	0.00269530
36.39459610	0.00174453
36.40651703	0.00173739
36.41843796	0.00168926
36.43035889	0.00157772
36.44227982	0.00166304
36.45420074	0.00160630
36.46612167	0.00123935
36.47804260	0.00110028
36.48996353	0.00129082
36.50188446	0.00149567
36.51380539	0.00137251
36.52572632	0.00115815
36.53764725	0.00126750
36.54956818	0.00183287
36.56148911	0.00242308
36.57341003	0.00244028
36.58533096	0.00233834
36.59725189	0.00249900
36.60917282	0.00232792
36.62109375	0.00152272
36.63301468	0.00346184
36.64493561	0.01358169
36.65685654	0.01957237
36.66877747	0.02047936
36.68069839	0.02018956
36.69261932	0.01355861
36.70454025	0.00518736
36.71646118	0.00280114
36.72838211	0.00212804
36.74030304	0.00182253
36.75222397	0.00167632
36.76414490	0.00124587
36.77606583	0.00094306
36.78798676	0.00106357
36.79990768	0.00109291
36.81182861	0.00097364
36.82374954	0.00096884
36.83567047	0.00097245
36.84759140	0.00123565
36.85951233	0.00141628
36.87143326	0.00139798
36.88335419	0.00147096
36.89527512	0.00151191
36.90719604	0.00138013
36.91911697	0.00141530
36.93103790	0.00187051
36.94295883	0.00302094
36.95487976	0.00419940
36.96680069	0.00514837
36.97872162	0.00567407
36.99064255	0.00672026
37.00256348	0.00799345
37.01448441	0.00762829
37.02640533	0.00668111
37.03832626	0.00444245
37.05024719	0.00209236
37.06216812	0.00151958
37.07408905	0.00193940
37.08600998	0.00218013
37.09793091	0.00210459
37.10985184	0.00219507
37.12177277	0.00211058
37.13369370	0.00144700
37.14561462	0.00110710
37.15753555	0.00122539
37.16945648	0.00144507
37.18137741	0.00137422
37.19329834	0.00084979
37.20521927	0.00049615
37.21714020	0.00061198
37.22906113	0.00106610
37.24098206	0.00130593
37.25290298	0.00158497
37.26482391	0.00228549
37.27674484	0.00252536
37.28866577	0.00244007
37.30058670	0.00270718
37.31250763	0.01098504
37.32442856	0.01535686
37.33634949	0.01591641
37.34827042	0.01576654
37.36019135	0.01009970
37.37211227	0.00403754
37.38403320	0.00275743
37.39595413	0.00198463
37.40787506	0.00175743
37.41979599	0.00177347
37.43171692	0.00128945
37.44363785	0.00077031
37.45555878	0.00098151
37.46747971	0.00156987
37.47940063	0.00179233
37.49132156	0.00164288
37.50324249	0.00152543
37.51516342	0.00142024
37.52708435	0.00148313
37.53900528	0.00149293
37.55092621	0.00166108
37.56284714	0.00189238
37.57476807	0.00178267
37.58668900	0.00162429
37.59860992	0.00202419
37.61053085	0.00295766
37.62245178	0.00340071
37.63437271	0.00330117
37.64629364	0.00320616
37.65821457	0.00498926
37.67013550	0.00647010
37.68205643	0.00656751
37.69397736	0.00617719
37.70589828	0.00405242
37.71781921	0.00193212
37.72974014	0.00136116
37.74166107	0.00131415
37.75358200	0.00104137
37.76550293	0.00089638
37.77742386	0.00098145
37.78934479	0.00134017
37.80126572	0.00165305
37.81318665	0.00165038
37.82510757	0.00136677
37.83702850	0.00111271
37.84894943	0.00091648
37.86087036	0.00071635
37.87279129	0.00082464
37.88471222	0.00142497
37.89663315	0.00198828
37.90855408	0.00213497
37.92047501	0.00228764
37.93239594	0.00265897
37.94431686	0.00246122
37.95623779	0.00211662
37.96815872	0.00255222
37.98007965	0.00905496
37.99200058	0.01193681
38.00392151	0.01219334
38.01584244	0.01207103
38.02776337	0.00770130
38.03968430	0.00434532
38.05160522	0.00339432
38.06352615	0.00215122
38.07544708	0.00149506
38.08736801	0.00120327
38.09928894	0.00098619
38.11120987	0.00091819
38.12313080	0.00086353
38.13505173	0.00090739
38.14697266	0.00070749
38.15889359	0.00040452
38.17081451	0.00049617
38.18273544	0.00084711
38.19465637	0.00113598
38.20657730	0.00124832
38.21849823	0.00147081
38.23041916	0.00185464
38.24234009	0.00193328
38.25426102	0.00175171
38.26618195	0.00189274
38.27810287	0.00249684
38.29002380	0.00279915
38.30194473	0.00307795
38.31386566	0.00161328
38.32578659	0.00289837
38.33770752	0.00478465
38.34962845	0.00532537
38.36154938	0.00558740
38.37347031	0.00369821
38.38539124	0.00193123
38.39731216	0.00141936
38.40923309	0.00136153
38.42115402	0.00140579
38.43307495	0.00124122
38.44499588	0.00094927
38.45691681	0.00100965
38.46883774	0.00118835
38.48075867	0.00109786
38.49267960	0.00096087
38.50460052	0.00094901
38.51652145	0.00096747
38.52844238	0.00114685
38.54036331	0.00128219
38.55228424	0.00124779
38.56420517	0.00094835
38.57612610	0.00128356
38.58804703	0.00169905
38.59996796	0.00214343
38.61188889	0.00284784
38.62380981	0.00377694
38.63573074	0.00386036
38.64765167	0.00645175
38.65957260	0.00709065
38.67149353	0.00620199
38.68341446	0.00601498
38.69533539	0.00344390
38.70725632	0.00310640
38.71917725	0.00275934
38.73109818	0.00200351
38.74301910	0.00193585
38.75494003	0.00200934
38.76686096	0.00155235
38.77878189	0.00102497
38.79070282	0.00088679
38.80262375	0.00068964
38.81454468	0.00028847
38.82646561	0.00018012
38.83838654	0.00031142
38.85030746	0.00069486
38.86222839	0.00084626
38.87414932	0.00079563
38.88607025	0.00100237
38.89799118	0.00139089
38.90991211	0.00142675
38.92183304	0.00121970
38.93375397	0.00176337
38.94567490	0.00274268
38.95759583	0.00336777
38.96951675	0.00480484
38.98143768	0.00408092
38.99335861	0.00356614
39.00527954	0.00406833
39.01720047	0.00346842
39.02912140	0.00433846
39.04104233	0.00334658
39.05296326	0.00224873
39.06488419	0.00191761
39.07680511	0.00183410
39.08872604	0.00172657
39.10064697	0.00176807
39.11256790	0.00179625
39.12448883	0.00178735
39.13640976	0.00175043
39.14833069	0.00154664
39.16025162	0.00125125
39.17217255	0.00103831
39.18409348	0.00087425
39.19601440	0.00079809
39.20793533	0.00072405
39.21985626	0.00082989
39.23177719	0.00110153
39.24369812	0.00169954
39.25561905	0.00233908
39.26753998	0.00279401
39.27946091	0.00339430
39.29138184	0.00450520
39.30330276	0.00423599
39.31522369	0.00431552
39.32714462	0.00350737
39.33906555	0.00295289
39.35098648	0.00445493
39.36290741	0.00396092
39.37482834	0.00352304
39.38674927	0.00215386
39.39867020	0.00093527
39.41059113	0.00056733
39.42251205	0.00062619
39.43443298	0.00098510
39.44635391	0.00107815
39.45827484	0.00121774
39.47019577	0.00136917
39.48211670	0.00120516
39.49403763	0.00090452
39.50595856	0.00093802
39.51787949	0.00094725
39.52980042	0.00071205
39.54172134	0.00052798
39.55364227	0.00026991
39.56556320	0.00051261
39.57748413	0.00059113
39.58940506	0.00108500
39.60132599	0.00194861
39.61324692	0.00282789
39.62516785	0.00431415
39.63708878	0.00711108
39.64900970	0.00726603
39.66093063	0.00710101
39.67285156	0.00607320
39.68477249	0.00273355
39.69669342	0.00364556
39.70861435	0.00346657
39.72053528	0.00297270
39.73245621	0.00223553
39.74437714	0.00157505
39.75629807	0.00134610
39.76821899	0.00157704
39.78013992	0.00208870
39.79206085	0.00261273
39.80398178	0.00250296
39.81590271	0.00196556
39.82782364	0.00143750
39.83974457	0.00113674
39.85166550	0.00128722
39.86358643	0.00139648
39.87550735	0.00137722
39.88742828	0.00158131
39.89934921	0.00195184
39.91127014	0.00209144
39.92319107	0.00196538
39.93511200	0.00203851
39.94703293	0.00339196
39.95895386	0.00525503
39.97087479	0.00543766
39.98279572	0.00488650
39.99471664	0.00351018
40.00663757	0.00274550
40.01855850	0.00390693
40.03047943	0.00436184
40.04240036	0.00433556
40.05432129	0.00326396
40.06624222	0.00217613
40.07816315	0.00173736
40.09008408	0.00152770
40.10200500	0.00140500
40.11392593	0.00160209
40.12584686	0.00204525
40.13776779	0.00221146
40.14968872	0.00183154
40.16160965	0.00116119
40.17353058	0.00089848
40.18545151	0.00161727
40.19737244	0.00215101
40.20929337	0.00223941
40.22121429	0.00214870
40.23313522	0.00197782
40.24505615	0.00141125
40.25697708	0.00094806
40.26889801	0.00164521
40.28081894	0.00272126
40.29273987	0.00548377
40.30466080	0.00944606
40.31658173	0.00972271
40.32850266	0.00951084
40.34042358	0.00796209
40.35234451	0.00295970
40.36426544	0.00230617
40.37618637	0.00210153
40.38810730	0.00178658
40.40002823	0.00127581
40.41194916	0.00096349
40.42387009	0.00136154
40.43579102	0.00169345
40.44771194	0.00148520
40.45963287	0.00132021
40.47155380	0.00139230
40.48347473	0.00142878
40.49539566	0.00156862
40.50731659	0.00177723
40.51923752	0.00159417
40.53115845	0.00123568
40.54307938	0.00126001
40.55500031	0.00143647
40.56692123	0.00176654
40.57884216	0.00200408
40.59076309	0.00189962
40.60268402	0.00217557
40.61460495	0.00373488
40.62652588	0.00579178
40.63844681	0.00723597
40.65036774	0.00862641
40.66228867	0.00872255
40.67420959	0.00806187
40.68613052	0.00711067
40.69805145	0.00520890
40.70997238	0.00348621
40.72189331	0.00199117
40.73381424	0.00131138
40.74573517	0.00103540
40.75765610	0.00092025
40.76957703	0.00059966
40.78149796	0.00025967
40.79341888	0.00037757
40.80533981	0.00099636
40.81726074	0.00142412
40.82918167	0.00145839
40.84110260	0.00127219
40.85302353	0.00095349
40.86494446	0.00103187
40.87686539	0.00122689
40.88878632	0.00131564
40.90070724	0.00137747
40.91262817	0.00147883
40.92454910	0.00202253
40.93647003	0.00269458
40.94839096	0.00374733
40.96031189	0.00760877
40.97223282	0.01244218
40.98415375	0.01308864
40.99607468	0.01262942
41.00799561	0.00978421
41.01991653	0.00279194
41.03183746	0.00193111
41.04375839	0.00299893
41.05567932	0.00297917
41.06760025	0.00214252
41.07952118	0.00170575
41.09144211	0.00186496
41.10336304	0.00195437
41.11528397	0.00170052
41.12720490	0.00146684
41.13912582	0.00154692
41.15104675	0.00162543
41.16296768	0.00125404
41.17488861	0.00078494
41.18680954	0.00074965
41.19873047	0.00109752
41.21065140	0.00112560
41.22257233	0.00095097
41.23449326	0.00128384
41.24641418	0.00162136
41.25833511	0.00143894
41.27025604	0.00170075
41.28217697	0.00346301
41.29409790	0.00587124
41.30601883	0.00871209
41.31793976	0.01197433
41.32986069	0.01253051
41.34178162	0.01182696
41.35370255	0.00975306
41.36562347	0.00575938
41.37754440	0.00291094
41.38946533	0.00162080
41.40138626	0.00134501
41.41330719	0.00091939
41.42522812	0.00083429
41.43714905	0.00101056
41.44906998	0.00097292
41.46099091	0.00110037
41.47291183	0.00136467
41.48483276	0.00124677
41.49675369	0.00109506
41.50867462	0.00118003
41.52059555	0.00110439
41.53251648	0.00067570
41.54443741	0.00045208
41.55635834	0.00068558
41.56827927	0.00106629
41.58020020	0.00131688
41.59212112	0.00149193
41.60404205	0.00170856
41.61596298	0.00295818
41.62788391	0.00819473
41.63980484	0.01361492
41.65172577	0.01462088
41.66364670	0.01457147
41.67556763	0.01128906
41.68748856	0.00391078
41.69940948	0.00148770
41.71133041	0.00263479
41.72325134	0.00300199
41.73517227	0.00229399
41.74709320	0.00159273
41.75901413	0.00141499
41.77093506	0.00105290
41.78285599	0.00057591
41.79477692	0.00050562
41.80669785	0.00051411
41.81861877	0.00077766
41.83053970	0.00105593
41.84246063	0.00128083
41.85438156	0.00148420
41.86630249	0.00143659
41.87822342	0.00119271
41.89014435	0.00104639
41.90206528	0.00135288
41.91398621	0.00181411
41.92590714	0.00192479
41.93782806	0.00237592
41.94974899	0.00395479
41.96166992	0.00610840
41.97359085	0.00960783
41.98551178	0.01382790
41.99743271	0.01456302
42.00935364	0.01402592
42.02127457	0.01132842
42.03319550	0.00603133
42.04511642	0.00282489
42.05703735	0.00187763
42.06895828	0.00163454
42.08087921	0.00146649
42.09280014	0.00156255
42.10472107	0.00148361
42.11664200	0.00112607
42.12856293	0.00080016
42.14048386	0.00100835
42.15240479	0.00169597
42.16432571	0.00194182
42.17624664	0.00178309
42.18816757	0.00176858
42.20008850	0.00167125
42.21200943	0.00141939
42.22393036	0.00138422
42.23585129	0.00166721
42.24777222	0.00196911
42.25969315	0.00232179
42.27161407	0.00230608
42.28353500	0.00317327
42.29545593	0.00891742
42.30737686	0.01438166
42.31929779	0.01522081
42.33121872	0.01479206
42.34313965	0.01070964
42.35506058	0.00348818
42.36698151	0.00237613
42.37890244	0.00256060
42.39082336	0.00172309
42.40274429	0.00059961
42.41466522	0.00067422
42.42658615	0.00093683
42.43850708	0.00125194
42.45042801	0.00132319
42.46234894	0.00119270
42.47426987	0.00110341
42.48619080	0.00118067
42.49811172	0.00130869
42.51003265	0.00138695
42.52195358	0.00150473
42.53387451	0.00179211
42.54579544	0.00190997
42.55771637	0.00176093
42.56963730	0.00197450
42.58155823	0.00217598
42.59347916	0.00209272
42.60540009	0.00256311
42.61732101	0.00386949
42.62924194	0.00593084
42.64116287	0.01079189
42.65308380	0.01603070
42.66500473	0.01691585
42.67692566	0.01629466
42.68884659	0.01263030
42.70076752	0.00609014
42.71268845	0.00251481
42.72460938	0.00191753
42.73653030	0.00187777
42.74845123	0.00163312
42.76037216	0.00165736
42.77229309	0.00153425
42.78421402	0.00118042
42.79613495	0.00092982
42.80805588	0.00092559
42.81997681	0.00102268
42.83189774	0.00077420
42.84381866	0.00036681
42.85573959	0.00046291
42.86766052	0.00111882
42.87958145	0.00170930
42.89150238	0.00191367
42.90342331	0.00216199
42.91534424	0.00256876
42.92726517	0.00259477
42.93918610	0.00218006
42.95110703	0.00360328
42.96302795	0.01005170
42.97494888	0.01557075
42.98686981	0.01648877
42.99879074	0.01593357
43.01071167	0.01127661
43.02263260	0.00424571
43.03455353	0.00251635
43.04647446	0.00215427
43.05839539	0.00156275
43.07031631	0.00148117
43.08223724	0.00173900
43.09415817	0.00194083
43.10607910	0.00195229
43.11800003	0.00159889
43.12992096	0.00125432
43.14184189	0.00106473
43.15376282	0.00101551
43.16568375	0.00097822
43.17760468	0.00106284
43.18952560	0.00132597
43.20144653	0.00161487
43.21336746	0.00166311
43.22528839	0.00148640
43.23720932	0.00143371
43.24913025	0.00131647
43.26105118	0.00151298
43.27297211	0.00227268
43.28489304	0.00352634
43.29681396	0.00567795
43.30873489	0.01172460
43.32065582	0.01757400
43.33257675	0.01855450
43.34449768	0.01811237
43.35641861	0.01368395
43.36833954	0.00627924
43.38026047	0.00281294
43.39218140	0.00259717
43.40410233	0.00220557
43.41602325	0.00149368
43.42794418	0.00131235
43.43986511	0.00120276
43.45178604	0.00102984
43.46370697	0.00091436
43.47562790	0.00101142
43.48754883	0.00126881
43.49946976	0.00127675
43.51139069	0.00102452
43.52331161	0.00083062
43.53523254	0.00084759
43.54715347	0.00075267
43.55907440	0.00060973
43.57099533	0.00093007
43.58291626	0.00174314
43.59483719	0.00206999
43.60675812	0.00184988
43.61867905	0.00410038
43.63059998	0.01080063
43.64252090	0.01612196
43.65444183	0.01697951
43.66636276	0.01624867
43.67828369	0.01151256
43.69020462	0.00503907
43.70212555	0.00297339
43.71404648	0.00254640
43.72596741	0.00236885
43.73788834	0.00226494
43.74980927	0.00212571
43.76173019	0.00181657
43.77365112	0.00142217
43.78557205	0.00115769
43.79749298	0.00111975
43.80941391	0.00127241
43.82133484	0.00148446
43.83325577	0.00163198
43.84517670	0.00150053
43.85709763	0.00143755
43.86901855	0.00131300
43.88093948	0.00057004
43.89286041	0.00082251
43.90478134	0.00144867
43.91670227	0.00218207
43.92862320	0.00283478
43.94054413	0.00319457
43.95246506	0.00380811
43.96438599	0.00614510
43.97630692	0.01355852
43.98822784	0.01969398
44.00014877	0.02051928
44.01206970	0.01992582
44.02399063	0.01462108
44.03591156	0.00647634
44.04783249	0.00294755
44.05975342	0.00260087
44.07167435	0.00204243
44.08359528	0.00122277
44.09551620	0.00094878
44.10743713	0.00096387
44.11935806	0.00073268
44.13127899	0.00045388
44.14319992	0.00060026
44.15512085	0.00104095
44.16704178	0.00155177
44.17896271	0.00168465
44.19088364	0.00153757
44.20280457	0.00154293
44.21472549	0.00142365
44.22664642	0.00109473
44.23856735	0.00115507
44.25048828	0.00184246
44.26240921	0.00237155
44.27433014	0.00247211
44.28625107	0.00465127
44.29817200	0.01030153
44.31009293	0.01425100
44.32201385	0.01501077
44.33393478	0.01493620
44.34585571	0.01107363
44.35777664	0.00657508
44.36969757	0.00477526
44.38161850	0.00378717
44.39353943	0.00320434
44.40546036	0.00246541
44.41738129	0.00173172
44.42930222	0.00106005
44.44122314	0.00102809
44.45314407	0.00157412
44.46506500	0.00176324
44.47698593	0.00173070
44.48890686	0.00190532
44.50082779	0.00196581
44.51274872	0.00173740
44.52466965	0.00148133
44.53659058	0.00128177
44.54851151	0.00136810
44.56043243	0.00145701
44.57235336	0.00139669
44.58427429	0.00176182
44.59619522	0.00265817
44.60811615	0.00326048
44.62003708	0.00338730
44.63195801	0.00464694
44.64387894	0.01259168
44.65579987	0.01855040
44.66772079	0.01925969
44.67964172	0.01866535
44.69156265	0.01283263
44.70348358	0.00470361
44.71540451	0.00188662
44.72732544	0.00180713
44.73924637	0.00165927
44.75116730	0.00158665
44.76308823	0.00173457
44.77500916	0.00180930
44.78693008	0.00180065
44.79885101	0.00169992
44.81077194	0.00150548
44.82269287	0.00156287
44.83461380	0.00161565
44.84653473	0.00134074
44.85845566	0.00117876
44.87037659	0.00120702
44.88229752	0.00101796
44.89421844	0.00089049
44.90613937	0.00126459
44.91806030	0.00194393
44.92998123	0.00236579
44.94190216	0.00267712
44.95382309	0.00519156
44.96574402	0.01077190
44.97766495	0.01441998
44.98958588	0.01504414
45.00150681	0.01456380
45.01342773	0.01050918
45.02534866	0.00634950
45.03726959	0.00430511
45.04919052	0.00263329
45.06111145	0.00208641
45.07303238	0.00215231
45.08495331	0.00157029
45.09687424	0.00082406
45.10879517	0.00057840
45.12071609	0.00085287
45.13263702	0.00104673
45.14455795	0.00093672
45.15647888	0.00100424
45.16839981	0.00129100
45.18032074	0.00140734
45.19224167	0.00143437
45.20416260	0.00139636
45.21608353	0.00123776
45.22800446	0.00131991
45.23992538	0.00147389
45.25184631	0.00184276
45.26376724	0.00232794
45.27568817	0.00249484
45.28760910	0.00212247
45.29953003	0.00364237
45.31145096	0.01273326
45.32337189	0.01835238
45.33529282	0.01889787
45.34721375	0.01813731
45.35913467	0.01178083
45.37105560	0.00420248
45.38297653	0.00257115
45.39489746	0.00240416
45.40681839	0.00201146
45.41873932	0.00127481
45.43066025	0.00090718
45.44258118	0.00102593
45.45450211	0.00120040
45.46642303	0.00115260
45.47834396	0.00093240
45.49026489	0.00072562
45.50218582	0.00056954
45.51410675	0.00068495
45.52602768	0.00085180
45.53794861	0.00122098
45.54986954	0.00162288
45.56179047	0.00148330
45.57371140	0.00145705
45.58563232	0.00182763
45.59755325	0.00211080
45.60947418	0.00300869
45.62139511	0.00516567
45.63331604	0.00917907
45.64523697	0.01186237
45.65715790	0.01285370
45.66907883	0.01282214
45.68099976	0.00965903
45.69292068	0.00660402
45.70484161	0.00425263
45.71676254	0.00197740
45.72868347	0.00132383
45.74060440	0.00163466
45.75252533	0.00166369
45.76444626	0.00153336
45.77636719	0.00148131
45.78828812	0.00158069
45.80020905	0.00137915
45.81212997	0.00101059
45.82405090	0.00116573
45.83597183	0.00167982
45.84789276	0.00186877
45.85981369	0.00181855
45.87173462	0.00185301
45.88365555	0.00161476
45.89557648	0.00124726
45.90749741	0.00132198
45.91941833	0.00180061
45.93133926	0.00260075
45.94326019	0.00279378
45.95518112	0.00186934
45.96710205	0.00328214
45.97902298	0.01248547
45.99094391	0.01751473
46.00286484	0.01799016
46.01478577	0.01735193
46.02670670	0.01122262
46.03862762	0.00424723
46.05054855	0.00252126
46.06246948	0.00210970
46.07439041	0.00171033
46.08631134	0.00121008
46.09823227	0.00086644
46.11015320	0.00085477
46.12207413	0.00086540
46.13399506	0.00100812
46.14591599	0.00117062
46.15783691	0.00143351
46.16975784	0.00159026
46.18167877	0.00158143
46.19359970	0.00151192
46.20552063	0.00151524
46.21744156	0.00152653
46.22936249	0.00135163
46.24128342	0.00126389
46.25320435	0.00166764
46.26512527	0.00235521
46.27704620	0.00354326
46.28896713	0.00528484
46.30088806	0.00784446
46.31280899	0.00938911
46.32472992	0.01029589
46.33665085	0.01066420
46.34857178	0.00857104
46.36049271	0.00628923
46.37241364	0.00394630
46.38433456	0.00185903
46.39625549	0.00138029
46.40817642	0.00164327
46.42009735	0.00162081
46.43201828	0.00139626
46.44393921	0.00132339
46.45586014	0.00138284
46.46778107	0.00130717
46.47970200	0.00109906
46.49162292	0.00094700
46.50354385	0.00068034
46.51546478	0.00066299
46.52738571	0.00092807
46.53930664	0.00119981
46.55122757	0.00170741
46.56314850	0.00203897
46.57506943	0.00198082
46.58699036	0.00225033
46.59891129	0.00290052
46.61083221	0.00287588
46.62275314	0.00228625
46.63467407	0.00237899
46.64659500	0.01064189
46.65851593	0.01464476
46.67043686	0.01499213
46.68235779	0.01439294
46.69427872	0.00881186
46.70619965	0.00311087
46.71812057	0.00198355
46.73004150	0.00176817
46.74196243	0.00178319
46.75388336	0.00164320
46.76580429	0.00139494
46.77772522	0.00140938
46.78964615	0.00124099
46.80156708	0.00082514
46.81348801	0.00069216
46.82540894	0.00088194
46.83732986	0.00127067
46.84925079	0.00173745
46.86117172	0.00198996
46.87309265	0.00217000
46.88501358	0.00243770
46.89693451	0.00252246
46.90885544	0.00219498
46.92077637	0.00201300
46.93269730	0.00252061
46.94461823	0.00373189
46.95653915	0.00480721
46.96846008	0.00587245
46.98038101	0.00626861
46.99230194	0.00679100
47.00422287	0.00730134
47.01614380	0.00656349
47.02806473	0.00554756
47.03998566	0.00338838
47.05190659	0.00188937
47.06382751	0.00202763
47.07574844	0.00243706
47.08766937	0.00218593
47.09959030	0.00157343
47.11151123	0.00113173
47.12343216	0.00095197
47.13535309	0.00113436
47.14727402	0.00116121
47.15919495	0.00125108
47.17111588	0.00135308
47.18303680	0.00121528
47.19495773	0.00110470
47.20687866	0.00116023
47.21879959	0.00114399
47.23072052	0.00112723
47.24264145	0.00135992
47.25456238	0.00197184
47.26648331	0.00294085
47.27840424	0.00336851
47.29032516	0.00304518
47.30224609	0.00186120
47.31416702	0.00815336
47.32608795	0.01104788
47.33800888	0.01144043
47.34992981	0.01120546
47.36185074	0.00674656
47.37377167	0.00329173
47.38569260	0.00257842
47.39761353	0.00191055
47.40953445	0.00187029
47.42145538	0.00209286
47.43337631	0.00182603
47.44529724	0.00161373
47.45721817	0.00161873
47.46913910	0.00138444
47.48106003	0.00096025
47.49298096	0.00083622
47.50490189	0.00068708
47.51682281	0.00025589
47.52874374	0.00013890
47.54066467	0.00044344
47.55258560	0.00103658
47.56450653	0.00163088
47.57642746	0.00168264
47.58834839	0.00149886
47.60026932	0.00153008
47.61219025	0.00232713
47.62411118	0.00275264
47.63603210	0.00251923
47.64795303	0.00200830
47.65987396	0.00407585
47.67179489	0.00571167
47.68371582	0.00622827
47.69563675	0.00617421
47.70755768	0.00433985
47.71947861	0.00244281
47.73139954	0.00167875
47.74332047	0.00132545
47.75524139	0.00080661
47.76716232	0.00076745
47.77908325	0.00111991
47.79100418	0.00147001
47.80292511	0.00154534
47.81484604	0.00131021
47.82676697	0.00109626
47.83868790	0.00121345
47.85060883	0.00145614
47.86252975	0.00149957
47.87445068	0.00157644
47.88637161	0.00183889
47.89829254	0.00189170
47.91021347	0.00185421
47.92213440	0.00210583
47.93405533	0.00253570
47.94597626	0.00252503
47.95789719	0.00277684
47.96981812	0.00303892
47.98173904	0.00741146
47.99365997	0.00870697
48.00558090	0.00865007
48.01750183	0.00870310
48.02942276	0.00541606
48.04134369	0.00362669
48.05326462	0.00283400
48.06518555	0.00207147
48.07710648	0.00203834
48.08902740	0.00191478
48.10094833	0.00132545
48.11286926	0.00096094
48.12479019	0.00100743
48.13671112	0.00110955
48.14863205	0.00122968
48.16055298	0.00148006
48.17247391	0.00186327
48.18439484	0.00209453
48.19631577	0.00199021
48.20823669	0.00176679
48.22015762	0.00181814
48.23207855	0.00197406
48.24399948	0.00199338
48.25592041	0.00205056
48.26784134	0.00278172
48.27976227	0.00366934
48.29168320	0.00327591
48.30360413	0.00302785
48.31552505	0.00160361
48.32744598	0.00300542
48.33936691	0.00449479
48.35128784	0.00456527
48.36320877	0.00454918
48.37512970	0.00274892
48.38705063	0.00107722
48.39897156	0.00064762
48.41089249	0.00062453
48.42281342	0.00092338
48.43473434	0.00111669
48.44665527	0.00106993
48.45857620	0.00115262
48.47049713	0.00100047
48.48241806	0.00092084
48.49433899	0.00112614
48.50625992	0.00139516
48.51818085	0.00131224
48.53010178	0.00096680
48.54202271	0.00098321
48.55394363	0.00115973
48.56586456	0.00100676
48.57778549	0.00063425
48.58970642	0.00059190
48.60162735	0.00121520
48.61354828	0.00249280
48.62546921	0.00384379
48.63739014	0.00386132
48.64931107	0.00578554
48.66123199	0.00605624
48.67315292	0.00544361
48.68507385	0.00540880
48.69699478	0.00342261
48.70891571	0.00319982
48.72083664	0.00259451
48.73275757	0.00186937
48.74467850	0.00174554
48.75659943	0.00146182
48.76852036	0.00102440
48.78044128	0.00088015
48.79236221	0.00101928
48.80428314	0.00101505
48.81620407	0.00070634
