Частота	Канал A
(kГц)	(В)

0.00000000	2.90111100
0.01192093	2.01498600
0.02384186	1.37502800
0.03576279	0.43899890
0.04768372	0.04182030
0.05960464	0.00048873
0.07152557	0.00064901
0.08344650	0.00070073
0.09536743	0.00119772
0.10728836	0.00119470
0.11920929	0.00161930
0.13113022	0.00140949
0.14305115	0.00275911
0.15497208	0.00427677
0.16689301	0.00432098
0.17881393	0.00461703
0.19073486	0.00341509
0.20265579	0.00183220
0.21457672	0.00139366
0.22649765	0.00120661
0.23841858	0.00121487
0.25033951	0.00095702
0.26226044	0.00124348
0.27418137	0.00583752
0.28610229	0.02012429
0.29802322	0.03159984
0.30994415	0.03315694
0.32186508	0.03277986
0.33378601	0.02356326
0.34570694	0.00847581
0.35762787	0.00114304
0.36954880	0.00038730
0.38146973	0.00054696
0.39339066	0.00109782
0.40531158	0.00089462
0.41723251	0.00112976
0.42915344	0.00187028
0.44107437	0.00304664
0.45299530	0.00323126
0.46491623	0.00346950
0.47683716	0.00288694
0.48875809	0.00244983
0.50067902	0.00222224
0.51259995	0.00222045
0.52452087	0.00155824
0.53644180	0.00097797
0.54836273	0.00078034
0.56028366	0.00094603
0.57220459	0.00173890
0.58412552	0.00234573
0.59604645	0.00233525
0.60796738	0.00203966
0.61988831	0.00208653
0.63180923	0.00267034
0.64373016	0.00286227
0.65565109	0.00288967
0.66757202	0.00246567
0.67949295	0.00171984
0.69141388	0.00137566
0.70333481	0.00122633
0.71525574	0.00124279
0.72717667	0.00143874
0.73909760	0.00154905
0.75101852	0.00179097
0.76293945	0.00342300
0.77486038	0.00548314
0.78678131	0.00596145
0.79870224	0.00603579
0.81062317	0.00498919
0.82254410	0.00248191
0.83446503	0.00111625
0.84638596	0.00098031
0.85830688	0.00082300
0.87022781	0.00089059
0.88214874	0.00091814
0.89406967	0.00159168
0.90599060	0.00578654
0.91791153	0.00994709
0.92983246	0.01087792
0.94175339	0.01081659
0.95367432	0.00845598
0.96559525	0.00349464
0.97751617	0.00133823
0.98943710	0.00116489
1.00135803	0.00091986
1.01327896	0.00075621
1.02519989	0.00094031
1.03712082	0.00111146
1.04904175	0.00184519
1.06096268	0.00291039
1.07288361	0.00317103
1.08480453	0.00328555
1.09672546	0.00268655
1.10864639	0.00153753
1.12056732	0.00098897
1.13248825	0.00102722
1.14440918	0.00106658
1.15633011	0.00073095
1.16825104	0.00061180
1.18017197	0.00065782
1.19209290	0.00099011
1.20401382	0.00190552
1.21593475	0.00205640
1.22785568	0.00195886
1.23977661	0.00187355
1.25169754	0.00240186
1.26361847	0.00258135
1.27553940	0.00259000
1.28746033	0.00213956
1.29938126	0.00129482
1.31130219	0.00094149
1.32322311	0.00093274
1.33514404	0.00067718
1.34706497	0.00074333
1.35898590	0.00102919
1.37090683	0.00174394
1.38282776	0.00510991
1.39474869	0.00923896
1.40666962	0.01029041
1.41859055	0.01022192
1.43051147	0.00856866
1.44243240	0.00425037
1.45435333	0.00149461
1.46627426	0.00112676
1.47819519	0.00113338
1.49011612	0.00097659
1.50203705	0.00090152
1.51395798	0.00114127
1.52587891	0.00330561
1.53779984	0.00611224
1.54972076	0.00683178
1.56164169	0.00673305
1.57356262	0.00559462
1.58548355	0.00262645
1.59740448	0.00108415
1.60932541	0.00141313
1.62124634	0.00174470
1.63316727	0.00185987
1.64508820	0.00201059
1.65700912	0.00208354
1.66893005	0.00217721
1.68085098	0.00262228
1.69277191	0.00282206
1.70469284	0.00272675
1.71661377	0.00242946
1.72853470	0.00198347
1.74045563	0.00203918
1.75237656	0.00183952
1.76429749	0.00133497
1.77621841	0.00062023
1.78813934	0.00076901
1.80006027	0.00083386
1.81198120	0.00066443
1.82390213	0.00088882
1.83582306	0.00107498
1.84774399	0.00124846
1.85966492	0.00186759
1.87158585	0.00312729
1.88350677	0.00355366
1.89542770	0.00332522
1.90734863	0.00285455
1.91926956	0.00185089
1.93119049	0.00149517
1.94311142	0.00153771
1.95503235	0.00128948
1.96695328	0.00105988
1.97887421	0.00109152
1.99079514	0.00175058
2.00271606	0.00838498
2.01463699	0.01857346
2.02655792	0.02232674
2.03847885	0.02252296
2.05039978	0.01999193
2.06232071	0.01058442
2.07424164	0.00248191
2.08616257	0.00097824
2.09808350	0.00087745
2.11000443	0.00086407
2.12192535	0.00115146
2.13384628	0.00126084
2.14576721	0.00240788
2.15768814	0.00462459
2.16960907	0.00553982
2.18153000	0.00545304
2.19345093	0.00486585
2.20537186	0.00288630
2.21729279	0.00145123
2.22921371	0.00120864
2.24113464	0.00122797
2.25305557	0.00152603
2.26497650	0.00169118
2.27689743	0.00155879
2.28881836	0.00154125
2.30073929	0.00213016
2.31266022	0.00261356
2.32458115	0.00266766
2.33650208	0.00229412
2.34842300	0.00172636
2.36034393	0.00169807
2.37226486	0.00164373
2.38418579	0.00143866
2.39610672	0.00085487
2.40802765	0.00089020
2.41994858	0.00089594
2.43186951	0.00093267
2.44379044	0.00126205
2.45571136	0.00143888
2.46763229	0.00146202
2.47955322	0.00245664
2.49147415	0.00422903
2.50339508	0.00489116
2.51531601	0.00458880
2.52723694	0.00397695
2.53915787	0.00226287
2.55107880	0.00157880
2.56299973	0.00187752
2.57492065	0.00191337
2.58684158	0.00180501
2.59876251	0.00140177
2.61068344	0.00297769
2.62260437	0.02093636
2.63452530	0.05281788
2.64644623	0.06820018
2.65836716	0.06879173
2.67028809	0.06368642
2.68220901	0.03749813
2.69412994	0.00948055
2.70605087	0.00135927
2.71797180	0.00098454
2.72989273	0.00113699
2.74181366	0.00156081
2.75373459	0.00182610
2.76565552	0.00230016
2.77757645	0.00352971
2.78949738	0.00428711
2.80141830	0.00418327
2.81333923	0.00392693
2.82526016	0.00282713
2.83718109	0.00186232
2.84910202	0.00155181
2.86102295	0.00147077
2.87294388	0.00120136
2.88486481	0.00110550
2.89678574	0.00096946
2.90870667	0.00116358
2.92062759	0.00177616
2.93254852	0.00205308
2.94446945	0.00188883
2.95639038	0.00173546
2.96831131	0.00172725
2.98023224	0.00218679
2.99215317	0.00227274
3.00407410	0.00209909
3.01599503	0.00125788
3.02791595	0.00067234
3.03983688	0.00083578
3.05175781	0.00099334
3.06367874	0.00139394
3.07559967	0.00164636
3.08752060	0.00165500
3.09944153	0.00184075
3.11136246	0.00372144
3.12328339	0.00524928
3.13520432	0.00545592
3.14712524	0.00531852
3.15904617	0.00363680
3.17096710	0.00146643
3.18288803	0.00094062
3.19480896	0.00100776
3.20672989	0.00129882
3.21865082	0.00164052
3.23057175	0.00161975
3.24249268	0.00313611
3.25441360	0.00925550
3.26633453	0.01316506
3.27825546	0.01359155
3.29017639	0.01311661
3.30209732	0.00879605
3.31401825	0.00304555
3.32593918	0.00122153
3.33786011	0.00103058
3.34978104	0.00105045
3.36170197	0.00114758
3.37362289	0.00121866
3.38554382	0.00139687
3.39746475	0.00236284
3.40938568	0.00307658
3.42130661	0.00310887
3.43322754	0.00303127
3.44514847	0.00236028
3.45706940	0.00152686
3.46899033	0.00134901
3.48091125	0.00133274
3.49283218	0.00111558
3.50475311	0.00077965
3.51667404	0.00075563
3.52859497	0.00071657
3.54051590	0.00061450
3.55243683	0.00099142
3.56435776	0.00104579
3.57627869	0.00113120
3.58819962	0.00136821
3.60012054	0.00174373
3.61204147	0.00172543
3.62396240	0.00187939
3.63588333	0.00168246
3.64780426	0.00126850
3.65972519	0.00104800
3.67164612	0.00087615
3.68356705	0.00067798
3.69548798	0.00108098
3.70740891	0.00129561
3.71932983	0.00204938
3.73125076	0.00530111
3.74317169	0.00798929
3.75509262	0.00826127
3.76701355	0.00807924
3.77893448	0.00572194
3.79085541	0.00223408
3.80277634	0.00135376
3.81469727	0.00123193
3.82661819	0.00129252
3.83853912	0.00145845
3.85046005	0.00153520
3.86238098	0.00194228
3.87430191	0.00456502
3.88622284	0.00705402
3.89814377	0.00743723
3.91006470	0.00737932
3.92198563	0.00558816
3.93390656	0.00270183
3.94582748	0.00170211
3.95774841	0.00173124
3.96966934	0.00161593
3.98159027	0.00126959
3.99351120	0.00085691
4.00543213	0.00066558
4.01735306	0.00155823
4.02927399	0.00239740
4.04119492	0.00245537
4.05311584	0.00222211
4.06503677	0.00160916
4.07695770	0.00119287
4.08887863	0.00129658
4.10079956	0.00144645
4.11272049	0.00144556
4.12464142	0.00134682
4.13656235	0.00139518
4.14848328	0.00138589
4.16040421	0.00112392
4.17232513	0.00097577
4.18424606	0.00128885
4.19616699	0.00166184
4.20808792	0.00254289
4.22000885	0.00351087
4.23192978	0.00375344
4.24385071	0.00342578
4.25577164	0.00248188
4.26769257	0.00093055
4.27961349	0.00063707
4.29153442	0.00072389
4.30345535	0.00108942
4.31537628	0.00164956
4.32729721	0.00174975
4.33921814	0.00244324
4.35113907	0.00846542
4.36306000	0.01486420
4.37498093	0.01634902
4.38690186	0.01641686
4.39882278	0.01285545
4.41074371	0.00522603
4.42266464	0.00146250
4.43458557	0.00142820
4.44650650	0.00114560
4.45842743	0.00073234
4.47034836	0.00053655
4.48226929	0.00118156
4.49419022	0.00326887
4.50611115	0.00512268
4.51803207	0.00537436
4.52995300	0.00494377
4.54187393	0.00379354
4.55379486	0.00174412
4.56571579	0.00126790
4.57763672	0.00153837
4.58955765	0.00170305
4.60147858	0.00169652
4.61339951	0.00166872
4.62532043	0.00148335
4.63724136	0.00123374
4.64916229	0.00155840
4.66108322	0.00186092
4.67300415	0.00203926
4.68492508	0.00198899
4.69684601	0.00196192
4.70876694	0.00195100
4.72068787	0.00186305
4.73260880	0.00135776
4.74452972	0.00088163
4.75645065	0.00094596
4.76837158	0.00108176
4.78029251	0.00125200
4.79221344	0.00154034
4.80413437	0.00186264
4.81605530	0.00173336
4.82797623	0.00241903
4.83989716	0.00351768
4.85181808	0.00388214
4.86373901	0.00397877
4.87565994	0.00341229
4.88758087	0.00166011
4.89950180	0.00101127
4.91142273	0.00042217
4.92334366	0.00123742
4.93526459	0.00096088
4.94718552	0.00549203
4.95910645	0.12166890
4.97102737	0.60358660
4.98294830	1.17524500
4.99486923	1.33725400
5.00679016	1.33445800
5.01871109	1.12012600
5.03063202	0.52038280
5.04255295	0.08991914
5.05447388	0.00361386
5.06639481	0.00097044
5.07831573	0.00043399
5.09023666	0.00126150
5.10215759	0.00072455
5.11407852	0.00152849
5.12599945	0.00274515
5.13792038	0.00340119
5.14984131	0.00359891
5.16176224	0.00349048
5.17368317	0.00237937
5.18560410	0.00198233
5.19752502	0.00153492
5.20944595	0.00157543
5.22136688	0.00135333
5.23328781	0.00134788
5.24520874	0.00141875
5.25712967	0.00148767
5.26905060	0.00198358
5.28097153	0.00215742
5.29289246	0.00221008
5.30481339	0.00192904
5.31673431	0.00166234
5.32865524	0.00155911
5.34057617	0.00155667
5.35249710	0.00142467
5.36441803	0.00093164
5.37633896	0.00076665
5.38825989	0.00078714
5.40018082	0.00065020
5.41210175	0.00120911
5.42402267	0.00176466
5.43594360	0.00199406
5.44786453	0.00270939
5.45978546	0.00452007
5.47170639	0.00524027
5.48362732	0.00512421
5.49554825	0.00435517
5.50746918	0.00211631
5.51939011	0.00082399
5.53131104	0.00099710
5.54323196	0.00116287
5.55515289	0.00125776
5.56707382	0.00105783
5.57899475	0.00122053
5.59091568	0.00615325
5.60283661	0.01390876
5.61475754	0.01693537
5.62667847	0.01698112
5.63859940	0.01524945
5.65052032	0.00832266
5.66244125	0.00221863
5.67436218	0.00104993
5.68628311	0.00108607
5.69820404	0.00112142
5.71012497	0.00099660
5.72204590	0.00086082
5.73396683	0.00139955
5.74588776	0.00277458
5.75780869	0.00332643
5.76972961	0.00321425
5.78165054	0.00301001
5.79357147	0.00222088
5.80549240	0.00198775
5.81741333	0.00195213
5.82933426	0.00191628
5.84125519	0.00173164
5.85317612	0.00158772
5.86509705	0.00140133
5.87701797	0.00126736
5.88893890	0.00123201
5.90085983	0.00150991
5.91278076	0.00178078
5.92470169	0.00222379
5.93662262	0.00294252
5.94854355	0.00353611
5.96046448	0.00345242
5.97238541	0.00293942
5.98430634	0.00196781
5.99622726	0.00155415
6.00814819	0.00147132
6.02006912	0.00138783
6.03199005	0.00121723
6.04391098	0.00115235
6.05583191	0.00144496
6.06775284	0.00281106
6.07967377	0.00576034
6.09159470	0.00725115
6.10351563	0.00731604
6.11543655	0.00692149
6.12735748	0.00442932
6.13927841	0.00190537
6.15119934	0.00132975
6.16312027	0.00115472
6.17504120	0.00117275
6.18696213	0.00125780
6.19888306	0.00117782
6.21080399	0.00239624
6.22272491	0.00619632
6.23464584	0.00820633
6.24656677	0.00833907
6.25848770	0.00785570
6.27040863	0.00483929
6.28232956	0.00195264
6.29425049	0.00168905
6.30617142	0.00166803
6.31809235	0.00134689
6.33001328	0.00106818
6.34193420	0.00102940
6.35385513	0.00089735
6.36577606	0.00162837
6.37769699	0.00229843
6.38961792	0.00253194
6.40153885	0.00271175
6.41345978	0.00252408
6.42538071	0.00251590
6.43730164	0.00233921
6.44922256	0.00203740
6.46114349	0.00159552
6.47306442	0.00125419
6.48498535	0.00122655
6.49690628	0.00104386
6.50882721	0.00078163
6.52074814	0.00109898
6.53266907	0.00117391
6.54459000	0.00129083
6.55651093	0.00231872
6.56843185	0.00320414
6.58035278	0.00334188
6.59227371	0.00314109
6.60419464	0.00186852
6.61611557	0.00070613
6.62803650	0.00084372
6.63995743	0.00126061
6.65187836	0.00184626
6.66379929	0.00220517
6.67572021	0.00226674
6.68764114	0.00375133
6.69956207	0.00930351
6.71148300	0.01302554
6.72340393	0.01350059
6.73532486	0.01319319
6.74724579	0.00901145
6.75916672	0.00368639
6.77108765	0.00207982
6.78300858	0.00170365
6.79492950	0.00122673
6.80685043	0.00114946
6.81877136	0.00131222
6.83069229	0.00151890
6.84261322	0.00368941
6.85453415	0.00542958
6.86645508	0.00575595
6.87837601	0.00561417
6.89029694	0.00381728
6.90221786	0.00170413
6.91413879	0.00128419
6.92605972	0.00117719
6.93798065	0.00099627
6.94990158	0.00103622
6.96182251	0.00099525
6.97374344	0.00086653
6.98566437	0.00143430
6.99758530	0.00193562
7.00950623	0.00196796
7.02142715	0.00191105
7.03334808	0.00189556
7.04526901	0.00222629
7.05718994	0.00238260
7.06911087	0.00242671
7.08103180	0.00184343
7.09295273	0.00109869
7.10487366	0.00081327
7.11679459	0.00071849
7.12871552	0.00074201
7.14063644	0.00076198
7.15255737	0.00063074
7.16447830	0.00073743
7.17639923	0.00199724
7.18832016	0.00325641
7.20024109	0.00357035
7.21216202	0.00356722
7.22408295	0.00262554
7.23600388	0.00120723
7.24792480	0.00079292
7.25984573	0.00099796
7.27176666	0.00139411
7.28368759	0.00163988
7.29560852	0.00162853
7.30752945	0.01079140
7.31945038	0.03786847
7.33137131	0.05935824
7.34329224	0.06254128
7.35521317	0.06141021
7.36713409	0.04464615
7.37905502	0.01597505
7.39097595	0.00225567
7.40289688	0.00107992
7.41481781	0.00103471
7.42673874	0.00135769
7.43865967	0.00165916
7.45058060	0.00180009
7.46250153	0.00287428
7.47442245	0.00410664
7.48634338	0.00443637
7.49826431	0.00444862
7.51018524	0.00361342
7.52210617	0.00228791
7.53402710	0.00166038
7.54594803	0.00146938
7.55786896	0.00154780
7.56978989	0.00159242
7.58171082	0.00145974
7.59363174	0.00126789
7.60555267	0.00102645
7.61747360	0.00144643
7.62939453	0.00178665
7.64131546	0.00218171
7.65323639	0.00265115
7.66515732	0.00308292
7.67707825	0.00306143
7.68899918	0.00286324
7.70092010	0.00216726
7.71284103	0.00140902
7.72476196	0.00136359
7.73668289	0.00133352
7.74860382	0.00130702
7.76052475	0.00145213
7.77244568	0.00147397
7.78436661	0.00154426
7.79628754	0.00290500
7.80820847	0.00468021
7.82012939	0.00506520
7.83205032	0.00498080
7.84397125	0.00384378
7.85589218	0.00172346
7.86781311	0.00078363
7.87973404	0.00060592
7.89165497	0.00063812
7.90357590	0.00089937
7.91549683	0.00116299
7.92741776	0.00356637
7.93933868	0.01251790
7.95125961	0.02127206
7.96318054	0.02274874
7.97510147	0.02221664
7.98702240	0.01723945
7.99894333	0.00679723
8.01086426	0.00146311
8.02278519	0.00118975
8.03470612	0.00075463
8.04662704	0.00045381
8.05854797	0.00042268
8.07046890	0.00043101
8.08238983	0.00109741
8.09431076	0.00240132
8.10623169	0.00291104
8.11815262	0.00319790
8.13007355	0.00281324
8.14199448	0.00180432
8.15391541	0.00135186
8.16583633	0.00119839
8.17775726	0.00114896
8.18967819	0.00116348
8.20159912	0.00122148
8.21352005	0.00113127
8.22544098	0.00113339
8.23736191	0.00156957
8.24928284	0.00170304
8.26120377	0.00165657
8.27312469	0.00171110
8.28504562	0.00193404
8.29696655	0.00205071
8.30888748	0.00204817
8.32080841	0.00155666
8.33272934	0.00065304
8.34465027	0.00078034
8.35657120	0.00111923
8.36849213	0.00138452
8.38041306	0.00161524
8.39233398	0.00172923
8.40425491	0.00178992
8.41617584	0.00314335
8.42809677	0.00586666
8.44001770	0.00693508
8.45193863	0.00720487
8.46385956	0.00629546
8.47578049	0.00326308
8.48770142	0.00115162
8.49962234	0.00117502
8.51154327	0.00159204
8.52346420	0.00186774
8.53538513	0.00177201
8.54730606	0.00151445
8.55922699	0.00412852
8.57114792	0.00835053
8.58306885	0.00956713
8.59498978	0.00953324
8.60691071	0.00801812
8.61883163	0.00372718
8.63075256	0.00093684
8.64267349	0.00076012
8.65459442	0.00109073
8.66651535	0.00135881
8.67843628	0.00134839
8.69035721	0.00120744
8.70227814	0.00150943
8.71419907	0.00264827
8.72612000	0.00309357
8.73804092	0.00304276
8.74996185	0.00249776
8.76188278	0.00162011
8.77380371	0.00155742
8.78572464	0.00161526
8.79764557	0.00156671
8.80956650	0.00124360
8.82148743	0.00097236
8.83340836	0.00081311
8.84532928	0.00051578
8.85725021	0.00108227
8.86917114	0.00156305
8.88109207	0.00175848
8.89301300	0.00197599
8.90493393	0.00246105
8.91685486	0.00258947
8.92877579	0.00237085
8.94069672	0.00180475
8.95261765	0.00075780
8.96453857	0.00105857
8.97645950	0.00130222
8.98838043	0.00140663
9.00030136	0.00118169
9.01222229	0.00089203
9.02414322	0.00136241
9.03606415	0.00467465
9.04798508	0.00948964
9.05990601	0.01126529
9.07182693	0.01125512
9.08374786	0.01001536
9.09566879	0.00547261
9.10758972	0.00189584
9.11951065	0.00154438
9.13143158	0.00146080
9.14335251	0.00094163
9.15527344	0.00099874
9.16719437	0.00140578
9.17911530	0.00298774
9.19103622	0.00575116
9.20295715	0.00682018
9.21487808	0.00686297
9.22679901	0.00630769
9.23871994	0.00376321
9.25064087	0.00175369
9.26256180	0.00148502
9.27448273	0.00137901
9.28640366	0.00107290
9.29832458	0.00096065
9.31024551	0.00094304
9.32216644	0.00111762
9.33408737	0.00191395
9.34600830	0.00250745
9.35792923	0.00258084
9.36985016	0.00243985
9.38177109	0.00224140
9.39369202	0.00221675
9.40561295	0.00214855
9.41753387	0.00200241
9.42945480	0.00179806
9.44137573	0.00175445
9.45329666	0.00176990
9.46521759	0.00164198
9.47713852	0.00141144
9.48905945	0.00142695
9.50098038	0.00140470
9.51290131	0.00163897
9.52482224	0.00293420
9.53674316	0.00380704
9.54866409	0.00397627
9.56058502	0.00368128
9.57250595	0.00238072
9.58442688	0.00131958
9.59634781	0.00126597
9.60826874	0.00145130
9.62018967	0.00145010
9.63211060	0.00148306
9.64403152	0.00180072
9.65595245	0.00916093
9.66787338	0.02366309
9.67979431	0.03099345
9.69171524	0.03166391
9.70363617	0.02970717
9.71555710	0.01789454
9.72747803	0.00500023
9.73939896	0.00128424
9.75131989	0.00100790
9.76324081	0.00070741
9.77516174	0.00061323
9.78708267	0.00060656
9.79900360	0.00144076
9.81092453	0.00361749
9.82284546	0.00483375
9.83476639	0.00497195
9.84668732	0.00461554
9.85860825	0.00299755
9.87052917	0.00196440
9.88245010	0.00209258
9.89437103	0.00208782
9.90629196	0.00150912
9.91821289	0.00092083
9.93013382	0.00084906
9.94205475	0.00092316
9.95397568	0.00148453
9.96589661	0.00213823
9.97781754	0.00263226
9.98973846	0.00301987
10.00165939	0.00293564
10.01358032	0.00257962
10.02550125	0.00216613
10.03742218	0.00188751
10.04934311	0.00138309
10.06126404	0.00112227
10.07318497	0.00100540
10.08510590	0.00104050
10.09702682	0.00152432
10.10894775	0.00195693
10.12086868	0.00203114
10.13278961	0.00210664
10.14471054	0.00318994
10.15663147	0.00419060
10.16855240	0.00425381
10.18047333	0.00413226
10.19239426	0.00282209
10.20431519	0.00102037
10.21623611	0.00048942
10.22815704	0.00056894
10.24007797	0.00082108
10.25199890	0.00131096
10.26391983	0.00154889
10.27584076	0.00778361
10.28776169	0.02367917
10.29968262	0.03396530
10.31160355	0.03487828
10.32352448	0.03337691
10.33544540	0.02198564
10.34736633	0.00655527
10.35928726	0.00071938
10.37120819	0.00054210
10.38312912	0.00076794
10.39505005	0.00102927
10.40697098	0.00098169
10.41889191	0.00137766
10.43081284	0.00282378
10.44273376	0.00386976
10.45465469	0.00386660
10.46657562	0.00353559
10.47849655	0.00241968
10.49041748	0.00140268
10.50233841	0.00125813
10.51425934	0.00128810
10.52618027	0.00108389
10.53810120	0.00098569
10.55002213	0.00102236
10.56194305	0.00106573
10.57386398	0.00125012
10.58578491	0.00149111
10.59770584	0.00145670
10.60962677	0.00168014
10.62154770	0.00206224
10.63346863	0.00234612
10.64538956	0.00246384
10.65731049	0.00249338
10.66923141	0.00181312
10.68115234	0.00090894
10.69307327	0.00083825
10.70499420	0.00114958
10.71691513	0.00136690
10.72883606	0.00144572
10.74075699	0.00152151
10.75267792	0.00217213
10.76459885	0.00422767
10.77651978	0.00604624
10.78844070	0.00634515
10.80036163	0.00627290
10.81228256	0.00477940
10.82420349	0.00239017
10.83612442	0.00160582
10.84804535	0.00152103
10.85996628	0.00149179
10.87188721	0.00156836
10.88380814	0.00156133
10.89572906	0.00238088
10.90764999	0.00714414
10.91957092	0.01133291
10.93149185	0.01197705
10.94341278	0.01188272
10.95533371	0.00902967
10.96725464	0.00384792
10.97917557	0.00174468
10.99109650	0.00158269
11.00301743	0.00146817
11.01493835	0.00140682
11.02685928	0.00142350
11.03878021	0.00153065
11.05070114	0.00214409
11.06262207	0.00305662
11.07454300	0.00317102
11.08646393	0.00301986
11.09838486	0.00224937
11.11030579	0.00121041
11.12222672	0.00109247
11.13414764	0.00124089
11.14606857	0.00114818
11.15798950	0.00099729
11.16991043	0.00118593
11.18183136	0.00136844
11.19375229	0.00177291
11.20567322	0.00210820
11.21759415	0.00186922
11.22951508	0.00173638
11.24143600	0.00196612
11.25335693	0.00246780
11.26527786	0.00261430
11.27719879	0.00277076
11.28911972	0.00231176
11.30104065	0.00128662
11.31296158	0.00122104
11.32488251	0.00140384
11.33680344	0.00128800
11.34872437	0.00147275
11.36064529	0.00182859
11.37256622	0.00255624
11.38448715	0.00544687
11.39640808	0.00887789
11.40832901	0.00960924
11.42024994	0.00954524
11.43217087	0.00774717
11.44409180	0.00356476
11.45601273	0.00102956
11.46793365	0.00066599
11.47985458	0.00069754
11.49177551	0.00104764
11.50369644	0.00125997
11.51561737	0.00113268
11.52753830	0.00304788
11.53945923	0.00580640
11.55138016	0.00661493
11.56330109	0.00676169
11.57522202	0.00547720
11.58714294	0.00276829
11.59906387	0.00178287
11.61098480	0.00166048
11.62290573	0.00141094
11.63482666	0.00098572
11.64674759	0.00080084
11.65866852	0.00088375
11.67058945	0.00161658
11.68251038	0.00271331
11.69443130	0.00300935
11.70635223	0.00279283
11.71827316	0.00222008
11.73019409	0.00168238
11.74211502	0.00146141
11.75403595	0.00140349
11.76595688	0.00145255
11.77787781	0.00170162
11.78979874	0.00184161
11.80171967	0.00180777
11.81364059	0.00204718
11.82556152	0.00234907
11.83748245	0.00229276
11.84940338	0.00214787
11.86132431	0.00215484
11.87324524	0.00283887
11.88516617	0.00322740
11.89708710	0.00339733
11.90900803	0.00296704
11.92092896	0.00161257
11.93284988	0.00102088
11.94477081	0.00103374
11.95669174	0.00103780
11.96861267	0.00107904
11.98053360	0.00113322
11.99245453	0.00205177
12.00437546	0.00936396
12.01629639	0.01866094
12.02821732	0.02146623
12.04013824	0.02154217
12.05205917	0.01820315
12.06398010	0.00862431
12.07590103	0.00208704
12.08782196	0.00114718
12.09974289	0.00097721
12.11166382	0.00109775
12.12358475	0.00154513
12.13550568	0.00196027
12.14742661	0.00292462
12.15934753	0.00451959
12.17126846	0.00502860
12.18318939	0.00500022
12.19511032	0.00439154
12.20703125	0.00242503
12.21895218	0.00135172
12.23087311	0.00137504
12.24279404	0.00118230
12.25471497	0.00052867
12.26663589	0.00030965
12.27855682	0.00045013
12.29047775	0.00102343
12.30239868	0.00210455
12.31431961	0.00267128
12.32624054	0.00294069
12.33816147	0.00264590
12.35008240	0.00182676
12.36200333	0.00155835
12.37392426	0.00177990
12.38584518	0.00177701
12.39776611	0.00109960
12.40968704	0.00082138
12.42160797	0.00082611
12.43352890	0.00118290
12.44544983	0.00190347
12.45737076	0.00216957
12.46929169	0.00193025
12.48121262	0.00203673
12.49313354	0.00354801
12.50505447	0.00423529
12.51697540	0.00423989
12.52889633	0.00374316
12.54081726	0.00217822
12.55273819	0.00105848
12.56465912	0.00105604
12.57658005	0.00125802
12.58850098	0.00159430
12.60042191	0.00174879
12.61234283	0.00491740
12.62426376	0.02823293
12.63618469	0.06354838
12.64810562	0.07758195
12.66002655	0.07803725
12.67194748	0.06998427
12.68386841	0.03788514
12.69578934	0.00876272
12.70771027	0.00151200
12.71963120	0.00115090
12.73155212	0.00125833
12.74347305	0.00121791
12.75539398	0.00104599
12.76731491	0.00147622
12.77923584	0.00315873
12.79115677	0.00401759
12.80307770	0.00408850
12.81499863	0.00386084
12.82691956	0.00259202
12.83884048	0.00166282
12.85076141	0.00151792
12.86268234	0.00137115
12.87460327	0.00103961
12.88652420	0.00079318
12.89844513	0.00078897
12.91036606	0.00100236
12.92228699	0.00138862
12.93420792	0.00169617
12.94612885	0.00172597
12.95804977	0.00187924
12.96997070	0.00211149
12.98189163	0.00240087
12.99381256	0.00250468
13.00573349	0.00241141
13.01765442	0.00176360
13.02957535	0.00134394
13.04149628	0.00132230
13.05341721	0.00116331
13.06533813	0.00108611
13.07725906	0.00135023
13.08917999	0.00164333
13.10110092	0.00230822
13.11302185	0.00433278
13.12494278	0.00555163
13.13686371	0.00566715
13.14878464	0.00531252
13.16070557	0.00325847
13.17262650	0.00116381
13.18454742	0.00090039
13.19646835	0.00080341
13.20838928	0.00084845
13.22031021	0.00103337
13.23223114	0.00111703
13.24415207	0.00408859
13.25607300	0.01030981
13.26799393	0.01358558
13.27991486	0.01380867
13.29183578	0.01290576
13.30375671	0.00782323
13.31567764	0.00224653
13.32759857	0.00139178
13.33951950	0.00131867
13.35144043	0.00071858
13.36336136	0.00042465
13.37528229	0.00050663
13.38720322	0.00078126
13.39912415	0.00182861
13.41104507	0.00253320
13.42296600	0.00289506
13.43488693	0.00304041
13.44680786	0.00230310
13.45872879	0.00167616
13.47064972	0.00171466
13.48257065	0.00178687
13.49449158	0.00126662
13.50641251	0.00078569
13.51833344	0.00109481
13.53025436	0.00146857
13.54217529	0.00182862
13.55409622	0.00192670
13.56601715	0.00159657
13.57793808	0.00165005
13.58985901	0.00234762
13.60177994	0.00299161
13.61370087	0.00296589
13.62562180	0.00269388
13.63754272	0.00174889
13.64946365	0.00068828
13.66138458	0.00060594
13.67330551	0.00072277
13.68522644	0.00116697
13.69714737	0.00150914
13.70906830	0.00143963
13.72098923	0.00229911
13.73291016	0.00575735
13.74483109	0.00812250
13.75675201	0.00830542
13.76867294	0.00794040
13.78059387	0.00526215
13.79251480	0.00178870
13.80443573	0.00113101
13.81635666	0.00126212
13.82827759	0.00135803
13.84019852	0.00144088
13.85211945	0.00138171
13.86404037	0.00207784
13.87596130	0.00524667
13.88788223	0.00751730
13.89980316	0.00771827
13.91172409	0.00734054
13.92364502	0.00494816
13.93556595	0.00215236
13.94748688	0.00164306
13.95940781	0.00160926
13.97132874	0.00150281
13.98324966	0.00140386
13.99517059	0.00150727
14.00709152	0.00172187
14.01901245	0.00230341
14.03093338	0.00284361
14.04285431	0.00276560
14.05477524	0.00260922
14.06669617	0.00232931
14.07861710	0.00235332
14.09053802	0.00221814
14.10245895	0.00195308
14.11437988	0.00169155
14.12630081	0.00176568
14.13822174	0.00174587
14.15014267	0.00140913
14.16206360	0.00125889
14.17398453	0.00170661
14.18590546	0.00190407
14.19782639	0.00199449
14.20974731	0.00236376
14.22166824	0.00282590
14.23358917	0.00277078
14.24551010	0.00263450
14.25743103	0.00192334
14.26935196	0.00092479
14.28127289	0.00066119
14.29319382	0.00068969
14.30511475	0.00095109
14.31703568	0.00136735
14.32895660	0.00151737
14.34087753	0.00293645
14.35279846	0.00964750
14.36471939	0.01527478
14.37664032	0.01615280
14.38856125	0.01587990
14.40048218	0.01158984
14.41240311	0.00417833
14.42432404	0.00135477
14.43624496	0.00137722
14.44816589	0.00135743
14.46008682	0.00149345
14.47200775	0.00152513
14.48392868	0.00161902
14.49584961	0.00330683
14.50777054	0.00490400
14.51969147	0.00497309
14.53161240	0.00476772
14.54353333	0.00355710
14.55545425	0.00193891
14.56737518	0.00168941
14.57929611	0.00176868
14.59121704	0.00181992
14.60313797	0.00171162
14.61505890	0.00151299
14.62697983	0.00124124
14.63890076	0.00139683
14.65082169	0.00204082
14.66274261	0.00220574
14.67466354	0.00216180
14.68658447	0.00202100
14.69850540	0.00202764
14.71042633	0.00186648
14.72234726	0.00168208
14.73426819	0.00116129
14.74618912	0.00066937
14.75811005	0.00091078
14.77003098	0.00107421
14.78195190	0.00155527
14.79387283	0.00183203
14.80579376	0.00157745
14.81771469	0.00142721
14.82963562	0.00221152
14.84155655	0.00346457
14.85347748	0.00371762
14.86539841	0.00358360
14.87731934	0.00266825
14.88924026	0.00133093
14.90116119	0.00150438
14.91308212	0.00143867
14.92500305	0.00148005
14.93692398	0.00146371
14.94884491	0.00351358
14.96076584	0.05405838
14.97268677	0.23010210
14.98460770	0.40736960
14.99652863	0.44604950
15.00844955	0.44243500
15.02037048	0.35144930
15.03229141	0.14646290
15.04421234	0.02128722
15.05613327	0.00097973
15.06805420	0.00098105
15.07997513	0.00065390
15.09189606	0.00079644
15.10381699	0.00051503
15.11573792	0.00162212
15.12765884	0.00317477
15.13957977	0.00354300
15.15150070	0.00360438
15.16342163	0.00311278
15.17534256	0.00192179
15.18726349	0.00171696
15.19918442	0.00153476
15.21110535	0.00133782
15.22302628	0.00112010
15.23494720	0.00134562
15.24686813	0.00148412
15.25878906	0.00172545
15.27070999	0.00234235
15.28263092	0.00241798
15.29455185	0.00230762
15.30647278	0.00205994
15.31839371	0.00244240
15.33031464	0.00279916
15.34223557	0.00287083
15.35415649	0.00247110
15.36607742	0.00144286
15.37799835	0.00082986
15.38991928	0.00081103
15.40184021	0.00094994
15.41376114	0.00138564
15.42568207	0.00156146
15.43760300	0.00168193
15.44952393	0.00283484
15.46144485	0.00478520
15.47336578	0.00539303
15.48528671	0.00536291
15.49720764	0.00450959
15.50912857	0.00220709
15.52104950	0.00095828
15.53297043	0.00092148
15.54489136	0.00087690
15.55681229	0.00107233
15.56873322	0.00130533
15.58065414	0.00207015
15.59257507	0.00760557
15.60449600	0.01506641
15.61641693	0.01741300
15.62833786	0.01738738
15.64025879	0.01499143
15.65217972	0.00753075
15.66410065	0.00206834
15.67602158	0.00140378
15.68794250	0.00138269
15.69986343	0.00126477
15.71178436	0.00117658
15.72370529	0.00115333
15.73562622	0.00179271
15.74754715	0.00310360
15.75946808	0.00357453
15.77138901	0.00367876
15.78330994	0.00348435
15.79523087	0.00252490
15.80715179	0.00199706
15.81907272	0.00186337
15.83099365	0.00161070
15.84291458	0.00104374
15.85483551	0.00082071
15.86675644	0.00082343
15.87867737	0.00124387
15.89059830	0.00182731
15.90251923	0.00194723
15.91444016	0.00194430
15.92636108	0.00219243
15.93828201	0.00259074
15.95020294	0.00270500
15.96212387	0.00264526
15.97404480	0.00234971
15.98596573	0.00135465
15.99788666	0.00067513
16.00980759	0.00063512
16.02172852	0.00071532
16.03364944	0.00091030
16.04557037	0.00113860
16.05749130	0.00112779
16.06941223	0.00288068
16.08133316	0.00626091
16.09325409	0.00763722
16.10517502	0.00768451
16.11709595	0.00682978
16.12901688	0.00377621
16.14093781	0.00136263
16.15285873	0.00107992
16.16477966	0.00097266
16.17670059	0.00061437
16.18862152	0.00057999
16.20054245	0.00067514
16.21246338	0.00295673
16.22438431	0.00674422
16.23630524	0.00828439
16.24822617	0.00822729
16.26014709	0.00732541
16.27206802	0.00393879
16.28398895	0.00124681
16.29590988	0.00131013
16.30783081	0.00125385
16.31975174	0.00115333
16.33167267	0.00132623
16.34359360	0.00139346
16.35551453	0.00148564
16.36743546	0.00217686
16.37935638	0.00265519
16.39127731	0.00288830
16.40319824	0.00278831
16.41511917	0.00199426
16.42704010	0.00192128
16.43896103	0.00224192
16.45088196	0.00233469
16.46280289	0.00179569
16.47472382	0.00107752
16.48664474	0.00071148
16.49856567	0.00104173
16.51048660	0.00202981
16.52240753	0.00256008
16.53432846	0.00247971
16.54624939	0.00238792
16.55817032	0.00275629
16.57009125	0.00312946
16.58201218	0.00315619
16.59393311	0.00285071
16.60585403	0.00148531
16.61777496	0.00046018
16.62969589	0.00086604
16.64161682	0.00128900
16.65353775	0.00174181
16.66545868	0.00184477
16.67737961	0.00170612
16.68930054	0.00409623
16.70122147	0.00975630
16.71314240	0.01273151
16.72506332	0.01303450
16.73698425	0.01242616
16.74890518	0.00782272
16.76082611	0.00265564
16.77274704	0.00110940
16.78466797	0.00082724
16.79658890	0.00025310
16.80850983	0.00030045
16.82043076	0.00057650
16.83235168	0.00188533
16.84427261	0.00440319
16.85619354	0.00559897
16.86811447	0.00551743
16.88003540	0.00516968
16.89195633	0.00327551
16.90387726	0.00135586
16.91579819	0.00106221
16.92771912	0.00112040
16.93964005	0.00118452
16.95156097	0.00117660
16.96348190	0.00120543
16.97540283	0.00120422
16.98732376	0.00151760
16.99924469	0.00209580
17.01116562	0.00239870
17.02308655	0.00250038
17.03500748	0.00202533
17.04692841	0.00173292
17.05884933	0.00179739
17.07077026	0.00197710
17.08269119	0.00176317
17.09461212	0.00130469
17.10653305	0.00110813
17.11845398	0.00083066
17.13037491	0.00128309
17.14229584	0.00187046
17.15421677	0.00181080
17.16613770	0.00188812
17.17805862	0.00290303
17.18997955	0.00376632
17.20190048	0.00384582
17.21382141	0.00376476
17.22574234	0.00287062
17.23766327	0.00193846
17.24958420	0.00175330
17.26150513	0.00176327
17.27342606	0.00148744
17.28534698	0.00136450
17.29726791	0.00219689
17.30918884	0.01307443
17.32110977	0.03877851
17.33303070	0.05573725
17.34495163	0.05726345
17.35687256	0.05512388
17.36879349	0.03709522
17.38071442	0.01168174
17.39263535	0.00173551
17.40455627	0.00132128
17.41647720	0.00100359
17.42839813	0.00058988
17.44031906	0.00049987
17.45223999	0.00110543
17.46416092	0.00308818
17.47608185	0.00436456
17.48800278	0.00445487
17.49992371	0.00436754
17.51184464	0.00327208
17.52376556	0.00202883
17.53568649	0.00167435
17.54760742	0.00158752
17.55952835	0.00128115
17.57144928	0.00068037
17.58337021	0.00061851
17.59529114	0.00079563
17.60721207	0.00147439
17.61913300	0.00204204
17.63105392	0.00192693
17.64297485	0.00184918
17.65489578	0.00199223
17.66681671	0.00242731
17.67873764	0.00248396
17.69065857	0.00225964
17.70257950	0.00156165
17.71450043	0.00082663
17.72642136	0.00077113
17.73834229	0.00095025
17.75026321	0.00126923
17.76218414	0.00163796
17.77410507	0.00160364
17.78602600	0.00164320
17.79794693	0.00315672
17.80986786	0.00473090
17.82178879	0.00503694
17.83370972	0.00500884
17.84563065	0.00364417
17.85755157	0.00147690
17.86947250	0.00079754
17.88139343	0.00096609
17.89331436	0.00085852
17.90523529	0.00058701
17.91715622	0.00079545
17.92907715	0.00435878
17.94099808	0.01474102
17.95291901	0.02320563
17.96483994	0.02448701
17.97676086	0.02407936
17.98868179	0.01788764
18.00060272	0.00683839
18.01252365	0.00149905
18.02444458	0.00126260
18.03636551	0.00151700
18.04828644	0.00160330
18.06020737	0.00146237
18.07212830	0.00136907
18.08404922	0.00208250
18.09597015	0.00313274
18.10789108	0.00317166
18.11981201	0.00300800
18.13173294	0.00231451
18.14365387	0.00139152
18.15557480	0.00120515
18.16749573	0.00114494
18.17941666	0.00109397
18.19133759	0.00109915
18.20325851	0.00106561
18.21517944	0.00092388
18.22710037	0.00081780
18.23902130	0.00110339
18.25094223	0.00117507
18.26286316	0.00132392
18.27478409	0.00166652
18.28670502	0.00210456
18.29862595	0.00216310
18.31054688	0.00217565
18.32246780	0.00189573
18.33438873	0.00135305
18.34630966	0.00120146
18.35823059	0.00111992
18.37015152	0.00114442
18.38207245	0.00156928
18.39399338	0.00176080
18.40591431	0.00183366
18.41783524	0.00362277
18.42975616	0.00610569
18.44167709	0.00666499
18.45359802	0.00652633
18.46551895	0.00508422
18.47743988	0.00217739
18.48936081	0.00117052
18.50128174	0.00121797
18.51320267	0.00093496
18.52512360	0.00102395
18.53704453	0.00124154
18.54896545	0.00172981
18.56088638	0.00500803
18.57280731	0.00872567
18.58472824	0.00949264
18.59664917	0.00946218
18.60857010	0.00768725
18.62049103	0.00353061
18.63241196	0.00176347
18.64433289	0.00177582
18.65625381	0.00166613
18.66817474	0.00137586
18.68009567	0.00105938
18.69201660	0.00079449
18.70393753	0.00127496
18.71585846	0.00242745
18.72777939	0.00274771
18.73970032	0.00281770
18.75162125	0.00260149
18.76354218	0.00219932
18.77546310	0.00207874
18.78738403	0.00201614
18.79930496	0.00183732
18.81122589	0.00139045
18.82314682	0.00100517
18.83506775	0.00075475
18.84698868	0.00083580
18.85890961	0.00145391
18.87083054	0.00173773
18.88275146	0.00172274
18.89467239	0.00147851
18.90659332	0.00184365
18.91851425	0.00205705
18.93043518	0.00224959
18.94235611	0.00209220
18.95427704	0.00132072
18.96619797	0.00099329
18.97811890	0.00079365
18.99003983	0.00067010
19.00196075	0.00101223
19.01388168	0.00120511
19.02580261	0.00096287
19.03772354	0.00427321
19.04964447	0.00906885
19.06156540	0.01061433
19.07348633	0.01079902
19.08540726	0.00931687
19.09732819	0.00455926
19.10924911	0.00104486
19.12117004	0.00054514
19.13309097	0.00075584
19.14501190	0.00115917
19.15693283	0.00136019
19.16885376	0.00137611
19.18077469	0.00272278
19.19269562	0.00514794
19.20461655	0.00581725
19.21653748	0.00569753
19.22845840	0.00480222
19.24037933	0.00223494
19.25230026	0.00127110
19.26422119	0.00155867
19.27614212	0.00146177
19.28806305	0.00095952
19.29998398	0.00070388
19.31190491	0.00075715
19.32382584	0.00103631
19.33574677	0.00177140
19.34766769	0.00204729
19.35958862	0.00218598
19.37150955	0.00215986
19.38343048	0.00171017
19.39535141	0.00156920
19.40727234	0.00158320
19.41919327	0.00155322
19.43111420	0.00127476
19.44303513	0.00131237
19.45495605	0.00123575
19.46687698	0.00092355
19.47879791	0.00119797
19.49071884	0.00164760
19.50263977	0.00174806
19.51456070	0.00184821
19.52648163	0.00296598
19.53840256	0.00368619
19.55032349	0.00383968
19.56224442	0.00339564
19.57416534	0.00195695
19.58608627	0.00117245
19.59800720	0.00120110
19.60992813	0.00138498
19.62184906	0.00140335
19.63376999	0.00132365
19.64569092	0.00230537
19.65761185	0.01108781
19.66953278	0.02479351
19.68145370	0.03025933
19.69337463	0.03020482
19.70529556	0.02696173
19.71721649	0.01440013
19.72913742	0.00289414
19.74105835	0.00070450
19.75297928	0.00081417
19.76490021	0.00095630
19.77682114	0.00110676
19.78874207	0.00111995
19.80066299	0.00182849
19.81258392	0.00364342
19.82450485	0.00433455
19.83642578	0.00408287
19.84834671	0.00360622
19.86026764	0.00213043
19.87218857	0.00127962
19.88410950	0.00117485
19.89603043	0.00102264
19.90795135	0.00081641
19.91987228	0.00088998
19.93179321	0.00098704
19.94371414	0.00132798
19.95563507	0.00223895
19.96755600	0.00309527
19.97947693	0.00364318
19.99139786	0.00363084
20.00331879	0.00301429
20.01523972	0.00255139
20.02716064	0.00225929
20.03908157	0.00203418
20.05100250	0.00128425
20.06292343	0.00083017
20.07484436	0.00101081
20.08676529	0.00112876
20.09868622	0.00134984
20.11060715	0.00169520
20.12252808	0.00193402
20.13444901	0.00250931
20.14636993	0.00393666
20.15829086	0.00477920
20.17021179	0.00479527
20.18213272	0.00454144
20.19405365	0.00299059
20.20597458	0.00150577
20.21789551	0.00124808
20.22981644	0.00119709
20.24173737	0.00148996
20.25365829	0.00182164
20.26557922	0.00234288
20.27750015	0.01064318
20.28942108	0.02766311
20.30134201	0.03664007
20.31326294	0.03694575
20.32518387	0.03458539
20.33710480	0.02123159
20.34902573	0.00591050
20.36094666	0.00121248
20.37286758	0.00106338
20.38478851	0.00112058
20.39670944	0.00109034
20.40863037	0.00102681
20.42055130	0.00161033
20.43247223	0.00306143
20.44439316	0.00404345
20.45631409	0.00427935
20.46823502	0.00408264
20.48015594	0.00280611
20.49207687	0.00165838
20.50399780	0.00155940
20.51591873	0.00154914
20.52783966	0.00126001
20.53976059	0.00108159
20.55168152	0.00091433
20.56360245	0.00047382
20.57552338	0.00088000
20.58744431	0.00168085
20.59936523	0.00215323
20.61128616	0.00238524
20.62320709	0.00253441
20.63512802	0.00281081
20.64704895	0.00282138
20.65896988	0.00272489
20.67089081	0.00195590
20.68281174	0.00096521
20.69473267	0.00087362
20.70665359	0.00105942
20.71857452	0.00146386
20.73049545	0.00182403
20.74241638	0.00156986
20.75433731	0.00157328
20.76625824	0.00400829
20.77817917	0.00598654
20.79010010	0.00635813
20.80202103	0.00607071
20.81394196	0.00398783
20.82586288	0.00146970
20.83778381	0.00083142
20.84970474	0.00082109
20.86162567	0.00116796
20.87354660	0.00138746
20.88546753	0.00137326
20.89738846	0.00271451
20.90930939	0.00766193
20.92123032	0.01136994
20.93315125	0.01210457
20.94507217	0.01206390
20.95699310	0.00865077
20.96891403	0.00360281
20.98083496	0.00170001
20.99275589	0.00145058
21.00467682	0.00120418
21.01659775	0.00105568
21.02851868	0.00111392
21.04043961	0.00107066
21.05236053	0.00202090
21.06428146	0.00310207
21.07620239	0.00328842
21.08812332	0.00317034
21.10004425	0.00228485
21.11196518	0.00153442
21.12388611	0.00158739
21.13580704	0.00170249
21.14772797	0.00146938
21.15964890	0.00134773
21.17156982	0.00128257
21.18349075	0.00123789
21.19541168	0.00158289
21.20733261	0.00200416
21.21925354	0.00228139
21.23117447	0.00252244
21.24309540	0.00289542
21.25501633	0.00333792
21.26693726	0.00343746
21.27885818	0.00341312
21.29077911	0.00253058
21.30270004	0.00131294
21.31462097	0.00101267
21.32654190	0.00100552
21.33846283	0.00120467
21.35038376	0.00148833
21.36230469	0.00157075
21.37422562	0.00252632
21.38614655	0.00614004
21.39806747	0.00922695
21.40998840	0.00959419
21.42190933	0.00925064
21.43383026	0.00675125
21.44575119	0.00267348
21.45767212	0.00145939
21.46959305	0.00142134
21.48151398	0.00113454
21.49343491	0.00113906
21.50535583	0.00123752
21.51727676	0.00201023
21.52919769	0.00457198
21.54111862	0.00671785
21.55303955	0.00700060
21.56496048	0.00675753
21.57688141	0.00503008
21.58880234	0.00237553
21.60072327	0.00171818
21.61264420	0.00168998
21.62456512	0.00119704
21.63648605	0.00060302
21.64840698	0.00064211
21.66032791	0.00082789
21.67224884	0.00156367
21.68416977	0.00238251
21.69609070	0.00262862
21.70801163	0.00269196
21.71993256	0.00221741
21.73185349	0.00183836
21.74377441	0.00201440
21.75569534	0.00225372
21.76761627	0.00207658
21.77953720	0.00152568
21.79145813	0.00128392
21.80337906	0.00121781
21.81529999	0.00121617
21.82722092	0.00149405
21.83914185	0.00146454
21.85106277	0.00147068
21.86298370	0.00232696
21.87490463	0.00362201
21.88682556	0.00404399
21.89874649	0.00407388
21.91066742	0.00337073
21.92258835	0.00185367
21.93450928	0.00097809
21.94643021	0.00072125
21.95835114	0.00079658
21.97027206	0.00138048
21.98219299	0.00156180
21.99411392	0.00296307
22.00603485	0.01104981
22.01795578	0.01955334
22.02987671	0.02150273
22.04179764	0.02133613
22.05371857	0.01710631
22.06563950	0.00738228
22.07756042	0.00143763
22.08948135	0.00081476
22.10140228	0.00087965
22.11332321	0.00123048
22.12524414	0.00129838
22.13716507	0.00145672
22.14908600	0.00292741
22.16100693	0.00477847
22.17292786	0.00522369
22.18484879	0.00518385
22.19676971	0.00434076
22.20869064	0.00236985
22.22061157	0.00153764
22.23253250	0.00152216
22.24445343	0.00136654
22.25637436	0.00112899
22.26829529	0.00124040
22.28021622	0.00154045
22.29213715	0.00234498
22.30405807	0.00311337
22.31597900	0.00312006
22.32789993	0.00282937
22.33982086	0.00230415
22.35174179	0.00209633
22.36366272	0.00247177
22.37558365	0.00266417
22.38750458	0.00244132
22.39942551	0.00190610
22.41134644	0.00160133
22.42326736	0.00136193
22.43518829	0.00084048
22.44710922	0.00078513
22.45903015	0.00102350
22.47095108	0.00140388
22.48287201	0.00218456
22.49479294	0.00349073
22.50671387	0.00384717
22.51863480	0.00377224
22.53055573	0.00326241
22.54247665	0.00194318
22.55439758	0.00160995
22.56631851	0.00175888
22.57823944	0.00135953
22.59016037	0.00109414
22.60208130	0.00128745
22.61400223	0.00711829
22.62592316	0.03719983
22.63784409	0.07573308
22.64976501	0.08788956
22.66168594	0.08782106
22.67360687	0.07533044
22.68552780	0.03659767
22.69744873	0.00662884
22.70936966	0.00125610
22.72129059	0.00093146
22.73321152	0.00045935
22.74513245	0.00073994
22.75705338	0.00112152
22.76897430	0.00219053
22.78089523	0.00361688
22.79281616	0.00404684
22.80473709	0.00397043
22.81665802	0.00350412
22.82857895	0.00242482
22.84049988	0.00185627
22.85242081	0.00191262
22.86434174	0.00202122
22.87626266	0.00170895
22.88818359	0.00133128
22.90010452	0.00112714
22.91202545	0.00081867
22.92394638	0.00119021
22.93586731	0.00127534
22.94778824	0.00122179
22.95970917	0.00138991
22.97163010	0.00184759
22.98355103	0.00229232
22.99547195	0.00244248
23.00739288	0.00225213
23.01931381	0.00144664
23.03123474	0.00097341
23.04315567	0.00086635
23.05507660	0.00094583
23.06699753	0.00146998
23.07891846	0.00170279
23.09083939	0.00162986
23.10276031	0.00233158
23.11468124	0.00446897
23.12660217	0.00548777
23.13852310	0.00550215
23.15044403	0.00490160
23.16236496	0.00268764
23.17428589	0.00088569
23.18620682	0.00089580
23.19812775	0.00087487
23.21004868	0.00089700
23.22196960	0.00088110
23.23389053	0.00098647
23.24581146	0.00461490
23.25773239	0.01098666
23.26965332	0.01372275
23.28157425	0.01378976
23.29349518	0.01249873
23.30541611	0.00682889
23.31733704	0.00160841
23.32925797	0.00106565
23.34117889	0.00112933
23.35309982	0.00084002
23.36502075	0.00054394
23.37694168	0.00042066
23.38886261	0.00060867
23.40078354	0.00198867
23.41270447	0.00277604
23.42462540	0.00282867
23.43654633	0.00255532
23.44846725	0.00168203
23.46038818	0.00149578
23.47230911	0.00173078
23.48423004	0.00158620
23.49615097	0.00092673
23.50807190	0.00076101
23.51999283	0.00069927
23.53191376	0.00102121
23.54383469	0.00193734
23.55575562	0.00234873
23.56767654	0.00233818
23.57959747	0.00244823
23.59151840	0.00277103
23.60343933	0.00294884
23.61536026	0.00285730
23.62728119	0.00259042
23.63920212	0.00170948
23.65112305	0.00133149
23.66304398	0.00136120
23.67496490	0.00134613
23.68688583	0.00146645
23.69880676	0.00166230
23.71072769	0.00171636
23.72264862	0.00283794
23.73456955	0.00626555
23.74649048	0.00818774
23.75841141	0.00824105
23.77033234	0.00769699
23.78225327	0.00470984
23.79417419	0.00173141
23.80609512	0.00144147
23.81801605	0.00140723
23.82993698	0.00111607
23.84185791	0.00089768
23.85377884	0.00094139
23.86569977	0.00228632
23.87762070	0.00554805
23.88954163	0.00728576
23.90146255	0.00720468
23.91338348	0.00668011
23.92530441	0.00412930
23.93722534	0.00141446
23.94914627	0.00105298
23.96106720	0.00089576
23.97298813	0.00069042
23.98490906	0.00074516
23.99682999	0.00083458
24.00875092	0.00101492
24.02067184	0.00173134
24.03259277	0.00235621
24.04451370	0.00247362
24.05643463	0.00253064
24.06835556	0.00225971
24.08027649	0.00213364
24.09219742	0.00196310
24.10411835	0.00180692
24.11603928	0.00123535
24.12796021	0.00038290
24.13988113	0.00014382
24.15180206	0.00052257
24.16372299	0.00126269
24.17564392	0.00175045
24.18756485	0.00188839
24.19948578	0.00210868
24.21140671	0.00291687
24.22332764	0.00366913
24.23524857	0.00382344
24.24716949	0.00360292
24.25909042	0.00241039
24.27101135	0.00118718
24.28293228	0.00103049
24.29485321	0.00112836
24.30677414	0.00128296
24.31869507	0.00155621
24.33061600	0.00169312
24.34253693	0.00391508
24.35445786	0.01076465
24.36637878	0.01560516
24.37829971	0.01631640
24.39022064	0.01592591
24.40214157	0.01105181
24.41406250	0.00404384
24.42598343	0.00132591
24.43790436	0.00122400
24.44982529	0.00131332
24.46174622	0.00147093
24.47366714	0.00148991
24.48558807	0.00143287
24.49750900	0.00316911
24.50942993	0.00488021
24.52135086	0.00526577
24.53327179	0.00524427
24.54519272	0.00399266
24.55711365	0.00236325
24.56903458	0.00199673
24.58095551	0.00183800
24.59287643	0.00145655
24.60479736	0.00119128
24.61671829	0.00131688
24.62863922	0.00138850
24.64056015	0.00183428
24.65248108	0.00222354
24.66440201	0.00202617
24.67632294	0.00178755
24.68824387	0.00157608
24.70016479	0.00184978
24.71208572	0.00196734
24.72400665	0.00192719
24.73592758	0.00146074
24.74784851	0.00078967
24.75976944	0.00070999
24.77169037	0.00086671
24.78361130	0.00082562
24.79553223	0.00073580
24.80745316	0.00066430
24.81937408	0.00114001
24.83129501	0.00252871
24.84321594	0.00370199
24.85513687	0.00388299
24.86705780	0.00400567
24.87897873	0.00321377
24.89089966	0.00173793
24.90282059	0.00133501
24.91474152	0.00130360
24.92666245	0.00119552
24.93858337	0.00104828
24.95050430	0.00352073
24.96242523	0.04203568
24.97434616	0.15493250
24.98626709	0.25106240
24.99818802	0.26671000
25.01010895	0.26244400
25.02202988	0.19596620
25.03395081	0.07294914
25.04587173	0.00905590
25.05779266	0.00164644
25.06971359	0.00142450
25.08163452	0.00098851
25.09355545	0.00089202
25.10547638	0.00079861
25.11739731	0.00240098
25.12931824	0.00389182
25.14123917	0.00406229
25.15316010	0.00395966
25.16508102	0.00307322
25.17700195	0.00172006
25.18892288	0.00152877
25.20084381	0.00145915
25.21276474	0.00130694
25.22468567	0.00108337
25.23660660	0.00106116
25.24852753	0.00101001
25.26044846	0.00133270
25.27236938	0.00192481
25.28429031	0.00200536
25.29621124	0.00193126
25.30813217	0.00179368
25.32005310	0.00230382
25.33197403	0.00264477
25.34389496	0.00272441
25.35581589	0.00229174
25.36773682	0.00138574
25.37965775	0.00102311
25.39157867	0.00121623
25.40349960	0.00119091
25.41542053	0.00124673
25.42734146	0.00134526
25.43926239	0.00149645
25.45118332	0.00273173
25.46310425	0.00468597
25.47502518	0.00537437
25.48694611	0.00543771
25.49886703	0.00424311
25.51078796	0.00202037
25.52270889	0.00140158
25.53462982	0.00155566
25.54655075	0.00161791
25.55847168	0.00156425
25.57039261	0.00156702
25.58231354	0.00255891
25.59423447	0.00933122
25.60615540	0.01675666
25.61807632	0.01841080
25.62999725	0.01818357
25.64191818	0.01472376
25.65383911	0.00642825
25.66576004	0.00161148
25.67768097	0.00141235
25.68960190	0.00100265
25.70152283	0.00025951
25.71344376	0.00024902
25.72536469	0.00045260
25.73728561	0.00150979
25.74920654	0.00281605
25.76112747	0.00328520
25.77304840	0.00350857
25.78496933	0.00334961
25.79689026	0.00245882
25.80881119	0.00183738
25.82073212	0.00153031
25.83265305	0.00100990
25.84457397	0.00050600
25.85649490	0.00068685
25.86841583	0.00091803
25.88033676	0.00125584
25.89225769	0.00169752
25.90417862	0.00188818
25.91609955	0.00191618
25.92802048	0.00203878
25.93994141	0.00207497
25.95186234	0.00178631
25.96378326	0.00138133
25.97570419	0.00085974
25.98762512	0.00079047
25.99954605	0.00123778
26.01146698	0.00133416
26.02338791	0.00137573
26.03530884	0.00158644
26.04722977	0.00161911
26.05915070	0.00153050
26.07107162	0.00326734
26.08299255	0.00659205
26.09491348	0.00773411
26.10683441	0.00770426
26.11875534	0.00652748
26.13067627	0.00315273
26.14259720	0.00086783
26.15451813	0.00087699
26.16643906	0.00088953
26.17835999	0.00076558
26.19028091	0.00077165
26.20220184	0.00119774
26.21412277	0.00385089
26.22604370	0.00769775
26.23796463	0.00908934
26.24988556	0.00912186
26.26180649	0.00798703
26.27372742	0.00436715
26.28564835	0.00174709
26.29756927	0.00124711
26.30949020	0.00103780
26.32141113	0.00104819
26.33333206	0.00138782
26.34525299	0.00170511
26.35717392	0.00220879
26.36909485	0.00298935
26.38101578	0.00320738
26.39293671	0.00328024
26.40485764	0.00316602
26.41677856	0.00243253
26.42869949	0.00194123
26.44062042	0.00180823
26.45254135	0.00158094
26.46446228	0.00102582
26.47638321	0.00084943
26.48830414	0.00071732
26.50022507	0.00069285
26.51214600	0.00115743
26.52406693	0.00145924
26.53598785	0.00166891
26.54790878	0.00196558
26.55982971	0.00248459
26.57175064	0.00273598
26.58367157	0.00280846
26.59559250	0.00269091
26.60751343	0.00176640
26.61943436	0.00121629
26.63135529	0.00130872
26.64327621	0.00145688
26.65519714	0.00158053
26.66711807	0.00166242
26.67903900	0.00206726
26.69095993	0.00511253
26.70288086	0.01054504
26.71480179	0.01292316
26.72672272	0.01310653
26.73864365	0.01183659
26.75056458	0.00657023
26.76248550	0.00194501
26.77440643	0.00119668
26.78632736	0.00101421
26.79824829	0.00065747
26.81016922	0.00059316
26.82209015	0.00069047
26.83401108	0.00186168
26.84593201	0.00427051
26.85785294	0.00544813
26.86977386	0.00559535
26.88169479	0.00529584
26.89361572	0.00344470
26.90553665	0.00203582
26.91745758	0.00184267
26.92937851	0.00163747
26.94129944	0.00112946
26.95322037	0.00069159
26.96514130	0.00050588
26.97706223	0.00076295
26.98898315	0.00200357
27.00090408	0.00281171
27.01282501	0.00302982
27.02474594	0.00294353
27.03666687	0.00236474
27.04858780	0.00203881
27.06050873	0.00203540
27.07242966	0.00208122
27.08435059	0.00170287
27.09627151	0.00105900
27.10819244	0.00057660
27.12011337	0.00018661
27.13203430	0.00106804
27.14395523	0.00166443
27.15587616	0.00165914
27.16779709	0.00177639
27.17971802	0.00285517
27.19163895	0.00362137
27.20355988	0.00387858
27.21548080	0.00381933
27.22740173	0.00271280
27.23932266	0.00184497
27.25124359	0.00144747
27.26316452	0.00089817
27.27508545	0.00076663
27.28700638	0.00138653
27.29892731	0.00108499
27.31084824	0.01297685
27.32276917	0.03740463
27.33469009	0.05086869
27.34661102	0.05197588
27.35853195	0.04905516
27.37045288	0.03028135
27.38237381	0.00808150
27.39429474	0.00116724
27.40621567	0.00140790
27.41813660	0.00157499
27.43005753	0.00154612
27.44197845	0.00135701
27.45389938	0.00138554
27.46582031	0.00311479
27.47774124	0.00432652
27.48966217	0.00436721
27.50158310	0.00411323
27.51350403	0.00286467
27.52542496	0.00183696
27.53734589	0.00164594
27.54926682	0.00153665
27.56118774	0.00146951
27.57310867	0.00154719
27.58502960	0.00129774
27.59695053	0.00100512
27.60887146	0.00135999
27.62079239	0.00163429
27.63271332	0.00156525
27.64463425	0.00183772
27.65655518	0.00248710
27.66847610	0.00303095
27.68039703	0.00296117
27.69231796	0.00277705
27.70423889	0.00220321
27.71615982	0.00149512
27.72808075	0.00126899
27.74000168	0.00092655
27.75192261	0.00051191
27.76384354	0.00079959
27.77576447	0.00096274
27.78768539	0.00158455
27.79960632	0.00349553
27.81152725	0.00490786
27.82344818	0.00501538
27.83536911	0.00479736
27.84729004	0.00327080
27.85921097	0.00151581
27.87113190	0.00145069
27.88305283	0.00160884
27.89497375	0.00147081
27.90689468	0.00119906
27.91881561	0.00103323
27.93073654	0.00489295
27.94265747	0.01597890
27.95457840	0.02387184
27.96649933	0.02484234
27.97842026	0.02417027
27.99034119	0.01687787
28.00226212	0.00590375
28.01418304	0.00189186
28.02610397	0.00188011
28.03802490	0.00169765
28.04994583	0.00129616
28.06186676	0.00096108
28.07378769	0.00092121
28.08570862	0.00222797
28.09762955	0.00335754
28.10955048	0.00352040
28.12147141	0.00334256
28.13339233	0.00234750
28.14531326	0.00168977
28.15723419	0.00202332
28.16915512	0.00224080
28.18107605	0.00195761
28.19299698	0.00149391
28.20491791	0.00136862
28.21683884	0.00126916
28.22875977	0.00107283
28.24068069	0.00119580
28.25260162	0.00120700
28.26452255	0.00137406
28.27644348	0.00172639
28.28836441	0.00235916
28.30028534	0.00278124
28.31220627	0.00306548
28.32412720	0.00268303
28.33604813	0.00200353
28.34796906	0.00172720
28.35988998	0.00156340
28.37181091	0.00131127
28.38373184	0.00126597
28.39565277	0.00132548
28.40757370	0.00176355
28.41949463	0.00402238
28.43141556	0.00643368
28.44333649	0.00703458
28.45525742	0.00711697
28.46717834	0.00566178
28.47909927	0.00285333
28.49102020	0.00162083
28.50294113	0.00137894
28.51486206	0.00111353
28.52678299	0.00087311
28.53870392	0.00068884
28.55062485	0.00153005
28.56254578	0.00553461
28.57446671	0.00916972
28.58638763	0.00986498
28.59830856	0.00986338
28.61022949	0.00772751
28.62215042	0.00354652
28.63407135	0.00171159
28.64599228	0.00159570
28.65791321	0.00166348
28.66983414	0.00164839
28.68175507	0.00145359
28.69367599	0.00125006
28.70559692	0.00162289
28.71751785	0.00256872
28.72943878	0.00295418
28.74135971	0.00310163
28.75328064	0.00269281
28.76520157	0.00217639
28.77712250	0.00190089
28.78904343	0.00160434
28.80096436	0.00122238
28.81288528	0.00113841
28.82480621	0.00123100
28.83672714	0.00108661
28.84864807	0.00136916
28.86056900	0.00198355
28.87248993	0.00211954
28.88441086	0.00212767
28.89633179	0.00225425
28.90825272	0.00281829
28.92017365	0.00299454
28.93209457	0.00294630
28.94401550	0.00238924
28.95593643	0.00114556
28.96785736	0.00064389
28.97977829	0.00072370
28.99169922	0.00078079
29.00362015	0.00072407
29.01554108	0.00068662
29.02746201	0.00131879
29.03938293	0.00523638
29.05130386	0.00956634
29.06322479	0.01062242
29.07514572	0.01063531
29.08706665	0.00875141
29.09898758	0.00419231
29.11090851	0.00169255
29.12282944	0.00144280
29.13475037	0.00110952
29.14667130	0.00085065
29.15859222	0.00116585
29.17051315	0.00145560
29.18243408	0.00315765
29.19435501	0.00572051
29.20627594	0.00652658
29.21819687	0.00660923
29.23011780	0.00561999
29.24203873	0.00306343
29.25395966	0.00171165
29.26588058	0.00157656
29.27780151	0.00156614
29.28972244	0.00146299
29.30164337	0.00131572
29.31356430	0.00113205
29.32548523	0.00148714
29.33740616	0.00245962
29.34932709	0.00284845
29.36124802	0.00283531
29.37316895	0.00259682
29.38508987	0.00223893
29.39701080	0.00214209
29.40893173	0.00211396
29.42085266	0.00176189
29.43277359	0.00118261
29.44469452	0.00128667
29.45661545	0.00138967
29.46853638	0.00137287
29.48045731	0.00148237
29.49237823	0.00142965
29.50429916	0.00145660
29.51622009	0.00198547
29.52814102	0.00312708
29.54006195	0.00336087
29.55198288	0.00304588
29.56390381	0.00247874
29.57582474	0.00158001
29.58774567	0.00154026
29.59966660	0.00161037
29.61158752	0.00153535
29.62350845	0.00115306
29.63542938	0.00111670
29.64735031	0.00310733
29.65927124	0.01271376
29.67119217	0.02529393
29.68311310	0.02924797
29.69503403	0.02897509
29.70695496	0.02482658
29.71887589	0.01212715
29.73079681	0.00242112
29.74271774	0.00141741
29.75463867	0.00154153
29.76655960	0.00157114
29.77848053	0.00151268
29.79040146	0.00132770
29.80232239	0.00176764
29.81424332	0.00355450
29.82616425	0.00435195
29.83808517	0.00450626
29.85000610	0.00408472
29.86192703	0.00252926
29.87384796	0.00189407
29.88576889	0.00187298
29.89768982	0.00168952
29.90961075	0.00136153
29.92153168	0.00120678
29.93345261	0.00114167
29.94537354	0.00122426
29.95729446	0.00188963
29.96921539	0.00243743
29.98113632	0.00287973
29.99305725	0.00293185
30.00497818	0.00259240
30.01689911	0.00237295
30.02882004	0.00221736
30.04074097	0.00211141
30.05266190	0.00159225
30.06458282	0.00124591
30.07650375	0.00124057
30.08842468	0.00100263
30.10034561	0.00103055
30.11226654	0.00117538
30.12418747	0.00108776
30.13610840	0.00145760
30.14802933	0.00322586
30.15995026	0.00405617
30.17187119	0.00411726
30.18379211	0.00389365
30.19571304	0.00247269
30.20763397	0.00155093
30.21955490	0.00154750
30.23147583	0.00127237
30.24339676	0.00087350
30.25531769	0.00082733
30.26723862	0.00195147
30.27915955	0.01309912
30.29108047	0.03129279
30.30300140	0.03920641
30.31492233	0.03950434
30.32684326	0.03592360
30.33876419	0.02005854
30.35068512	0.00483774
30.36260605	0.00137422
30.37452698	0.00104585
30.38644791	0.00100993
30.39836884	0.00125586
30.41028976	0.00137404
30.42221069	0.00198023
30.43413162	0.00319251
30.44605255	0.00368112
30.45797348	0.00353142
30.46989441	0.00324347
30.48181534	0.00238225
30.49373627	0.00179609
30.50565720	0.00159761
30.51757813	0.00137963
30.52949905	0.00087314
30.54141998	0.00077963
30.55334091	0.00076622
30.56526184	0.00108382
30.57718277	0.00196739
30.58910370	0.00249510
30.60102463	0.00242514
30.61294556	0.00219644
30.62486649	0.00241642
30.63678741	0.00280984
30.64870834	0.00278385
30.66062927	0.00260881
30.67255020	0.00178313
30.68447113	0.00109345
30.69639206	0.00111699
30.70831299	0.00104084
30.72023392	0.00098867
30.73215485	0.00139968
30.74407578	0.00170167
30.75599670	0.00238337
30.76791763	0.00438296
30.77983856	0.00550660
30.79175949	0.00552665
30.80368042	0.00526086
30.81560135	0.00333749
30.82752228	0.00132982
30.83944321	0.00086015
30.85136414	0.00065797
30.86328506	0.00060955
30.87520599	0.00105219
30.88712692	0.00143932
30.89904785	0.00385447
30.91096878	0.00915028
30.92288971	0.01208317
30.93481064	0.01217037
30.94673157	0.01131635
30.95865250	0.00686768
30.97057343	0.00190575
30.98249435	0.00161482
30.99441528	0.00169602
31.00633621	0.00123592
31.01825714	0.00078443
31.03017807	0.00068281
31.04209900	0.00101423
31.05401993	0.00215802
31.06594086	0.00285972
31.07786179	0.00293231
31.08978271	0.00284736
31.10170364	0.00226376
31.11362457	0.00198141
31.12554550	0.00194148
31.13746643	0.00199554
31.14938736	0.00171640
31.16130829	0.00136502
31.17322922	0.00127831
31.18515015	0.00112663
31.19707108	0.00128414
31.20899200	0.00158849
31.22091293	0.00148814
31.23283386	0.00152937
31.24475479	0.00222743
31.25667572	0.00295239
31.26859665	0.00294864
31.28051758	0.00277847
31.29243851	0.00200411
31.30435944	0.00120124
31.31628036	0.00113937
31.32820129	0.00118221
31.34012222	0.00138396
31.35204315	0.00157603
31.36396408	0.00150856
31.37588501	0.00240252
31.38780594	0.00606851
31.39972687	0.00862769
31.41164780	0.00883497
31.42356873	0.00858485
31.43548965	0.00593276
31.44741058	0.00229387
31.45933151	0.00149639
31.47125244	0.00145403
31.48317337	0.00114076
31.49509430	0.00100122
31.50701523	0.00111587
31.51893616	0.00186857
31.53085709	0.00468841
31.54277802	0.00696699
31.55469894	0.00737989
31.56661987	0.00720648
31.57854080	0.00515505
31.59046173	0.00236423
31.60238266	0.00158995
31.61430359	0.00161039
31.62622452	0.00142207
31.63814545	0.00120110
31.65006638	0.00133033
31.66198730	0.00170200
31.67390823	0.00263882
31.68582916	0.00349997
31.69775009	0.00337440
31.70967102	0.00293706
31.72159195	0.00229084
31.73351288	0.00229299
31.74543381	0.00251739
31.75735474	0.00244952
31.76927567	0.00199780
31.78119659	0.00150251
31.79311752	0.00149851
31.80503845	0.00154600
31.81695938	0.00139310
31.82888031	0.00130381
31.84080124	0.00131385
31.85272217	0.00152594
31.86464310	0.00202203
31.87656403	0.00262877
31.88848495	0.00257007
31.90040588	0.00265855
31.91232681	0.00245845
31.92424774	0.00198984
31.93616867	0.00187956
31.94808960	0.00177969
31.96001053	0.00163135
31.97193146	0.00145284
31.98385239	0.00122259
31.99577332	0.00352947
32.00769424	0.01192021
32.01961517	0.01912202
32.03153610	0.02017054
32.04345703	0.01963157
32.05537796	0.01451391
32.06729889	0.00518375
32.07921982	0.00135148
32.09114075	0.00173143
32.10306168	0.00173002
32.11498260	0.00140379
32.12690353	0.00105663
32.13882446	0.00103060
32.15074539	0.00284649
32.16266632	0.00474204
32.17458725	0.00511928
32.18650818	0.00504579
32.19842911	0.00406595
32.21035004	0.00218727
32.22227097	0.00131309
32.23419189	0.00118228
32.24611282	0.00120171
32.25803375	0.00139708
32.26995468	0.00153670
32.28187561	0.00152893
32.29379654	0.00171346
32.30571747	0.00201469
32.31763840	0.00192930
32.32955933	0.00189184
32.34148026	0.00155117
32.35340118	0.00134091
32.36532211	0.00154105
32.37724304	0.00181727
32.38916397	0.00160608
32.40108490	0.00100404
32.41300583	0.00109405
32.42492676	0.00129189
32.43684769	0.00145929
32.44876862	0.00169553
32.46068954	0.00164444
32.47261047	0.00151743
32.48453140	0.00203807
32.49645233	0.00339690
32.50837326	0.00380671
32.52029419	0.00396528
32.53221512	0.00327754
32.54413605	0.00149000
32.55605698	0.00054115
32.56797791	0.00048788
32.57989883	0.00067658
32.59181976	0.00112094
32.60374069	0.00154689
32.61566162	0.01105982
32.62758255	0.04943134
32.63950348	0.09142338
32.65142441	0.10193730
32.66334534	0.10151610
32.67526627	0.08292364
32.68718719	0.03658899
32.69910812	0.00611774
32.71102905	0.00187072
32.72294998	0.00172332
32.73487091	0.00132968
32.74679184	0.00113396
32.75871277	0.00124236
32.77063370	0.00206244
32.78255463	0.00365786
32.79447556	0.00423975
32.80639648	0.00435715
32.81831741	0.00378263
32.83023834	0.00259352
32.84215927	0.00223817
32.85408020	0.00198970
32.86600113	0.00151988
32.87792206	0.00123310
32.88984299	0.00141788
32.90176392	0.00137702
32.91368484	0.00112529
32.92560577	0.00117146
32.93752670	0.00120123
32.94944763	0.00125597
32.96136856	0.00127581
32.97328949	0.00185775
32.98521042	0.00230142
32.99713135	0.00216295
33.00905228	0.00161459
33.02097321	0.00082361
33.03289413	0.00087726
33.04481506	0.00087475
33.05673599	0.00091358
33.06865692	0.00120440
33.08057785	0.00134491
33.09249878	0.00136183
33.10441971	0.00266505
33.11634064	0.00494543
33.12826157	0.00574369
33.14018250	0.00575345
33.15210342	0.00493255
33.16402435	0.00251400
33.17594528	0.00115208
33.18786621	0.00114758
33.19978714	0.00106642
33.21170807	0.00117182
33.22362900	0.00125958
33.23554993	0.00155666
33.24747086	0.00567268
33.25939178	0.01190980
33.27131271	0.01402368
33.28323364	0.01395901
33.29515457	0.01219970
33.30707550	0.00619754
33.31899643	0.00164453
33.33091736	0.00131293
33.34283829	0.00123519
33.35475922	0.00098359
33.36668015	0.00099093
33.37860107	0.00105514
33.39052200	0.00167373
33.40244293	0.00287815
33.41436386	0.00323387
33.42628479	0.00322331
33.43820572	0.00306004
33.45012665	0.00232008
33.46204758	0.00205419
33.47396851	0.00205637
33.48588943	0.00172020
33.49781036	0.00086561
33.50973129	0.00037554
33.52165222	0.00044935
33.53357315	0.00091207
33.54549408	0.00159260
33.55741501	0.00188446
33.56933594	0.00193309
33.58125687	0.00203398
33.59317780	0.00233951
33.60509872	0.00250822
33.61701965	0.00238404
33.62894058	0.00198172
33.64086151	0.00094414
33.65278244	0.00075703
33.66470337	0.00105806
33.67662430	0.00140118
33.68854523	0.00178483
33.70046616	0.00191915
33.71238708	0.00188338
33.72430801	0.00330970
33.73622894	0.00666894
33.74814987	0.00825363
33.76007080	0.00816026
33.77199173	0.00728845
33.78391266	0.00415717
33.79583359	0.00127667
33.80775452	0.00067846
33.81967545	0.00058045
33.83159637	0.00036982
33.84351730	0.00051622
33.85543823	0.00072406
33.86735916	0.00256107
33.87928009	0.00616229
33.89120102	0.00785752
33.90312195	0.00787619
33.91504288	0.00715767
33.92696381	0.00416982
33.93888474	0.00159054
33.95080566	0.00135622
33.96272659	0.00124465
33.97464752	0.00122233
33.98656845	0.00151388
33.99848938	0.00182762
34.01041031	0.00200340
34.02233124	0.00242737
34.03425217	0.00288804
34.04617310	0.00309804
34.05809402	0.00319458
34.07001495	0.00277159
34.08193588	0.00229246
34.09385681	0.00205884
34.10577774	0.00199561
34.11769867	0.00157718
34.12961960	0.00112443
34.14154053	0.00088601
34.15346146	0.00069456
34.16538239	0.00126481
34.17730331	0.00200338
34.18922424	0.00225593
34.20114517	0.00229518
34.21306610	0.00261818
34.22498703	0.00306612
34.23690796	0.00303788
34.24882889	0.00269362
34.26074982	0.00168071
34.27267075	0.00115943
34.28459167	0.00118753
34.29651260	0.00121148
34.30843353	0.00120126
34.32035446	0.00125934
34.33227539	0.00147784
34.34419632	0.00468442
34.35611725	0.01169978
34.36803818	0.01564937
34.37995911	0.01580726
34.39188004	0.01484452
34.40380096	0.00922869
34.41572189	0.00263606
34.42764282	0.00120240
34.43956375	0.00117508
34.45148468	0.00131969
34.46340561	0.00144243
34.47532654	0.00131037
34.48724747	0.00150049
34.49916840	0.00333501
34.51108932	0.00467821
34.52301025	0.00507058
34.53493118	0.00521440
34.54685211	0.00375485
34.55877304	0.00198029
34.57069397	0.00153889
34.58261490	0.00154759
34.59453583	0.00152570
34.60645676	0.00158561
34.61837769	0.00169943
34.63029861	0.00177408
34.64221954	0.00226848
34.65414047	0.00271094
34.66606140	0.00263766
34.67798233	0.00229678
34.68990326	0.00156344
34.70182419	0.00148196
34.71374512	0.00187035
34.72566605	0.00192144
34.73758698	0.00138804
34.74950790	0.00106800
34.76142883	0.00134092
34.77334976	0.00159478
34.78527069	0.00162593
34.79719162	0.00166545
34.80911255	0.00167389
34.82103348	0.00205441
34.83295441	0.00319249
34.84487534	0.00405504
34.85679626	0.00404502
34.86871719	0.00384805
34.88063812	0.00261725
34.89255905	0.00128168
34.90447998	0.00104406
34.91640091	0.00094983
34.92832184	0.00097642
34.94024277	0.00130257
34.95216370	0.00356076
34.96408463	0.03775045
34.97600555	0.12254670
34.98792648	0.18326650
34.99984741	0.19033530
35.01176834	0.18472880
35.02368927	0.12843710
35.03561020	0.04206343
35.04753113	0.00379743
35.05945206	0.00116810
35.07137299	0.00128019
35.08329391	0.00126089
35.09521484	0.00120514
35.10713577	0.00096814
35.11905670	0.00198372
35.13097763	0.00318887
35.14289856	0.00348259
35.15481949	0.00351006
35.16674042	0.00253441
35.17866135	0.00128726
35.19058228	0.00118583
35.20250320	0.00146296
35.21442413	0.00172844
35.22634506	0.00178101
35.23826599	0.00158298
35.25018692	0.00120060
35.26210785	0.00119444
35.27402878	0.00187547
35.28594971	0.00204551
35.29787064	0.00210990
35.30979156	0.00206182
35.32171249	0.00243190
35.33363342	0.00264507
35.34555435	0.00260847
35.35747528	0.00210545
35.36939621	0.00130266
35.38131714	0.00082686
35.39323807	0.00071768
35.40515900	0.00046654
35.41707993	0.00046863
35.42900085	0.00078264
35.44092178	0.00145574
35.45284271	0.00331892
35.46476364	0.00498914
35.47668457	0.00521929
35.48860550	0.00500973
35.50052643	0.00356970
35.51244736	0.00137027
35.52436829	0.00052259
35.53628922	0.00051434
35.54821014	0.00070394
35.56013107	0.00103946
35.57205200	0.00113862
35.58397293	0.00268080
35.59589386	0.01008544
35.60781479	0.01695008
35.61973572	0.01824137
35.63165665	0.01802333
35.64357758	0.01365724
35.65549850	0.00519788
35.66741943	0.00136532
35.67934036	0.00140998
35.69126129	0.00134322
35.70318222	0.00114973
35.71510315	0.00092787
35.72702408	0.00066712
35.73894501	0.00172479
35.75086594	0.00305224
35.76278687	0.00328193
35.77470779	0.00324980
35.78662872	0.00265869
35.79854965	0.00180816
35.81047058	0.00177472
35.82239151	0.00181017
35.83431244	0.00161066
35.84623337	0.00107697
35.85815430	0.00088367
35.87007523	0.00089580
35.88199615	0.00090953
35.89391708	0.00137248
35.90583801	0.00150915
35.91775894	0.00164022
35.92967987	0.00191713
35.94160080	0.00218006
35.95352173	0.00215571
35.96544266	0.00205801
35.97736359	0.00162655
35.98928452	0.00112021
36.00120544	0.00110641
36.01312637	0.00113164
36.02504730	0.00121620
36.03696823	0.00152908
36.04888916	0.00175868
36.06081009	0.00186958
36.07273102	0.00371253
36.08465195	0.00655023
36.09657288	0.00749566
36.10849380	0.00758906
36.12041473	0.00618969
36.13233566	0.00280960
36.14425659	0.00100268
36.15617752	0.00101405
36.16809845	0.00116849
36.18001938	0.00127866
36.19194031	0.00130934
36.20386124	0.00162108
36.21578217	0.00415691
36.22770309	0.00761526
36.23962402	0.00849004
36.25154495	0.00840120
36.26346588	0.00693035
36.27538681	0.00321096
36.28730774	0.00135690
36.29922867	0.00145245
36.31114960	0.00127589
36.32307053	0.00113269
36.33499146	0.00143419
36.34691238	0.00170769
36.35883331	0.00217471
36.37075424	0.00297394
36.38267517	0.00327991
36.39459610	0.00333032
36.40651703	0.00280964
36.41843796	0.00202093
36.43035889	0.00191576
36.44227982	0.00204054
36.45420074	0.00194291
36.46612167	0.00138242
36.47804260	0.00099535
36.48996353	0.00086717
36.50188446	0.00115460
36.51380539	0.00151835
36.52572632	0.00145300
36.53764725	0.00126659
36.54956818	0.00144272
36.56148911	0.00245418
36.57341003	0.00283379
36.58533096	0.00273803
36.59725189	0.00234690
36.60917282	0.00123769
36.62109375	0.00071110
36.63301468	0.00055494
36.64493561	0.00049783
36.65685654	0.00081190
36.66877747	0.00089918
36.68069839	0.00081558
36.69261932	0.00481674
36.70454025	0.01055747
36.71646118	0.01261284
36.72838211	0.01272804
36.74030304	0.01112952
36.75222397	0.00583742
36.76414490	0.00198377
36.77606583	0.00136607
36.78798676	0.00118786
36.79990768	0.00135115
36.81182861	0.00172051
36.82374954	0.00183419
36.83567047	0.00253439
36.84759140	0.00462975
36.85951233	0.00539079
36.87143326	0.00542128
36.88335419	0.00480729
36.89527512	0.00243733
36.90719604	0.00078255
36.91911697	0.00079895
36.93103790	0.00071982
36.94295883	0.00039852
36.95487976	0.00040659
36.96680069	0.00058171
36.97872162	0.00101752
36.99064255	0.00175949
37.00256348	0.00214796
37.01448441	0.00228734
37.02640533	0.00236757
37.03832626	0.00229263
37.05024719	0.00209733
37.06216812	0.00199489
37.07408905	0.00187617
37.08600998	0.00136694
37.09793091	0.00122373
37.10985184	0.00139786
37.12177277	0.00172439
37.13369370	0.00198626
37.14561462	0.00194330
37.15753555	0.00187135
37.16945648	0.00189956
37.18137741	0.00284279
37.19329834	0.00355398
37.20521927	0.00371544
37.21714020	0.00346962
37.22906113	0.00207569
37.24098206	0.00087096
37.25290298	0.00054320
37.26482391	0.00031578
37.27674484	0.00106889
37.28866577	0.00160521
37.30058670	0.00243491
37.31250763	0.01565232
37.32442856	0.03815795
37.33634949	0.04827053
37.34827042	0.04876375
37.36019135	0.04472753
37.37211227	0.02547543
37.38403320	0.00618798
37.39595413	0.00129453
37.40787506	0.00133449
37.41979599	0.00156029
37.43171692	0.00165319
37.44363785	0.00153470
37.45555878	0.00170694
37.46747971	0.00309114
37.47940063	0.00388897
37.49132156	0.00406319
37.50324249	0.00390570
37.51516342	0.00265421
37.52708435	0.00188040
37.53900528	0.00193550
37.55092621	0.00216916
37.56284714	0.00207150
37.57476807	0.00171684
37.58668900	0.00137485
37.59860992	0.00098623
37.61053085	0.00152209
37.62245178	0.00207566
37.63437271	0.00198948
37.64629364	0.00190189
37.65821457	0.00222765
37.67013550	0.00276925
37.68205643	0.00262992
37.69397736	0.00230661
37.70589828	0.00185550
37.71781921	0.00161429
37.72974014	0.00157948
37.74166107	0.00169490
37.75358200	0.00195901
37.76550293	0.00207254
37.77742386	0.00183422
37.78934479	0.00183166
37.80126572	0.00318220
37.81318665	0.00419655
37.82510757	0.00431715
37.83702850	0.00417443
37.84894943	0.00268918
37.86087036	0.00109523
37.87279129	0.00093469
37.88471222	0.00099028
37.89663315	0.00125937
37.90855408	0.00138202
37.92047501	0.00130253
37.93239594	0.00598022
37.94431686	0.01755956
37.95623779	0.02437927
37.96815872	0.02502267
37.98007965	0.02404429
37.99200058	0.01553551
38.00392151	0.00468206
38.01584244	0.00149630
38.02776337	0.00139759
38.03968430	0.00105988
38.05160522	0.00080148
38.06352615	0.00062699
38.07544708	0.00073569
38.08736801	0.00218785
38.09928894	0.00323741
38.11120987	0.00348833
38.12313080	0.00351888
38.13505173	0.00283930
38.14697266	0.00205546
38.15889359	0.00171360
38.17081451	0.00149934
38.18273544	0.00127202
38.19465637	0.00123594
38.20657730	0.00103988
38.21849823	0.00089612
38.23041916	0.00128670
38.24234009	0.00194861
38.25426102	0.00212755
38.26618195	0.00203796
38.27810287	0.00231949
38.29002380	0.00285309
38.30194473	0.00290135
38.31386566	0.00267953
38.32578659	0.00178143
38.33770752	0.00100852
38.34962845	0.00102882
38.36154938	0.00104126
38.37347031	0.00113892
38.38539124	0.00146325
38.39731216	0.00152562
38.40923309	0.00193536
38.42115402	0.00443528
38.43307495	0.00651378
38.44499588	0.00693508
38.45691681	0.00691970
38.46883774	0.00514136
38.48075867	0.00249854
38.49267960	0.00156788
38.50460052	0.00142397
38.51652145	0.00101856
38.52844238	0.00062536
38.54036331	0.00084214
38.55228424	0.00228549
38.56420517	0.00658811
38.57612610	0.00975932
38.58804703	0.01012204
38.59996796	0.00989946
38.61188889	0.00697122
38.62380981	0.00253756
38.63573074	0.00128156
38.64765167	0.00120254
38.65957260	0.00104435
38.67149353	0.00115216
38.68341446	0.00136528
38.69533539	0.00154328
38.70725632	0.00228132
38.71917725	0.00310081
38.73109818	0.00324331
38.74301910	0.00307496
38.75494003	0.00230240
38.76686096	0.00181924
38.77878189	0.00195691
38.79070282	0.00218198
38.80262375	0.00219010
38.81454468	0.00198939
38.82646561	0.00185880
38.83838654	0.00161036
38.85030746	0.00117394
38.86222839	0.00115514
38.87414932	0.00116916
38.88607025	0.00119806
38.89799118	0.00182631
38.90991211	0.00288686
38.92183304	0.00325217
38.93375397	0.00324013
38.94567490	0.00229999
38.95759583	0.00067332
38.96951675	0.00041540
38.98143768	0.00067902
38.99335861	0.00108284
39.00527954	0.00140488
39.01720047	0.00141086
39.02912140	0.00132917
39.04104233	0.00501366
39.05296326	0.00902895
39.06488419	0.00988674
39.07680511	0.00985925
39.08872604	0.00754972
39.10064697	0.00315258
39.11256790	0.00173812
39.12448883	0.00173448
39.13640976	0.00139678
39.14833069	0.00102872
39.16025162	0.00078943
39.17217255	0.00103012
39.18409348	0.00364039
39.19601440	0.00622934
39.20793533	0.00671558
39.21985626	0.00653109
39.23177719	0.00500054
39.24369812	0.00200260
39.25561905	0.00085850
39.26753998	0.00084131
39.27946091	0.00081830
39.29138184	0.00083151
39.30330276	0.00095641
39.31522369	0.00093266
39.32714462	0.00141057
39.33906555	0.00221848
39.35098648	0.00229022
39.36290741	0.00228562
39.37482834	0.00217394
39.38674927	0.00207535
39.39867020	0.00206052
39.41059113	0.00196741
39.42251205	0.00154782
39.43443298	0.00083879
39.44635391	0.00048182
39.45827484	0.00045281
39.47019577	0.00090291
39.48211670	0.00146889
39.49403763	0.00155080
39.50595856	0.00169429
39.51787949	0.00247163
39.52980042	0.00344821
39.54172134	0.00350143
39.55364227	0.00330201
39.56556320	0.00266125
39.57748413	0.00141941
39.58940506	0.00108080
39.60132599	0.00103576
39.61324692	0.00080865
39.62516785	0.00100618
39.63708878	0.00120717
39.64900970	0.00304387
39.66093063	0.01321760
39.67285156	0.02487534
39.68477249	0.02797784
39.69669342	0.02795613
39.70861435	0.02317472
39.72053528	0.01073224
39.73245621	0.00289385
39.74437714	0.00182842
39.75629807	0.00131474
39.76821899	0.00103944
39.78013992	0.00123713
39.79206085	0.00149696
39.80398178	0.00272795
39.81590271	0.00470644
39.82782364	0.00541545
39.83974457	0.00541212
39.85166550	0.00467101
39.86358643	0.00294142
39.87550735	0.00232660
39.88742828	0.00221991
39.89934921	0.00189221
39.91127014	0.00131674
39.92319107	0.00101747
39.93511200	0.00093536
39.94703293	0.00109337
39.95895386	0.00182047
39.97087479	0.00238003
39.98279572	0.00277213
39.99471664	0.00278615
40.00663757	0.00259682
40.01855850	0.00244551
40.03047943	0.00244970
40.04240036	0.00215462
40.05432129	0.00128481
40.06624222	0.00092317
40.07816315	0.00093716
40.09008408	0.00107709
40.10200500	0.00159376
40.11392593	0.00179615
40.12584686	0.00203283
40.13776779	0.00294046
40.14968872	0.00440381
40.16160965	0.00475898
40.17353058	0.00441640
40.18545151	0.00364387
40.19737244	0.00182928
40.20929337	0.00114426
40.22121429	0.00127327
40.23313522	0.00136550
40.24505615	0.00157966
40.25697708	0.00161783
40.26889801	0.00315038
40.28081894	0.01643183
40.29273987	0.03543002
40.30466080	0.04218834
40.31658173	0.04241107
40.32850266	0.03745865
40.34042358	0.01941416
40.35234451	0.00432026
40.36426544	0.00161367
40.37618637	0.00149558
40.38810730	0.00118965
40.40002823	0.00135234
40.41194916	0.00162809
40.42387009	0.00189027
40.43579102	0.00297294
40.44771194	0.00342556
40.45963287	0.00343163
40.47155380	0.00327677
40.48347473	0.00223810
40.49539566	0.00153900
40.50731659	0.00150332
40.51923752	0.00158601
40.53115845	0.00141135
40.54307938	0.00139522
40.55500031	0.00148284
40.56692123	0.00123703
40.57884216	0.00141522
40.59076309	0.00191045
40.60268402	0.00218352
40.61460495	0.00234111
40.62652588	0.00263414
40.63844681	0.00279293
40.65036774	0.00286893
40.66228867	0.00276433
40.67420959	0.00201301
40.68613052	0.00160648
40.69805145	0.00148596
40.70997238	0.00146286
40.72189331	0.00154483
40.73381424	0.00160571
40.74573517	0.00169887
40.75765610	0.00285512
40.76957703	0.00516634
40.78149796	0.00617897
40.79341888	0.00610432
40.80533981	0.00541576
40.81726074	0.00319199
40.82918167	0.00160075
40.84110260	0.00166861
40.85302353	0.00161285
40.86494446	0.00124939
40.87686539	0.00110848
40.88878632	0.00115405
40.90070724	0.00411221
40.91262817	0.00980395
40.92454910	0.01259153
40.93647003	0.01269699
40.94839096	0.01142707
40.96031189	0.00634069
40.97223282	0.00121502
40.98415375	0.00084121
40.99607468	0.00109167
41.00799561	0.00093301
41.01991653	0.00093978
41.03183746	0.00106948
41.04375839	0.00105575
41.05567932	0.00199973
41.06760025	0.00263955
41.07952118	0.00272804
41.09144211	0.00276202
41.10336304	0.00220977
41.11528397	0.00195463
41.12720490	0.00195768
41.13912582	0.00172602
41.15104675	0.00107770
41.16296768	0.00080801
41.17488861	0.00102045
41.18680954	0.00137949
41.19873047	0.00203823
41.21065140	0.00248262
41.22257233	0.00236195
41.23449326	0.00192617
41.24641418	0.00217921
41.25833511	0.00281448
41.27025604	0.00288314
41.28217697	0.00260607
41.29409790	0.00155373
41.30601883	0.00095775
41.31793976	0.00109311
41.32986069	0.00103188
41.34178162	0.00099415
41.35370255	0.00137848
41.36562347	0.00155901
41.37754440	0.00231112
41.38946533	0.00594665
41.40138626	0.00835473
41.41330719	0.00871302
41.42522812	0.00831305
41.43714905	0.00527655
41.44906998	0.00193194
41.46099091	0.00137295
41.47291183	0.00123355
41.48483276	0.00087457
41.49675369	0.00079216
41.50867462	0.00095009
41.52059555	0.00205921
41.53251648	0.00507090
41.54443741	0.00685848
41.55635834	0.00702660
41.56827927	0.00677394
41.58020020	0.00446602
41.59212112	0.00211766
41.60404205	0.00208140
41.61596298	0.00231357
41.62788391	0.00207235
41.63980484	0.00177452
41.65172577	0.00149102
41.66364670	0.00137996
41.67556763	0.00209273
41.68748856	0.00267426
41.69940948	0.00260331
41.71133041	0.00238868
41.72325134	0.00178211
41.73517227	0.00149614
41.74709320	0.00144925
41.75901413	0.00151263
41.77093506	0.00154270
41.78285599	0.00170309
41.79477692	0.00184595
41.80669785	0.00182181
41.81861877	0.00176472
41.83053970	0.00171269
41.84246063	0.00151212
41.85438156	0.00152716
41.86630249	0.00239179
41.87822342	0.00355228
41.89014435	0.00398844
41.90206528	0.00428123
41.91398621	0.00364768
41.92590714	0.00230488
41.93782806	0.00158718
41.94974899	0.00130753
41.96166992	0.00114157
41.97359085	0.00137982
41.98551178	0.00171572
41.99743271	0.00429925
42.00935364	0.01259948
42.02127457	0.01893019
42.03319550	0.01955332
42.04511642	0.01874279
42.05703735	0.01295378
42.06895828	0.00408885
42.08087921	0.00093544
42.09280014	0.00109714
42.10472107	0.00102327
42.11664200	0.00093224
42.12856293	0.00101659
42.14048386	0.00145726
42.15240479	0.00322819
42.16432571	0.00483390
42.17624664	0.00495023
42.18816757	0.00466834
42.20008850	0.00338468
42.21200943	0.00177464
42.22393036	0.00159825
42.23585129	0.00158797
42.24777222	0.00143522
42.25969315	0.00124400
42.27161407	0.00110918
42.28353500	0.00092734
42.29545593	0.00089458
42.30737686	0.00152048
42.31929779	0.00179244
42.33121872	0.00190227
42.34313965	0.00179042
42.35506058	0.00191182
42.36698151	0.00196557
42.37890244	0.00190034
42.39082336	0.00136004
42.40274429	0.00089149
42.41466522	0.00099456
42.42658615	0.00117144
42.43850708	0.00158065
42.45042801	0.00192921
42.46234894	0.00186046
42.47426987	0.00182337
42.48619080	0.00243569
42.49811172	0.00356661
42.51003265	0.00390405
42.52195358	0.00387932
42.53387451	0.00293077
42.54579544	0.00137310
42.55771637	0.00077514
42.56963730	0.00077916
42.58155823	0.00090260
42.59347916	0.00134067
42.60540009	0.00205752
42.61732101	0.01712348
42.62924194	0.06642549
42.64116287	0.11189090
42.65308380	0.12035520
42.66500473	0.11905360
42.67692566	0.09174893
42.68884659	0.03621312
42.70076752	0.00519710
42.71268845	0.00117803
42.72460938	0.00082742
42.73653030	0.00090421
42.74845123	0.00104532
42.76037216	0.00152481
42.77229309	0.00270502
42.78421402	0.00389583
42.79613495	0.00400255
42.80805588	0.00380111
42.81997681	0.00306630
42.83189774	0.00190473
42.84381866	0.00156739
42.85573959	0.00171669
42.86766052	0.00141287
42.87958145	0.00085079
42.89150238	0.00088796
42.90342331	0.00125535
42.91534424	0.00187757
42.92726517	0.00241869
42.93918610	0.00246631
42.95110703	0.00227954
42.96302795	0.00202167
42.97494888	0.00194243
42.98686981	0.00198206
42.99879074	0.00200263
43.01071167	0.00162222
43.02263260	0.00087727
43.03455353	0.00078635
43.04647446	0.00082809
43.05839539	0.00118810
43.07031631	0.00166814
43.08223724	0.00196272
43.09415817	0.00218383
43.10607910	0.00323782
43.11800003	0.00488434
43.12992096	0.00519480
43.14184189	0.00515818
43.15376282	0.00429481
43.16568375	0.00221393
43.17760468	0.00123094
43.18952560	0.00111377
43.20144653	0.00094202
43.21336746	0.00072057
43.22528839	0.00081364
43.23720932	0.00151548
43.24913025	0.00659448
43.26105118	0.01284336
43.27297211	0.01464792
43.28489304	0.01459310
43.29681396	0.01214481
43.30873489	0.00571244
43.32065582	0.00190614
43.33257675	0.00175494
43.34449768	0.00147339
43.35641861	0.00096327
43.36833954	0.00079152
43.38026047	0.00091667
43.39218140	0.00194090
43.40410233	0.00306993
43.41602325	0.00333801
43.42794418	0.00348901
43.43986511	0.00322506
43.45178604	0.00241623
43.46370697	0.00214850
43.47562790	0.00226165
43.48754883	0.00227970
43.49946976	0.00201722
43.51139069	0.00186369
43.52331161	0.00168876
43.53523254	0.00147051
43.54715347	0.00178531
43.55907440	0.00190211
43.57099533	0.00185091
43.58291626	0.00192353
43.59483719	0.00235815
43.60675812	0.00254902
43.61867905	0.00251247
43.63059998	0.00206769
43.64252090	0.00085596
43.65444183	0.00070093
43.66636276	0.00079805
43.67828369	0.00119724
43.69020462	0.00176432
43.70212555	0.00174647
43.71404648	0.00150679
43.72596741	0.00337147
43.73788834	0.00684798
43.74980927	0.00806342
43.76173019	0.00791827
43.77365112	0.00671782
43.78557205	0.00315115
43.79749298	0.00130022
43.80941391	0.00163355
43.82133484	0.00181841
43.83325577	0.00205097
43.84517670	0.00195986
43.85709763	0.00169083
43.86901855	0.00293038
43.88093948	0.00621008
43.89286041	0.00756358
43.90478134	0.00767314
43.91670227	0.00685720
43.92862320	0.00374710
43.94054413	0.00164338
43.95246506	0.00165342
43.96438599	0.00166441
43.97630692	0.00145659
43.98822784	0.00120813
44.00014877	0.00108945
44.01206970	0.00102093
44.02399063	0.00176508
44.03591156	0.00220742
44.04783249	0.00219510
44.05975342	0.00191947
44.07167435	0.00141958
44.08359528	0.00161243
44.09551620	0.00166954
44.10743713	0.00143129
44.11935806	0.00106701
44.13127899	0.00116634
44.14319992	0.00113642
44.15512085	0.00119063
44.16704178	0.00148261
44.17896271	0.00155107
44.19088364	0.00132373
44.20280457	0.00161086
44.21472549	0.00272183
44.22664642	0.00331804
44.23856735	0.00335259
44.25048828	0.00327134
44.26240921	0.00230017
44.27433014	0.00135777
44.28625107	0.00114818
44.29817200	0.00090314
44.31009293	0.00075331
44.32201385	0.00084201
44.33393478	0.00128847
44.34585571	0.00514428
44.35777664	0.01204675
44.36969757	0.01521066
44.38161850	0.01538968
44.39353943	0.01413932
44.40546036	0.00820242
44.41738129	0.00240147
44.42930222	0.00141180
44.44122314	0.00137864
44.45314407	0.00116511
44.46506500	0.00098981
44.47698593	0.00086796
44.48890686	0.00168798
44.50082779	0.00417378
44.51274872	0.00557589
44.52466965	0.00582026
44.53659058	0.00542764
44.54851151	0.00338053
44.56043243	0.00156358
44.57235336	0.00135083
44.58427429	0.00143291
44.59619522	0.00144288
44.60811615	0.00153954
44.62003708	0.00153859
44.63195801	0.00166534
44.64387894	0.00224473
44.65579987	0.00254445
44.66772079	0.00234994
44.67964172	0.00235988
44.69156265	0.00260657
44.70348358	0.00270056
44.71540451	0.00265909
44.72732544	0.00244431
44.73924637	0.00180227
44.75116730	0.00118791
44.76308823	0.00081600
44.77500916	0.00101216
44.78693008	0.00162832
44.79885101	0.00208251
44.81077194	0.00199491
44.82269287	0.00198616
44.83461380	0.00279697
44.84653473	0.00341187
44.85845566	0.00341990
44.87037659	0.00330622
44.88229752	0.00233988
44.89421844	0.00170357
44.90613937	0.00150609
44.91806030	0.00136951
44.92998123	0.00133113
44.94190216	0.00150272
44.95382309	0.00436116
44.96574402	0.03635662
44.97766495	0.10379710
44.98958588	0.14391620
45.00150681	0.14686700
45.01342773	0.13979630
45.02534866	0.08988821
45.03726959	0.02581612
45.04919052	0.00238017
45.06111145	0.00136295
45.07303238	0.00110366
45.08495331	0.00087448
45.09687424	0.00067441
45.10879517	0.00092498
45.12071609	0.00269868
45.13263702	0.00385275
45.14455795	0.00404937
45.15647888	0.00397004
45.16839981	0.00266521
45.18032074	0.00132813
45.19224167	0.00125955
45.20416260	0.00133128
45.21608353	0.00104606
45.22800446	0.00093371
45.23992538	0.00101621
45.25184631	0.00125118
45.26376724	0.00188335
45.27568817	0.00243688
45.28760910	0.00235733
45.29953003	0.00221210
45.31145096	0.00217387
45.32337189	0.00253206
45.33529282	0.00268681
45.34721375	0.00267202
45.35913467	0.00200066
45.37105560	0.00114196
45.38297653	0.00091900
45.39489746	0.00098097
45.40681839	0.00152233
45.41873932	0.00203360
45.43066025	0.00208166
45.44258118	0.00224385
45.45450211	0.00356583
45.46642303	0.00475460
45.47834396	0.00478747
45.49026489	0.00467161
45.50218582	0.00316372
45.51410675	0.00091501
45.52602768	0.00072176
45.53794861	0.00113565
45.54986954	0.00161348
45.56179047	0.00177066
45.57371140	0.00157410
45.58563232	0.00354321
45.59755325	0.01177184
45.60947418	0.01812986
45.62139511	0.01910566
45.63331604	0.01886163
45.64523697	0.01368750
45.65715790	0.00532488
45.66907883	0.00204529
45.68099976	0.00168707
45.69292068	0.00152682
45.70484161	0.00143529
45.71676254	0.00129922
45.72868347	0.00124413
45.74060440	0.00231565
45.75252533	0.00343143
45.76444626	0.00363560
45.77636719	0.00370550
45.78828812	0.00318583
45.80020905	0.00235644
45.81212997	0.00182168
45.82405090	0.00154799
45.83597183	0.00121702
45.84789276	0.00118325
45.85981369	0.00134644
45.87173462	0.00146316
45.88365555	0.00173994
45.89557648	0.00195525
45.90749741	0.00177435
45.91941833	0.00154286
45.93133926	0.00162090
45.94326019	0.00248464
45.95518112	0.00279878
45.96710205	0.00281799
45.97902298	0.00213104
45.99094391	0.00117984
46.00286484	0.00117171
46.01478577	0.00111329
46.02670670	0.00115470
46.03862762	0.00125360
46.05054855	0.00114705
46.06246948	0.00106623
46.07439041	0.00355284
46.08631134	0.00623948
46.09823227	0.00682988
46.11015320	0.00693670
46.12207413	0.00548318
46.13399506	0.00271397
46.14591599	0.00196832
46.15783691	0.00193528
46.16975784	0.00143131
46.18167877	0.00063371
46.19359970	0.00026946
46.20552063	0.00117443
46.21744156	0.00469517
46.22936249	0.00806431
46.24128342	0.00873383
46.25320435	0.00862652
46.26512527	0.00668698
46.27704620	0.00286688
46.28896713	0.00158752
46.30088806	0.00134727
46.31280899	0.00101020
46.32472992	0.00117457
46.33665085	0.00131876
46.34857178	0.00129745
46.36049271	0.00185628
46.37241364	0.00276049
46.38433456	0.00294350
46.39625549	0.00297720
46.40817642	0.00270505
46.42009735	0.00200850
46.43201828	0.00156018
46.44393921	0.00139946
46.45586014	0.00132639
46.46778107	0.00146626
46.47970200	0.00154024
46.49162292	0.00148472
46.50354385	0.00154215
46.51546478	0.00173630
46.52738571	0.00175658
46.53930664	0.00177913
46.55122757	0.00206610
46.56314850	0.00281088
46.57506943	0.00292041
46.58699036	0.00258206
46.59891129	0.00174512
46.61083221	0.00109118
46.62275314	0.00140050
46.63467407	0.00115405
46.64659500	0.00093939
46.65851593	0.00098349
46.67043686	0.00095613
46.68235779	0.00123757
46.69427872	0.00563083
46.70619965	0.01078558
46.71812057	0.01210832
46.73004150	0.01195856
46.74196243	0.00977869
46.75388336	0.00436997
46.76580429	0.00122940
46.77772522	0.00112326
46.78964615	0.00102101
46.80156708	0.00100768
46.81348801	0.00098934
46.82540894	0.00111295
46.83732986	0.00263671
46.84925079	0.00464840
46.86117172	0.00504451
46.87309265	0.00507257
46.88501358	0.00458367
46.89693451	0.00281265
46.90885544	0.00210238
46.92077637	0.00224346
46.93269730	0.00226309
46.94461823	0.00187186
46.95653915	0.00155291
46.96846008	0.00135583
46.98038101	0.00133538
46.99230194	0.00176914
47.00422287	0.00190311
47.01614380	0.00192830
47.02806473	0.00182237
47.03998566	0.00164287
47.05190659	0.00188093
47.06382751	0.00210487
47.07574844	0.00193041
47.08766937	0.00105741
47.09959030	0.00063508
47.11151123	0.00069641
47.12343216	0.00098406
47.13535309	0.00164220
47.14727402	0.00196459
47.15919495	0.00179960
47.17111588	0.00190217
47.18303680	0.00309019
47.19495773	0.00372504
47.20687866	0.00370232
47.21879959	0.00304598
47.23072052	0.00154439
47.24264145	0.00122326
47.25456238	0.00139003
47.26648331	0.00145687
47.27840424	0.00149400
47.29032516	0.00147284
47.30224609	0.00360753
47.31416702	0.01792502
47.32608795	0.03821857
47.33800888	0.04552356
47.34992981	0.04541765
47.36185074	0.03976338
47.37377167	0.02044356
47.38569260	0.00428965
47.39761353	0.00074610
47.40953445	0.00064151
47.42145538	0.00062174
47.43337631	0.00081878
47.44529724	0.00104397
47.45721817	0.00193523
47.46913910	0.00360860
47.48106003	0.00428650
47.49298096	0.00420435
47.50490189	0.00380396
47.51682281	0.00242756
47.52874374	0.00142375
47.54066467	0.00134717
47.55258560	0.00139959
47.56450653	0.00105031
47.57642746	0.00074614
47.58834839	0.00056924
47.60026932	0.00072359
47.61219025	0.00158947
47.62411118	0.00191546
47.63603210	0.00180035
47.64795303	0.00218440
47.65987396	0.00274227
47.67179489	0.00285810
47.68371582	0.00253290
47.69563675	0.00201076
47.70755768	0.00117429
47.71947861	0.00066550
47.73139954	0.00054697
47.74332047	0.00036135
47.75524139	0.00038101
47.76716232	0.00077767
47.77908325	0.00085809
47.79100418	0.00141292
47.80292511	0.00343080
47.81484604	0.00462327
47.82676697	0.00494025
47.83868790	0.00472237
47.85060883	0.00296675
47.86252975	0.00135604
47.87445068	0.00106944
47.88637161	0.00105887
47.89829254	0.00131369
47.91021347	0.00145338
47.92213440	0.00165770
47.93405533	0.00771728
47.94597626	0.01972598
47.95789719	0.02556982
47.96981812	0.02592664
47.98173904	0.02418078
47.99365997	0.01416041
48.00558090	0.00352738
48.01750183	0.00167633
48.02942276	0.00146863
48.04134369	0.00085111
48.05326462	0.00050934
48.06518555	0.00085401
48.07710648	0.00156770
48.08902740	0.00298297
48.10094833	0.00365604
48.11286926	0.00342226
48.12479019	0.00293463
48.13671112	0.00186164
48.14863205	0.00152926
48.16055298	0.00140172
48.17247391	0.00117421
48.18439484	0.00104957
48.19631577	0.00122035
48.20823669	0.00141374
48.22015762	0.00148159
48.23207855	0.00179143
48.24399948	0.00212532
48.25592041	0.00219933
48.26784134	0.00238909
48.27976227	0.00302229
48.29168320	0.00353484
48.30360413	0.00342405
48.31552505	0.00306649
48.32744598	0.00210990
48.33936691	0.00147477
48.35128784	0.00122650
48.36320877	0.00105693
48.37512970	0.00112427
48.38705063	0.00139175
48.39897156	0.00149673
48.41089249	0.00242646
48.42281342	0.00491848
48.43473434	0.00636203
48.44665527	0.00630192
48.45857620	0.00579516
48.47049713	0.00349835
48.48241806	0.00117992
48.49433899	0.00102804
48.50625992	0.00092743
48.51818085	0.00099188
48.53010178	0.00113574
48.54202271	0.00127327
48.55394363	0.00281332
48.56586456	0.00717046
48.57778549	0.01008301
48.58970642	0.01041198
48.60162735	0.00993760
48.61354828	0.00647819
48.62546921	0.00211560
48.63739014	0.00123556
48.64931107	0.00126340
48.66123199	0.00091191
48.67315292	0.00073354
48.68507385	0.00070684
48.69699478	0.00061120
48.70891571	0.00165512
48.72083664	0.00256048
48.73275757	0.00268438
48.74467850	0.00279089
48.75659943	0.00235879
48.76852036	0.00192805
48.78044128	0.00185598
48.79236221	0.00167096
48.80428314	0.00108610
48.81620407	0.00039407
