Частота	Канал A
(kГц)	(В)

0.00000000	0.19450850
0.01192093	0.13507090
0.02384186	0.09155881
0.03576279	0.02809853
0.04768372	0.00385227
0.05960464	0.00420136
0.07152557	0.00412678
0.08344650	0.00291151
0.09536743	0.00231133
0.10728836	0.00259166
0.11920929	0.00269370
0.13113022	0.00263776
0.14305115	0.00177088
0.15497208	0.00094188
0.16689301	0.00051674
0.17881393	0.00038182
0.19073486	0.00027082
0.20265579	0.00090522
0.21457672	0.00140256
0.22649765	0.00163702
0.23841858	0.00170943
0.25033951	0.00166701
0.26226044	0.00227161
0.27418137	0.00309672
0.28610229	0.00319200
0.29802322	0.00339315
0.30994415	0.00315533
0.32186508	0.00356728
0.33378601	0.00412911
0.34570694	0.00400935
0.35762787	0.01085763
0.36954880	0.06473488
0.38146973	0.13978590
0.39339066	0.16594250
0.40531158	0.16630270
0.41723251	0.14581480
0.42915344	0.07376239
0.44107437	0.01433780
0.45299530	0.00480789
0.46491623	0.00479678
0.47683716	0.00404867
0.48875809	0.00293555
0.50067902	0.00294985
0.51259995	0.00283611
0.52452087	0.00281745
0.53644180	0.00196344
0.54836273	0.00090519
0.56028366	0.00069491
0.57220459	0.00070983
0.58412552	0.00061566
0.59604645	0.00032959
0.60796738	0.00120885
0.61988831	0.00166600
0.63180923	0.00193060
0.64373016	0.00218908
0.65565109	0.00236705
0.66757202	0.00319190
0.67949295	0.00358297
0.69141388	0.00354181
0.70333481	0.00305641
0.71525574	0.00235028
0.72717667	0.00260845
0.73909760	0.00264684
0.75101852	0.00338387
0.76293945	0.02894084
0.77486038	0.10116740
0.78678131	0.15834870
0.79870224	0.16629420
0.81062317	0.16263320
0.82254410	0.11757760
0.83446503	0.04082714
0.84638596	0.00590867
0.85830688	0.00548453
0.87022781	0.00553471
0.88214874	0.00433137
0.89406967	0.00334168
0.90599060	0.00315486
0.91791153	0.00306954
0.92983246	0.00303490
0.94175339	0.00211484
0.95367432	0.00105242
0.96559525	0.00051861
0.97751617	0.00025052
0.98943710	0.00031389
1.00135803	0.00113955
1.01327896	0.00187925
1.02519989	0.00215491
1.03712082	0.00212832
1.04904175	0.00187324
1.06096268	0.00197223
1.07288361	0.00272096
1.08480453	0.00278766
1.09672546	0.00280504
1.10864639	0.00223427
1.12056732	0.00199303
1.13248825	0.00254503
1.14440918	0.00269630
1.15633011	0.00815627
1.16825104	0.05611734
1.18017197	0.13177770
1.19209290	0.16353260
1.20401382	0.16454830
1.21593475	0.14858170
1.22785568	0.08114651
1.23977661	0.01757598
1.25169754	0.00470684
1.26361847	0.00507106
1.27553940	0.00450000
1.28746033	0.00332617
1.29938126	0.00327865
1.31130219	0.00320796
1.32322311	0.00309470
1.33514404	0.00249145
1.34706497	0.00157259
1.35898590	0.00102952
1.37090683	0.00084754
1.38282776	0.00075019
1.39474869	0.00081126
1.40666962	0.00121304
1.41859055	0.00148395
1.43051147	0.00152405
1.44243240	0.00150095
1.45435333	0.00132054
1.46627426	0.00180581
1.47819519	0.00214036
1.49011612	0.00217791
1.50203705	0.00217803
1.51395798	0.00187374
1.52587891	0.00200529
1.53779984	0.00193722
1.54972076	0.00181437
1.56164169	0.02212660
1.57356262	0.08868121
1.58548355	0.14905880
1.59740448	0.16001090
1.60932541	0.15806570
1.62124634	0.12039820
1.63316727	0.04542539
1.64508820	0.00637128
1.65700912	0.00580367
1.66893005	0.00589456
1.68085098	0.00457783
1.69277191	0.00296965
1.70469284	0.00269224
1.71661377	0.00272327
1.72853470	0.00277935
1.74045563	0.00166715
1.75237656	0.00054624
1.76429749	0.00027341
1.77621841	0.00062252
1.78813934	0.00079690
1.80006027	0.00128054
1.81198120	0.00181044
1.82390213	0.00198909
1.83582306	0.00178140
1.84774399	0.00136127
1.85966492	0.00102804
1.87158585	0.00183041
1.88350677	0.00204818
1.89542770	0.00222389
1.90734863	0.00200496
1.91926956	0.00179817
1.93119049	0.00185031
1.94311142	0.00169377
1.95503235	0.00585525
1.96695328	0.04652360
1.97887421	0.11918900
1.99079514	0.15516780
2.00271606	0.15701330
2.01463699	0.14561450
2.02655792	0.08552227
2.03847885	0.02043539
2.05039978	0.00521196
2.06232071	0.00573810
2.07424164	0.00489885
2.08616257	0.00285756
2.09808350	0.00209751
2.11000443	0.00221654
2.12192535	0.00252214
2.13384628	0.00220447
2.14576721	0.00130812
2.15768814	0.00077518
2.16960907	0.00029316
2.18153000	0.00031232
2.19345093	0.00040678
2.20537186	0.00056917
2.21729279	0.00126189
2.22921371	0.00168056
2.24113464	0.00205293
2.25305557	0.00218457
2.26497650	0.00268588
2.27689743	0.00308080
2.28881836	0.00301576
2.30073929	0.00275721
2.31266022	0.00168226
2.32458115	0.00092328
2.33650208	0.00093298
2.34842300	0.00121458
2.36034393	0.01753021
2.37226486	0.07695750
2.38418579	0.13858680
2.39610672	0.15263120
2.40802765	0.15139190
2.41994858	0.12112420
2.43186951	0.05040547
2.44379044	0.00760969
2.45571136	0.00574532
2.46763229	0.00580442
2.47955322	0.00423046
2.49147415	0.00194405
2.50339508	0.00142126
2.51531601	0.00109962
2.52723694	0.00071858
2.53915787	0.00033584
2.55107880	0.00117400
2.56299973	0.00175553
2.57492065	0.00184153
2.58684158	0.00177316
2.59876251	0.00159985
2.61068344	0.00184633
2.62260437	0.00206289
2.63452530	0.00216706
2.64644623	0.00212729
2.65836716	0.00186329
2.67028809	0.00260738
2.68220901	0.00290383
2.69412994	0.00287275
2.70605087	0.00228771
2.71797180	0.00126548
2.72989273	0.00048179
2.74181366	0.00055252
2.75373459	0.00471076
2.76565552	0.03802056
2.77757645	0.10558550
2.78949738	0.14481630
2.80141830	0.14773120
2.81333923	0.14009220
2.82526016	0.08868403
2.83718109	0.02477651
2.84910202	0.00533825
2.86102295	0.00531355
2.87294388	0.00463031
2.88486481	0.00277633
2.89678574	0.00161918
2.90870667	0.00124315
2.92062759	0.00103451
2.93254852	0.00067326
2.94446945	0.00011667
2.95639038	0.00055833
2.96831131	0.00046558
2.98023224	0.00029474
2.99215317	0.00074145
3.00407410	0.00180352
3.01599503	0.00247878
3.02791595	0.00244105
3.03983688	0.00222587
3.05175781	0.00172700
3.06367874	0.00200828
3.07559967	0.00272074
3.08752060	0.00283286
3.09944153	0.00268267
3.11136246	0.00167012
3.12328339	0.00067769
3.13520432	0.00039219
3.14712524	0.00066244
3.15904617	0.01296396
3.17096710	0.06374018
3.18288803	0.12401760
3.19480896	0.14104710
3.20672989	0.14054790
3.21865082	0.11769460
3.23057175	0.05378274
3.24249268	0.00897088
3.25441360	0.00562354
3.26633453	0.00563071
3.27825546	0.00425095
3.29017639	0.00184424
3.30209732	0.00041592
3.31401825	0.00027596
3.32593918	0.00007531
3.33786011	0.00025405
3.34978104	0.00074404
3.36170197	0.00116571
3.37362289	0.00104733
3.38554382	0.00086310
3.39746475	0.00142161
3.40938568	0.00271649
3.42130661	0.00325440
3.43322754	0.00324672
3.44514847	0.00320212
3.45706940	0.00261123
3.46899033	0.00235975
3.48091125	0.00235936
3.49283218	0.00243125
3.50475311	0.00207653
3.51667404	0.00133858
3.52859497	0.00120238
3.54051590	0.00125889
3.55243683	0.00315295
3.56435776	0.02894701
3.57627869	0.08958070
3.58819962	0.13043390
3.60012054	0.13474160
3.61204147	0.13011350
3.62396240	0.08766063
3.63588333	0.02659863
3.64780426	0.00502566
3.65972519	0.00546733
3.67164612	0.00521031
3.68356705	0.00328006
3.69548798	0.00134649
3.70740891	0.00088698
3.71932983	0.00076719
3.73125076	0.00069000
3.74317169	0.00095855
3.75509262	0.00156384
3.76701355	0.00160150
3.77893448	0.00130794
3.79085541	0.00093024
3.80277634	0.00133230
3.81469727	0.00180283
3.82661819	0.00180797
3.83853912	0.00184224
3.85046005	0.00166448
3.86238098	0.00162642
3.87430191	0.00195147
3.88622284	0.00181867
3.89814377	0.00155708
3.91006470	0.00079690
3.92198563	0.00131391
3.93390656	0.00176647
3.94582748	0.00175465
3.95774841	0.00937281
3.96966934	0.05085173
3.98159027	0.10733350
3.99351120	0.12683270
4.00543213	0.12711120
4.01735306	0.11089950
4.02927399	0.05556672
4.04119492	0.01057213
4.05311584	0.00372002
4.06503677	0.00410561
4.07695770	0.00348244
4.08887863	0.00161216
4.10079956	0.00074660
4.11272049	0.00063927
4.12464142	0.00061420
4.13656235	0.00053271
4.14848328	0.00137158
4.16040421	0.00200955
4.17232513	0.00206085
4.18424606	0.00194199
4.19616699	0.00172917
4.20808792	0.00219839
4.22000885	0.00247321
4.23192978	0.00233246
4.24385071	0.00214409
4.25577164	0.00154665
4.26769257	0.00127665
4.27961349	0.00127879
4.29153442	0.00132207
4.30345535	0.00133623
4.31537628	0.00184561
4.32729721	0.00254893
4.33921814	0.00238544
4.35113907	0.00303893
4.36306000	0.02179181
4.37498093	0.07325554
4.38690186	0.11341570
4.39882278	0.11903570
4.41074371	0.11632040
4.42266464	0.08348218
4.43458557	0.02861458
4.44650650	0.00497272
4.45842743	0.00474630
4.47034836	0.00465499
4.48226929	0.00295725
4.49419022	0.00068668
4.50611115	0.00061279
4.51803207	0.00106900
4.52995300	0.00126815
4.54187393	0.00118378
4.55379486	0.00126570
4.56571579	0.00163322
4.57763672	0.00167394
4.58955765	0.00159515
4.60147858	0.00173248
4.61339951	0.00217890
4.62532043	0.00229148
4.63724136	0.00200255
4.64916229	0.00147647
4.66108322	0.00112956
4.67300415	0.00171510
4.68492508	0.00220926
4.69684601	0.00245573
4.70876694	0.00229523
4.72068787	0.00322875
4.73260880	0.00398585
4.74452972	0.00377803
4.75645065	0.00796631
4.76837158	0.04002773
4.78029251	0.09019912
4.79221344	0.11076600
4.80413437	0.11125270
4.81605530	0.09997301
4.82797623	0.05371084
4.83989716	0.01082915
4.85181808	0.00389742
4.86373901	0.00447099
4.87565994	0.00398830
4.88758087	0.00216315
4.89950180	0.00075412
4.91142273	0.00047325
4.92334366	0.00057821
4.93526459	0.00111925
4.94718552	0.00215717
4.95910645	0.00288926
4.97102737	0.00305314
4.98294830	0.00313816
4.99486923	0.00287661
5.00679016	0.00263564
5.01871109	0.00258496
5.03063202	0.00250600
5.04255295	0.00231830
5.05447388	0.00177641
5.06639481	0.00136951
5.07831573	0.00124003
5.09023666	0.00111107
5.10215759	0.00127057
5.11407852	0.00237931
5.12599945	0.00368980
5.13792038	0.00383429
5.14984131	0.00397719
5.16176224	0.01590050
5.17368317	0.05754085
5.18560410	0.09518170
5.19752502	0.10217590
5.20944595	0.10123590
5.22136688	0.07714920
5.23328781	0.02942369
5.24520874	0.00423600
5.25712967	0.00299232
5.26905060	0.00286303
5.28097153	0.00176671
5.29289246	0.00080459
5.30481339	0.00140149
5.31673431	0.00152606
5.32865524	0.00123004
5.34057617	0.00090449
5.35249710	0.00155087
5.36441803	0.00186024
5.37633896	0.00184179
5.38825989	0.00167546
5.40018082	0.00116234
5.41210175	0.00147413
5.42402267	0.00182851
5.43594360	0.00171726
5.44786453	0.00115707
5.45978546	0.00057803
5.47170639	0.00105276
5.48362732	0.00105353
5.49554825	0.00087293
5.50746918	0.00012629
5.51939011	0.00198065
5.53131104	0.00305823
5.54323196	0.00303511
5.55515289	0.00572791
5.56707382	0.02961419
5.57899475	0.07250462
5.59091568	0.09326454
5.60283661	0.09399568
5.61475754	0.08672936
5.62667847	0.05029311
5.63859940	0.01147271
5.65052032	0.00285229
5.66244125	0.00328670
5.67436218	0.00281543
5.68628311	0.00184180
5.69820404	0.00153952
5.71012497	0.00146147
5.72204590	0.00159911
5.73396683	0.00137717
5.74588776	0.00097804
5.75780869	0.00143948
5.76972961	0.00197924
5.78165054	0.00225905
5.79357147	0.00173593
5.80549240	0.00121989
5.81741333	0.00170994
5.82933426	0.00187749
5.84125519	0.00167905
5.85317612	0.00107640
5.86509705	0.00044101
5.87701797	0.00011652
5.88893890	0.00049202
5.90085983	0.00098691
5.91278076	0.00205674
5.92470169	0.00341523
5.93662262	0.00379474
5.94854355	0.00397628
5.96046448	0.01177420
5.97238541	0.04437339
5.98430634	0.07798167
5.99622726	0.08540735
6.00814819	0.08466002
6.02006912	0.06767378
6.03199005	0.02839584
6.04391098	0.00423948
6.05583191	0.00166151
6.06775284	0.00140659
6.07967377	0.00060291
6.09159470	0.00128769
6.10351563	0.00161659
6.11543655	0.00139292
6.12735748	0.00110576
6.13927841	0.00075326
6.15119934	0.00135363
6.16312027	0.00201559
6.17504120	0.00235993
6.18696213	0.00253109
6.19888306	0.00243675
6.21080399	0.00251468
6.22272491	0.00226505
6.23464584	0.00190334
6.24656677	0.00141263
6.25848770	0.00097133
6.27040863	0.00122403
6.28232956	0.00125352
6.29425049	0.00118605
6.30617142	0.00148659
6.31809235	0.00288720
6.33001328	0.00427032
6.34193420	0.00452317
6.35385513	0.00569477
6.36577606	0.02128810
6.37769699	0.05540314
6.38961792	0.07499097
6.40153885	0.07646476
6.41345978	0.07243457
6.42538071	0.04565099
6.43730164	0.01266525
6.44922256	0.00170795
6.46114349	0.00169446
6.47306442	0.00158075
6.48498535	0.00144197
6.49690628	0.00213339
6.50882721	0.00243183
6.52074814	0.00227182
6.53266907	0.00177185
6.54459000	0.00127292
6.55651093	0.00181024
6.56843185	0.00207507
6.58035278	0.00212300
6.59227371	0.00186220
6.60419464	0.00142372
6.61611557	0.00132612
6.62803650	0.00135035
6.63995743	0.00122077
6.65187836	0.00063625
6.66379929	0.00067341
6.67572021	0.00090811
6.68764114	0.00100813
6.69956207	0.00143625
6.71148300	0.00264132
6.72340393	0.00455994
6.73532486	0.00538816
6.74724579	0.00538591
6.75916672	0.00884376
6.77108765	0.03154124
6.78300858	0.05946142
6.79492950	0.06731781
6.80685043	0.06698988
6.81877136	0.05583467
6.83069229	0.02548882
6.84261322	0.00395400
6.85453415	0.00138743
6.86645508	0.00121373
6.87837601	0.00105537
6.89029694	0.00197549
6.90221786	0.00277566
6.91413879	0.00314509
6.92605972	0.00322998
6.93798065	0.00277404
6.94990158	0.00233889
6.96182251	0.00268711
6.97374344	0.00280550
6.98566437	0.00275888
6.99758530	0.00228451
7.00950623	0.00189795
7.02142715	0.00186583
7.03334808	0.00179720
7.04526901	0.00145517
7.05718994	0.00076361
7.06911087	0.00087751
7.08103180	0.00127263
7.09295273	0.00141256
7.10487366	0.00168560
7.11679459	0.00329536
7.12871552	0.00508145
7.14063644	0.00537314
7.15255737	0.00565567
7.16447830	0.01388666
7.17639923	0.03872518
7.18832016	0.05560580
7.20024109	0.05732556
7.21216202	0.05523248
7.22408295	0.03700681
7.23600388	0.01114396
7.24792480	0.00064591
7.25984573	0.00058220
7.27176666	0.00090064
7.28368759	0.00144967
7.29560852	0.00217387
7.30752945	0.00242349
7.31945038	0.00237615
7.33137131	0.00216192
7.34329224	0.00211743
7.35521317	0.00267120
7.36713409	0.00276332
7.37905502	0.00268547
7.39097595	0.00218081
7.40289688	0.00100884
7.41481781	0.00018549
7.42673874	0.00026542
7.43865967	0.00051890
7.45058060	0.00037115
7.46250153	0.00069221
7.47442245	0.00133967
7.48634338	0.00137542
7.49826431	0.00118250
7.51018524	0.00146850
7.52210617	0.00335706
7.53402710	0.00444450
7.54594803	0.00477192
7.55786896	0.00645728
7.56978989	0.02047279
7.58171082	0.04127399
7.59363174	0.04835973
7.60555267	0.04808073
7.61747360	0.04136839
7.62939453	0.02024849
7.64131546	0.00361319
7.65323639	0.00077918
7.66515732	0.00083673
7.67707825	0.00050984
7.68899918	0.00103360
7.70092010	0.00217011
7.71284103	0.00287307
7.72476196	0.00298112
7.73668289	0.00273469
7.74860382	0.00284254
7.76052475	0.00292502
7.77244568	0.00268664
7.78436661	0.00232279
7.79628754	0.00149798
7.80820847	0.00096437
7.82012939	0.00084920
7.83205032	0.00075764
7.84397125	0.00058812
7.85589218	0.00058621
7.86781311	0.00128875
7.87973404	0.00150443
7.89165497	0.00156229
7.90357590	0.00174083
7.91549683	0.00282101
7.92741776	0.00458521
7.93933868	0.00511817
7.95125961	0.00533528
7.96318054	0.00947428
7.97510147	0.02538744
7.98702240	0.03807075
7.99894333	0.03973548
8.01086426	0.03873451
8.02278519	0.02769005
8.03470612	0.00965717
8.04662704	0.00175717
8.05854797	0.00142628
8.07046890	0.00135169
8.08238983	0.00167712
8.09431076	0.00288726
8.10623169	0.00342655
8.11815262	0.00340800
8.13007355	0.00325823
8.14199448	0.00257668
8.15391541	0.00212030
8.16583633	0.00204317
8.17775726	0.00181693
8.18967819	0.00137590
8.20159912	0.00093917
8.21352005	0.00076983
8.22544098	0.00063712
8.23736191	0.00049136
8.24928284	0.00024707
8.26120377	0.00127891
8.27312469	0.00207934
8.28504562	0.00231125
8.29696655	0.00220326
8.30888748	0.00226807
8.32080841	0.00372655
8.33272934	0.00463301
8.34465027	0.00465408
8.35657120	0.00581868
8.36849213	0.01368794
8.38041306	0.02690534
8.39233398	0.03199689
8.40425491	0.03176800
8.41617584	0.02854895
8.42809677	0.01601935
8.44001770	0.00483301
8.45193863	0.00258990
8.46385956	0.00252033
8.47578049	0.00227164
8.48770142	0.00231345
8.49962234	0.00294117
8.51154327	0.00301694
8.52346420	0.00292974
8.53538513	0.00239996
8.54730606	0.00157290
8.55922699	0.00149699
8.57114792	0.00153448
8.58306885	0.00144228
8.59498978	0.00101751
8.60691071	0.00108789
8.61883163	0.00130045
8.63075256	0.00122157
8.64267349	0.00087780
8.65459442	0.00109054
8.66651535	0.00194965
8.67843628	0.00215219
8.69035721	0.00196870
8.70227814	0.00178220
8.71419907	0.00271986
8.72612000	0.00446758
8.73804092	0.00517676
8.74996185	0.00558442
8.76188278	0.00741365
8.77380371	0.01536944
8.78572464	0.02319602
8.79764557	0.02452237
8.80956650	0.02402054
8.82148743	0.01850674
8.83340836	0.00856985
8.84532928	0.00421902
8.85725021	0.00366896
8.86917114	0.00335971
8.88109207	0.00251544
8.89301300	0.00216887
8.90493393	0.00267965
8.91685486	0.00297440
8.92877579	0.00285702
8.94069672	0.00194829
8.95261765	0.00160780
8.96453857	0.00169523
8.97645950	0.00175782
8.98838043	0.00152025
9.00030136	0.00085587
9.01222229	0.00050145
9.02414322	0.00065693
9.03606415	0.00082855
9.04798508	0.00111360
9.05990601	0.00200956
9.07182693	0.00276589
9.08374786	0.00285958
9.09566879	0.00290634
9.10758972	0.00267514
9.11951065	0.00303048
9.13143158	0.00430620
9.14335251	0.00480640
9.15527344	0.00500656
9.16719437	0.00659813
9.17911530	0.01245236
9.19103622	0.01554490
9.20295715	0.01560890
9.21487808	0.01459144
9.22679901	0.00933479
9.23871994	0.00463503
9.25064087	0.00384315
9.26256180	0.00388638
9.27448273	0.00351621
9.28640366	0.00262558
9.29832458	0.00301756
9.31024551	0.00338477
9.32216644	0.00360151
9.33408737	0.00335301
9.34600830	0.00234253
9.35792923	0.00168387
9.36985016	0.00146995
9.38177109	0.00144150
9.39369202	0.00138109
9.40561295	0.00083414
9.41753387	0.00030008
9.42945480	0.00028626
9.44137573	0.00075616
9.45329666	0.00109201
9.46521759	0.00170628
9.47713852	0.00212743
9.48905945	0.00215647
9.50098038	0.00197370
9.51290131	0.00222493
9.52482224	0.00404947
9.53674316	0.00488208
9.54866409	0.00491706
9.56058502	0.00452971
9.57250595	0.00463187
9.58442688	0.00669601
9.59634781	0.00760381
9.60826874	0.00795399
9.62018967	0.00682605
9.63211060	0.00473492
9.64403152	0.00497291
9.65595245	0.00504023
9.66787338	0.00463391
9.67979431	0.00364100
9.69171524	0.00307552
9.70363617	0.00322939
9.71555710	0.00320382
9.72747803	0.00301019
9.73939896	0.00201009
9.75131989	0.00113463
9.76324081	0.00107761
9.77516174	0.00109687
9.78708267	0.00087050
9.79900360	0.00044274
9.81092453	0.00070347
9.82284546	0.00073110
9.83476639	0.00039710
9.84668732	0.00089514
9.85860825	0.00234454
9.87052917	0.00344374
9.88245010	0.00335893
9.89437103	0.00292567
9.90629196	0.00252539
9.91821289	0.00297173
9.93013382	0.00383564
9.94205475	0.00378350
9.95397568	0.00351424
9.96589661	0.00254169
9.97781754	0.00100961
9.98973846	0.00034661
10.00165939	0.00023470
10.01358032	0.00002930
10.02550125	0.00148527
10.03742218	0.00357468
10.04934311	0.00440685
10.06126404	0.00437816
10.07318497	0.00385542
10.08510590	0.00246548
10.09702682	0.00254900
10.10894775	0.00298921
10.12086868	0.00330452
10.13278961	0.00314639
10.14471054	0.00226394
10.15663147	0.00164033
10.16855240	0.00124776
10.18047333	0.00096137
10.19239426	0.00095963
10.20431519	0.00169339
10.21623611	0.00224681
10.22815704	0.00212592
10.24007797	0.00175586
10.25199890	0.00156557
10.26391983	0.00229191
10.27584076	0.00305751
10.28776169	0.00335590
10.29968262	0.00353023
10.31160355	0.00337043
10.32352448	0.00378151
10.33544540	0.00396722
10.34736633	0.00362708
10.35928726	0.00300346
10.37120819	0.00254263
10.38312912	0.00470898
10.39505005	0.00537867
10.40697098	0.00557421
10.41889191	0.00468622
10.43081284	0.00229188
10.44273376	0.00407606
10.45465469	0.00488184
10.46657562	0.00512413
10.47849655	0.00429712
10.49041748	0.00286669
10.50233841	0.00271802
10.51425934	0.00266354
10.52618027	0.00266960
10.53810120	0.00215261
10.55002213	0.00136245
10.56194305	0.00108722
10.57386398	0.00104489
10.58578491	0.00076800
10.59770584	0.00037381
10.60962677	0.00118140
10.62154770	0.00156965
10.63346863	0.00151326
10.64538956	0.00110849
10.65731049	0.00104671
10.66923141	0.00211176
10.68115234	0.00241571
10.69307327	0.00241679
10.70499420	0.00210549
10.71691513	0.00206806
10.72883606	0.00323696
10.74075699	0.00381303
10.75267792	0.00371473
10.76459885	0.00335297
10.77651978	0.00773781
10.78844070	0.01122395
10.80036163	0.01133230
10.81228256	0.01085313
10.82420349	0.00712284
10.83612442	0.00395287
10.84804535	0.00476088
10.85996628	0.00480721
10.87188721	0.00463698
10.88380814	0.00375023
10.89572906	0.00373448
10.90764999	0.00349439
10.91957092	0.00295778
10.93149185	0.00218652
10.94341278	0.00074142
10.95533371	0.00045628
10.96725464	0.00039810
10.97917557	0.00020701
10.99109650	0.00051183
11.00301743	0.00135795
11.01493835	0.00192319
11.02685928	0.00187326
11.03878021	0.00170309
11.05070114	0.00170283
11.06262207	0.00249357
11.07454300	0.00325625
11.08646393	0.00328328
11.09838486	0.00300827
11.11030579	0.00193075
11.12222672	0.00141935
11.13414764	0.00208358
11.14606857	0.00228752
11.15798950	0.00213369
11.16991043	0.00676074
11.18183136	0.01458123
11.19375229	0.01724484
11.20567322	0.01727116
11.21759415	0.01486639
11.22951508	0.00742891
11.24143600	0.00555084
11.25335693	0.00622966
11.26527786	0.00610629
11.27719879	0.00503367
11.28911972	0.00313569
11.30104065	0.00259740
11.31296158	0.00242875
11.32488251	0.00227942
11.33680344	0.00134814
11.34872437	0.00044550
11.36064529	0.00090739
11.37256622	0.00092143
11.38448715	0.00060089
11.39640808	0.00055202
11.40832901	0.00158352
11.42024994	0.00234859
11.43217087	0.00273985
11.44409180	0.00284942
11.45601273	0.00299482
11.46793365	0.00361181
11.47985458	0.00367261
11.49177551	0.00337905
11.50369644	0.00295724
11.51561737	0.00207146
11.52753830	0.00171864
11.53945923	0.00175334
11.55138016	0.00175935
11.56330109	0.00381204
11.57522202	0.01337549
11.58714294	0.02064158
11.59906387	0.02163906
11.61098480	0.02132185
11.62290573	0.01491262
11.63482666	0.00550069
11.64674759	0.00542985
11.65866852	0.00596903
11.67058945	0.00597076
11.68251038	0.00411270
11.69443130	0.00195778
11.70635223	0.00137083
11.71827316	0.00121707
11.73019409	0.00108244
11.74211502	0.00045858
11.75403595	0.00048002
11.76595688	0.00034173
11.77787781	0.00025893
11.78979874	0.00027977
11.80171967	0.00097674
11.81364059	0.00179215
11.82556152	0.00198963
11.83748245	0.00177704
11.84940338	0.00135409
11.86132431	0.00181777
11.87324524	0.00287474
11.88516617	0.00325418
11.89708710	0.00331276
11.90900803	0.00273265
11.92092896	0.00201001
11.93284988	0.00192143
11.94477081	0.00200696
11.95669174	0.00255150
11.96861267	0.00972261
11.98053360	0.02138006
11.99245453	0.02578190
12.00437546	0.02553926
12.01629639	0.02265268
12.02821732	0.01180183
12.04013824	0.00598529
12.05205917	0.00647434
12.06398010	0.00612811
12.07590103	0.00501581
12.08782196	0.00295217
12.09974289	0.00245023
12.11166382	0.00244301
12.12358475	0.00216392
12.13550568	0.00121098
12.14742661	0.00019262
12.15934753	0.00046897
12.17126846	0.00051258
12.18318939	0.00029054
12.19511032	0.00074151
12.20703125	0.00192232
12.21895218	0.00259000
12.23087311	0.00258254
12.24279404	0.00250194
12.25471497	0.00272606
12.26663589	0.00364363
12.27855682	0.00424123
12.29047775	0.00424226
12.30239868	0.00347405
12.31431961	0.00184336
12.32624054	0.00091987
12.33816147	0.00101810
12.35008240	0.00123554
12.36200333	0.00454619
12.37392426	0.01668518
12.38584518	0.02705530
12.39776611	0.02856009
12.40968704	0.02796646
12.42160797	0.02054311
12.43352890	0.00759993
12.44544983	0.00581279
12.45737076	0.00609060
12.46929169	0.00581393
12.48121262	0.00401464
12.49313354	0.00199019
12.50505447	0.00169757
12.51697540	0.00187680
12.52889633	0.00186661
12.54081726	0.00117788
12.55273819	0.00032242
12.56465912	0.00041407
12.57658005	0.00076737
12.58850098	0.00090999
12.60042191	0.00128030
12.61234283	0.00211292
12.62426376	0.00245825
12.63618469	0.00246492
12.64810562	0.00231681
12.66002655	0.00228950
12.67194748	0.00276103
12.68386841	0.00295305
12.69578934	0.00274910
12.70771027	0.00192498
12.71963120	0.00092761
12.73155212	0.00052261
12.74347305	0.00065082
12.75539398	0.00176220
12.76731491	0.01031580
12.77923584	0.02482062
12.79115677	0.03147436
12.80307770	0.03166704
12.81499863	0.02903520
12.82691956	0.01621438
12.83884048	0.00512575
12.85076141	0.00601381
12.86268234	0.00679626
12.87460327	0.00647509
12.88652420	0.00419350
12.89844513	0.00247031
12.91036606	0.00214127
12.92228699	0.00216495
12.93420792	0.00169450
12.94612885	0.00082868
12.95804977	0.00053674
12.96997070	0.00088841
12.98189163	0.00112796
12.99381256	0.00140708
13.00573349	0.00207705
13.01765442	0.00250784
13.02957535	0.00239739
13.04149628	0.00204328
13.05341721	0.00144794
13.06533813	0.00171045
13.07725906	0.00197238
13.08917999	0.00177191
13.10110092	0.00121540
13.11302185	0.00039904
13.12494278	0.00088766
13.13686371	0.00122620
13.14878464	0.00106592
13.16070557	0.00457164
13.17262650	0.01827102
13.18454742	0.03182064
13.19646835	0.03467096
13.20838928	0.03410296
13.22031021	0.02642764
13.23223114	0.01057832
13.24415207	0.00666665
13.25607300	0.00709376
13.26799393	0.00654539
13.27991486	0.00445856
13.29183578	0.00172468
13.30375671	0.00126576
13.31567764	0.00151811
13.32759857	0.00169934
13.33951950	0.00112999
13.35144043	0.00038662
13.36336136	0.00088246
13.37528229	0.00137498
13.38720322	0.00155093
13.39912415	0.00129463
13.41104507	0.00170132
13.42296600	0.00194237
13.43488693	0.00198993
13.44680786	0.00192357
13.45872879	0.00170498
13.47064972	0.00201620
13.48257065	0.00214845
13.49449158	0.00221210
13.50641251	0.00189776
13.51833344	0.00164208
13.53025436	0.00179096
13.54217529	0.00173852
13.55409622	0.00263851
13.56601715	0.01070206
13.57793808	0.02677574
13.58985901	0.03560932
13.60177994	0.03598924
13.61370087	0.03368006
13.62562180	0.02031988
13.63754272	0.00613650
13.64946365	0.00603788
13.66138458	0.00622422
13.67330551	0.00559649
13.68522644	0.00332834
13.69714737	0.00172689
13.70906830	0.00122187
13.72098923	0.00088072
13.73291016	0.00075242
13.74483109	0.00093202
13.75675201	0.00108399
13.76867294	0.00078920
13.78059387	0.00055269
13.79251480	0.00068255
13.80443573	0.00164353
13.81635666	0.00237864
13.82827759	0.00263377
13.84019852	0.00283459
13.85211945	0.00228427
13.86404037	0.00164786
13.87596130	0.00164103
13.88788223	0.00167441
13.89980316	0.00187071
13.91172409	0.00186413
13.92364502	0.00189520
13.93556595	0.00187530
13.94748688	0.00177374
13.95940781	0.00469184
13.97132874	0.01755956
13.98324966	0.03242254
13.99517059	0.03633202
14.00709152	0.03607695
14.01901245	0.02946889
14.03093338	0.01258718
14.04285431	0.00499529
14.05477524	0.00543776
14.06669617	0.00535642
14.07861710	0.00419790
14.09053802	0.00174913
14.10245895	0.00046917
14.11437988	0.00018204
14.12630081	0.00014786
14.13822174	0.00067834
14.15014267	0.00190100
14.16206360	0.00270915
14.17398453	0.00260243
14.18590546	0.00219488
14.19782639	0.00185288
14.20974731	0.00216609
14.22166824	0.00219691
14.23358917	0.00182497
14.24551010	0.00131240
14.25743103	0.00084998
14.26935196	0.00105030
14.28127289	0.00110057
14.29319382	0.00095515
14.30511475	0.00067427
14.31703568	0.00134853
14.32895660	0.00231303
14.34087753	0.00243230
14.35279846	0.00287330
14.36471939	0.00939462
14.37664032	0.02518652
14.38856125	0.03525528
14.40048218	0.03594963
14.41240311	0.03419790
14.42432404	0.02186419
14.43624496	0.00633289
14.44816589	0.00513074
14.46008682	0.00532065
14.47200775	0.00485217
14.48392868	0.00269898
14.49584961	0.00044700
14.50777054	0.00043262
14.51969147	0.00022428
14.53161240	0.00023779
14.54353333	0.00081626
14.55545425	0.00165355
14.56737518	0.00185704
14.57929611	0.00162181
14.59121704	0.00110561
14.60313797	0.00085914
14.61505890	0.00150879
14.62697983	0.00179606
14.63890076	0.00212353
14.65082169	0.00177218
14.66274261	0.00072944
14.67466354	0.00031910
14.68658447	0.00047495
14.69850540	0.00040961
14.71042633	0.00060352
14.72234726	0.00211111
14.73426819	0.00283418
14.74618912	0.00286090
14.75811005	0.00412631
14.77003098	0.01540385
14.78195190	0.03101824
14.79387283	0.03604788
14.80579376	0.03594850
14.81771469	0.03087125
14.82963562	0.01479789
14.84155655	0.00486744
14.85347748	0.00490387
14.86539841	0.00470914
14.87731934	0.00362847
14.88924026	0.00155777
14.90116119	0.00038737
14.91308212	0.00046168
14.92500305	0.00088813
14.93692398	0.00125274
14.94884491	0.00159350
14.96076584	0.00175641
14.97268677	0.00161944
14.98460770	0.00151869
14.99652863	0.00120712
15.00844955	0.00186895
15.02037048	0.00233024
15.03229141	0.00250825
15.04421234	0.00242102
15.05613327	0.00174127
15.06805420	0.00103696
15.07997513	0.00091963
15.09189606	0.00108486
15.10381699	0.00107367
15.11573792	0.00194664
15.12765884	0.00320357
15.13957977	0.00345794
15.15150070	0.00339811
15.16342163	0.00757518
15.17534256	0.02252601
15.18726349	0.03408943
15.19918442	0.03565850
15.21110535	0.03461947
15.22302628	0.02408523
15.23494720	0.00768119
15.24686813	0.00352643
15.25878906	0.00422078
15.27070999	0.00433184
15.28263092	0.00285587
15.29455185	0.00113739
15.30647278	0.00065640
15.31839371	0.00058788
15.33031464	0.00050760
15.34223557	0.00038915
15.35415649	0.00155109
15.36607742	0.00211132
15.37799835	0.00217666
15.38991928	0.00191586
15.40184021	0.00173712
15.41376114	0.00197085
15.42568207	0.00207733
15.43760300	0.00224363
15.44952393	0.00197516
15.46144485	0.00102236
15.47336578	0.00037293
15.48528671	0.00009236
15.49720764	0.00039176
15.50912857	0.00038226
15.52104950	0.00173534
15.53297043	0.00254778
15.54489136	0.00265045
15.55681229	0.00366447
15.56873322	0.01252747
15.58065414	0.02730878
15.59257507	0.03322106
15.60449600	0.03341185
15.61641693	0.02976334
15.62833786	0.01538547
15.64025879	0.00352134
15.65217972	0.00286841
15.66410065	0.00279719
15.67602158	0.00212328
15.68794250	0.00121907
15.69986343	0.00149145
15.71178436	0.00140289
15.72370529	0.00108231
15.73562622	0.00087559
15.74754715	0.00147564
15.75946808	0.00219061
15.77138901	0.00236520
15.78330994	0.00237169
15.79523087	0.00207184
15.80715179	0.00215057
15.81907272	0.00215511
15.83099365	0.00177434
15.84291458	0.00136428
15.85483551	0.00070600
15.86675644	0.00016023
15.87867737	0.00015636
15.89059830	0.00030304
15.90251923	0.00082770
15.91444016	0.00221684
15.92636108	0.00388672
15.93828201	0.00427186
15.95020294	0.00430100
15.96212387	0.00686152
15.97404480	0.01894421
15.98596573	0.03002958
15.99788666	0.03176613
16.00980759	0.03119810
16.02172852	0.02315703
16.03364944	0.00829500
16.04557037	0.00262451
16.05749130	0.00269568
16.06941223	0.00266178
16.08133316	0.00164777
16.09325409	0.00125011
16.10517502	0.00178019
16.11709595	0.00190457
16.12901688	0.00178070
16.14093781	0.00167450
16.15285873	0.00244434
16.16477966	0.00286492
16.17670059	0.00265845
16.18862152	0.00230315
16.20054245	0.00189623
16.21246338	0.00210079
16.22438431	0.00216102
16.23630524	0.00173091
16.24822617	0.00096453
16.26014709	0.00026190
16.27206802	0.00115214
16.28398895	0.00155870
16.29590988	0.00138313
16.30783081	0.00118557
16.31975174	0.00210996
16.33167267	0.00303814
16.34359360	0.00318711
16.35551453	0.00391577
16.36743546	0.01063518
16.37935638	0.02367493
16.39127731	0.02963351
16.40319824	0.02970005
16.41511917	0.02729763
16.42704010	0.01557413
16.43896103	0.00372590
16.45088196	0.00152901
16.46280289	0.00147825
16.47472382	0.00117112
16.48664474	0.00152109
16.49856567	0.00228648
16.51048660	0.00226877
16.52240753	0.00197642
16.53432846	0.00153475
16.54624939	0.00167463
16.55817032	0.00206529
16.57009125	0.00211974
16.58201218	0.00218013
16.59393311	0.00170647
16.60585403	0.00122417
16.61777496	0.00153239
16.62969589	0.00188145
16.64161682	0.00184140
16.65353775	0.00133933
16.66545868	0.00115440
16.67737961	0.00125277
16.68930054	0.00120995
16.70122147	0.00131640
16.71314240	0.00231221
16.72506332	0.00406770
16.73698425	0.00468940
16.74890518	0.00464047
16.76082611	0.00600645
16.77274704	0.01533363
16.78466797	0.02528402
16.79658890	0.02731904
16.80850983	0.02689955
16.82043076	0.02069618
16.83235168	0.00768723
16.84427261	0.00037942
16.85619354	0.00128091
16.86811447	0.00141432
16.88003540	0.00149140
16.89195633	0.00234310
16.90387726	0.00304667
16.91579819	0.00334158
16.92771912	0.00322825
16.93964005	0.00254083
16.95156097	0.00221493
16.96348190	0.00221551
16.97540283	0.00236334
16.98732376	0.00233284
16.99924469	0.00177499
17.01116562	0.00154643
17.02308655	0.00152454
17.03500748	0.00152704
17.04692841	0.00126775
17.05884933	0.00068706
17.07077026	0.00057459
17.08269119	0.00075522
17.09461212	0.00103174
17.10653305	0.00119347
17.11845398	0.00254257
17.13037491	0.00398006
17.14229584	0.00427245
17.15421677	0.00470672
17.16613770	0.00815505
17.17805862	0.01801312
17.18997955	0.02383158
17.20190048	0.02433055
17.21382141	0.02299269
17.22574234	0.01441055
17.23766327	0.00423080
17.24958420	0.00089140
17.26150513	0.00066370
17.27342606	0.00015992
17.28534698	0.00109168
17.29726791	0.00225035
17.30918884	0.00271069
17.32110977	0.00280303
17.33303070	0.00271209
17.34495163	0.00289982
17.35687256	0.00343559
17.36879349	0.00352052
17.38071442	0.00321285
17.39263535	0.00232353
17.40455627	0.00132570
17.41647720	0.00101353
17.42839813	0.00073643
17.44031906	0.00088137
17.45223999	0.00133945
17.46416092	0.00210692
17.47608185	0.00235407
17.48800278	0.00190027
17.49992371	0.00163682
17.51184464	0.00261394
17.52376556	0.00462200
17.53568649	0.00547135
17.54760742	0.00541089
17.55952835	0.00549155
17.57144928	0.01082762
17.58337021	0.01899331
17.59529114	0.02140941
17.60721207	0.02124131
17.61913300	0.01730538
17.63105392	0.00756527
17.64297485	0.00110700
17.65489578	0.00093431
17.66681671	0.00091530
17.67873764	0.00125850
17.69065857	0.00221853
17.70257950	0.00297370
17.71450043	0.00306397
17.72642136	0.00273014
17.73834229	0.00199992
17.75026321	0.00190568
17.76218414	0.00211323
17.77410507	0.00203067
17.78602600	0.00183080
17.79794693	0.00101271
17.80986786	0.00054500
17.82178879	0.00109351
17.83370972	0.00104870
17.84563065	0.00067752
17.85755157	0.00039829
17.86947250	0.00141493
17.88139343	0.00161313
17.89331436	0.00149797
17.90523529	0.00184374
17.91715622	0.00346313
17.92907715	0.00483545
17.94099808	0.00482186
17.95291901	0.00466442
17.96483994	0.00598109
17.97676086	0.01250464
17.98868179	0.01732683
18.00060272	0.01804330
18.01252365	0.01757207
18.02444458	0.01195238
18.03636551	0.00442521
18.04828644	0.00230107
18.06020737	0.00217871
18.07212830	0.00211668
18.08404922	0.00234375
18.09597015	0.00312032
18.10789108	0.00359958
18.11981201	0.00379321
18.13173294	0.00354456
18.14365387	0.00292477
18.15557480	0.00273513
18.16749573	0.00243493
18.17941666	0.00226124
18.19133759	0.00208407
18.20325851	0.00155583
18.21517944	0.00123704
18.22710037	0.00120903
18.23902130	0.00114334
18.25094223	0.00112731
18.26286316	0.00176426
18.27478409	0.00244938
18.28670502	0.00244893
18.29862595	0.00229207
18.31054688	0.00245353
18.32246780	0.00393910
18.33438873	0.00499580
18.34630966	0.00512578
18.35823059	0.00502881
18.37015152	0.00715379
18.38207245	0.01251454
18.39399338	0.01439922
18.40591431	0.01460707
18.41783524	0.01295526
18.42975616	0.00713394
18.44167709	0.00344345
18.45359802	0.00312072
18.46551895	0.00292004
18.47743988	0.00234966
18.48936081	0.00248476
18.50128174	0.00304373
18.51320267	0.00273637
18.52512360	0.00221647
18.53704453	0.00139736
18.54896545	0.00178759
18.56088638	0.00259374
18.57280731	0.00286415
18.58472824	0.00286766
18.59664917	0.00200280
18.60857010	0.00082085
18.62049103	0.00024719
18.63241196	0.00012461
18.64433289	0.00005647
18.65625381	0.00077485
18.66817474	0.00166942
18.68009567	0.00186486
18.69201660	0.00179249
18.70393753	0.00174262
18.71585846	0.00258868
18.72777939	0.00432072
18.73970032	0.00497745
18.75162125	0.00513559
18.76354218	0.00493944
18.77546310	0.00757144
18.78738403	0.01097038
18.79930496	0.01172855
18.81122589	0.01151686
18.82314682	0.00845194
18.83506775	0.00432366
18.84698868	0.00368334
18.85890961	0.00389004
18.87083054	0.00370035
18.88275146	0.00307727
18.89467239	0.00319894
18.90659332	0.00351491
18.91851425	0.00372671
18.93043518	0.00376369
18.94235611	0.00298464
18.95427704	0.00262963
18.96619797	0.00258876
18.97811890	0.00258640
18.99003983	0.00235347
19.00196075	0.00150993
19.01388168	0.00076130
19.02580261	0.00068492
19.03772354	0.00081325
19.04964447	0.00107736
19.06156540	0.00200344
19.07348633	0.00269651
19.08540726	0.00277628
19.09732819	0.00287046
19.10924911	0.00309527
19.12117004	0.00404975
19.13309097	0.00478263
19.14501190	0.00487747
19.15693283	0.00465011
19.16885376	0.00432714
19.18077469	0.00628946
19.19269562	0.00740209
19.20461655	0.00756200
19.21653748	0.00706270
19.22845840	0.00508771
19.24037933	0.00469445
19.25230026	0.00488352
19.26422119	0.00471137
19.27614212	0.00383335
19.28806305	0.00319889
19.29998398	0.00344121
19.31190491	0.00325685
19.32382584	0.00312105
19.33574677	0.00236749
19.34766769	0.00170162
19.35958862	0.00202581
19.37150955	0.00195300
19.38343048	0.00144363
19.39535141	0.00044898
19.40727234	0.00060171
19.41919327	0.00094966
19.43111420	0.00067251
19.44303513	0.00026718
19.45495605	0.00115061
19.46687698	0.00254995
19.47879791	0.00321488
19.49071884	0.00351103
19.50263977	0.00337692
19.51456070	0.00295413
19.52648163	0.00390366
19.53840256	0.00431041
19.55032349	0.00429301
19.56224442	0.00410122
19.57416534	0.00409861
19.58608627	0.00485455
19.59800720	0.00522079
19.60992813	0.00502448
19.62184906	0.00422457
19.63376999	0.00479864
19.64569092	0.00566253
19.65761185	0.00539051
19.66953278	0.00474972
19.68145370	0.00324852
19.69337463	0.00279139
19.70529556	0.00328327
19.71721649	0.00332402
19.72913742	0.00297189
19.74105835	0.00202840
19.75297928	0.00187323
19.76490021	0.00180053
19.77682114	0.00152674
19.78874207	0.00113497
19.80066299	0.00116290
19.81258392	0.00177307
19.82450485	0.00191211
19.83642578	0.00156606
19.84834671	0.00121220
19.86026764	0.00190913
19.87218857	0.00264903
19.88410950	0.00267919
19.89603043	0.00236939
19.90795135	0.00185052
19.91987228	0.00252848
19.93179321	0.00338988
19.94371414	0.00354779
19.95563507	0.00355608
19.96755600	0.00266752
19.97947693	0.00141979
19.99139786	0.00103652
20.00331879	0.00095660
20.01523972	0.00063277
20.02716064	0.00160015
20.03908157	0.00406403
20.05100250	0.00514392
20.06292343	0.00559959
20.07484436	0.00512658
20.08676529	0.00320067
20.09868622	0.00250113
20.11060715	0.00254550
20.12252808	0.00262100
20.13444901	0.00199303
20.14636993	0.00049865
20.15829086	0.00056470
20.17021179	0.00069347
20.18213272	0.00075686
20.19405365	0.00054927
20.20597458	0.00074478
20.21789551	0.00107748
20.22981644	0.00096743
20.24173737	0.00110055
20.25365829	0.00124006
20.26557922	0.00175153
20.27750015	0.00231258
20.28942108	0.00252607
20.30134201	0.00249029
20.31326294	0.00193417
20.32518387	0.00259124
20.33710480	0.00312434
20.34902573	0.00322373
20.36094666	0.00258695
20.37286758	0.00109801
20.38478851	0.00205787
20.39670944	0.00236530
20.40863037	0.00231324
20.42055130	0.00185928
20.43247223	0.00348829
20.44439316	0.00553773
20.45631409	0.00576435
20.46823502	0.00557220
20.48015594	0.00408267
20.49207687	0.00281534
20.50399780	0.00323944
20.51591873	0.00340133
20.52783966	0.00319709
20.53976059	0.00221624
20.55168152	0.00141490
20.56360245	0.00120347
20.57552338	0.00119343
20.58744431	0.00111983
20.59936523	0.00107884
20.61128616	0.00148723
20.62320709	0.00175647
20.63512802	0.00179225
20.64704895	0.00177496
20.65896988	0.00194338
20.67089081	0.00251326
20.68281174	0.00275744
20.69473267	0.00269264
20.70665359	0.00207401
20.71857452	0.00185856
20.73049545	0.00226386
20.74241638	0.00205851
20.75433731	0.00156161
20.76625824	0.00180020
20.77817917	0.00491906
20.79010010	0.00641242
20.80202103	0.00611141
20.81394196	0.00520909
20.82586288	0.00339563
20.83778381	0.00563564
20.84970474	0.00715980
20.86162567	0.00735452
20.87354660	0.00659113
20.88546753	0.00438716
20.89738846	0.00350663
20.90930939	0.00358850
20.92123032	0.00362385
20.93315125	0.00310426
20.94507217	0.00189386
20.95699310	0.00121914
20.96891403	0.00105155
20.98083496	0.00080166
20.99275589	0.00057681
21.00467682	0.00117326
21.01659775	0.00185887
21.02851868	0.00231174
21.04043961	0.00258336
21.05236053	0.00267076
21.06428146	0.00308025
21.07620239	0.00329071
21.08812332	0.00303765
21.10004425	0.00268450
21.11196518	0.00198276
21.12388611	0.00206144
21.13580704	0.00251159
21.14772797	0.00277374
21.15964890	0.00258053
21.17156982	0.00418583
21.18349075	0.00754800
21.19541168	0.00827870
21.20733261	0.00817345
21.21925354	0.00648492
21.23117447	0.00372083
21.24309540	0.00559617
21.25501633	0.00592639
21.26693726	0.00585801
21.27885818	0.00458024
21.29077911	0.00242423
21.30270004	0.00184556
21.31462097	0.00174138
21.32654190	0.00161831
21.33846283	0.00085317
21.35038376	0.00046836
21.36230469	0.00054723
21.37422562	0.00029526
21.38614655	0.00021580
21.39806747	0.00086731
21.40998840	0.00158897
21.42190933	0.00172162
21.43383026	0.00147754
21.44575119	0.00116291
21.45767212	0.00115294
21.46959305	0.00205139
21.48151398	0.00272656
21.49343491	0.00314892
21.50535583	0.00296271
21.51727676	0.00266713
21.52919769	0.00268776
21.54111862	0.00223410
21.55303955	0.00162970
21.56496048	0.00292819
21.57688141	0.00801665
21.58880234	0.01102300
21.60072327	0.01100472
21.61264420	0.01035906
21.62456512	0.00641639
21.63648605	0.00488573
21.64840698	0.00674009
21.66032791	0.00726524
21.67224884	0.00709701
21.68416977	0.00509435
21.69609070	0.00354665
21.70801163	0.00324956
21.71993256	0.00314728
21.73185349	0.00268013
21.74377441	0.00153452
21.75569534	0.00059295
21.76761627	0.00022358
21.77953720	0.00033685
21.79145813	0.00070435
21.80337906	0.00146550
21.81529999	0.00207057
21.82722092	0.00218891
21.83914185	0.00206906
21.85106277	0.00179227
21.86298370	0.00230245
21.87490463	0.00270286
21.88682556	0.00232981
21.89874649	0.00185687
21.91066742	0.00092357
21.92258835	0.00044562
21.93450928	0.00086917
21.94643021	0.00124020
21.95835114	0.00147634
21.97027206	0.00585158
21.98219299	0.01222040
21.99411392	0.01434699
22.00603485	0.01455980
22.01795578	0.01241201
22.02987671	0.00641131
22.04179764	0.00639037
22.05371857	0.00687036
22.06563950	0.00679474
22.07756042	0.00544307
22.08948135	0.00280704
22.10140228	0.00192856
22.11332321	0.00165881
22.12524414	0.00159006
22.13716507	0.00101691
22.14908600	0.00045216
22.16100693	0.00084799
22.17292786	0.00117234
22.18484879	0.00143642
22.19676971	0.00179173
22.20869064	0.00259309
22.22061157	0.00296367
22.23253250	0.00272270
22.24445343	0.00218153
22.25637436	0.00152766
22.26829529	0.00244354
22.28021622	0.00308538
22.29213715	0.00326822
22.30405807	0.00301905
22.31597900	0.00199307
22.32789993	0.00134115
22.33982086	0.00137673
22.35174179	0.00113307
22.36366272	0.00199253
22.37558365	0.00913255
22.38750458	0.01438121
22.39942551	0.01515861
22.41134644	0.01473600
22.42326736	0.00949380
22.43518829	0.00456851
22.44710922	0.00684793
22.45903015	0.00749765
22.47095108	0.00725879
22.48287201	0.00473291
22.49479294	0.00226435
22.50671387	0.00169719
22.51863480	0.00158509
22.53055573	0.00147905
22.54247665	0.00086898
22.55439758	0.00091319
22.56631851	0.00086927
22.57823944	0.00038836
22.59016037	0.00025935
22.60208130	0.00108541
22.61400223	0.00186965
22.62592316	0.00202421
22.63784409	0.00204276
22.64976501	0.00156855
22.66168594	0.00142351
22.67360687	0.00192232
22.68552780	0.00207002
22.69744873	0.00215362
22.70936966	0.00174575
22.72129059	0.00106230
22.73321152	0.00062517
22.74513245	0.00047376
22.75705338	0.00146938
22.76897430	0.00683429
22.78089523	0.01452741
22.79281616	0.01743222
22.80473709	0.01747269
22.81665802	0.01532651
22.82857895	0.00820128
22.84049988	0.00661558
22.85242081	0.00728178
22.86434174	0.00709818
22.87626266	0.00578043
22.88818359	0.00259419
22.90010452	0.00079915
22.91202545	0.00097719
22.92394638	0.00115866
22.93586731	0.00087881
22.94778824	0.00051972
22.95970917	0.00077816
22.97163010	0.00081259
22.98355103	0.00088869
22.99547195	0.00118387
23.00739288	0.00191544
23.01931381	0.00249297
23.03123474	0.00276762
23.04315567	0.00286506
23.05507660	0.00234476
23.06699753	0.00229115
23.07891846	0.00269937
23.09083939	0.00290123
23.10276031	0.00267202
23.11468124	0.00179554
23.12660217	0.00094185
23.13852310	0.00073278
23.15044403	0.00074145
23.16236496	0.00335949
23.17428589	0.01146560
23.18620682	0.01812907
23.19812775	0.01907389
23.21004868	0.01854366
23.22196960	0.01309234
23.23389053	0.00541993
23.24581146	0.00651542
23.25773239	0.00665362
23.26965332	0.00623127
23.28157425	0.00409451
23.29349518	0.00172978
23.30541611	0.00163119
23.31733704	0.00167047
23.32925797	0.00149940
23.34117889	0.00114590
23.35309982	0.00156210
23.36502075	0.00177272
23.37694168	0.00159444
23.38886261	0.00135270
23.40078354	0.00181357
23.41270447	0.00257947
23.42462540	0.00260955
23.43654633	0.00239650
23.44846725	0.00174904
23.46038818	0.00091867
23.47230911	0.00152074
23.48423004	0.00179470
23.49615097	0.00191635
23.50807190	0.00146528
23.51999283	0.00056568
23.53191376	0.00026694
23.54383469	0.00030729
23.55575562	0.00134884
23.56767654	0.00693858
23.57959747	0.01622506
23.59151840	0.02055673
23.60343933	0.02073052
23.61536026	0.01870508
23.62728119	0.00996670
23.63920212	0.00531250
23.65112305	0.00682390
23.66304398	0.00712983
23.67496490	0.00622832
23.68688583	0.00345091
23.69880676	0.00126810
23.71072769	0.00069535
23.72264862	0.00062342
23.73456955	0.00053626
23.74649048	0.00089377
23.75841141	0.00131418
23.77033234	0.00131105
23.78225327	0.00138463
23.79417419	0.00170343
23.80609512	0.00208923
23.81801605	0.00205874
23.82993698	0.00176939
23.84185791	0.00152319
23.85377884	0.00092889
23.86569977	0.00045014
23.87762070	0.00063422
23.88954163	0.00086167
23.90146255	0.00074927
23.91338348	0.00065151
23.92530441	0.00145847
23.93722534	0.00177847
23.94914627	0.00164139
23.96106720	0.00245701
23.97298813	0.01050843
23.98490906	0.01861380
23.99682999	0.02044167
24.00875092	0.02075033
24.02067184	0.01632464
24.03259277	0.00689598
24.04451370	0.00561830
24.05643463	0.00616859
24.06835556	0.00633201
24.08027649	0.00479889
24.09219742	0.00228511
24.10411835	0.00111202
24.11603928	0.00083512
24.12796021	0.00079027
24.13988113	0.00108147
24.15180206	0.00166523
24.16372299	0.00188406
24.17564392	0.00163304
24.18756485	0.00121870
24.19948578	0.00134415
24.21140671	0.00222793
24.22332764	0.00248749
24.23524857	0.00231254
24.24716949	0.00193086
24.25909042	0.00142117
24.27101135	0.00117358
24.28293228	0.00095243
24.29485321	0.00079387
24.30677414	0.00042534
24.31869507	0.00058293
24.33061600	0.00093795
24.34253693	0.00062102
24.35445786	0.00073604
24.36637878	0.00552226
24.37829971	0.01496531
24.39022064	0.01983546
24.40214157	0.02011557
24.41406250	0.01886166
24.42598343	0.01065594
24.43790436	0.00329472
24.44982529	0.00455435
24.46174622	0.00482923
24.47366714	0.00422672
24.48558807	0.00205715
24.49750900	0.00085563
24.50942993	0.00087753
24.52135086	0.00056737
24.53327179	0.00027732
24.54519272	0.00076506
24.55711365	0.00166387
24.56903458	0.00205591
24.58095551	0.00224847
24.59287643	0.00212268
24.60479736	0.00187462
24.61671829	0.00215654
24.62863922	0.00220798
24.64056015	0.00202379
24.65248108	0.00139157
24.66440201	0.00076238
24.67632294	0.00075427
24.68824387	0.00055608
24.70016479	0.00052485
24.71208572	0.00152993
24.72400665	0.00274306
24.73592758	0.00297971
24.74784851	0.00260823
24.75976944	0.00332464
24.77169037	0.01081755
24.78361130	0.01963949
24.79553223	0.02202531
24.80745316	0.02181055
24.81937408	0.01738183
24.83129501	0.00730406
24.84321594	0.00487270
24.85513687	0.00549579
24.86705780	0.00525701
24.87897873	0.00363179
24.89089966	0.00104953
24.90282059	0.00038916
24.91474152	0.00064392
24.92666245	0.00104241
24.93858337	0.00186059
24.95050430	0.00280587
24.96242523	0.00310906
24.97434616	0.00264002
24.98626709	0.00198176
24.99818802	0.00076723
25.01010895	0.00127539
25.02202988	0.00198336
25.03395081	0.00225219
25.04587173	0.00220037
25.05779266	0.00120234
25.06971359	0.00048052
25.08163452	0.00056278
25.09355545	0.00076614
25.10547638	0.00045853
25.11739731	0.00093403
25.12931824	0.00198788
25.14123917	0.00223430
25.15316010	0.00264469
25.16508102	0.00598821
25.17700195	0.01503920
25.18892288	0.02070869
25.20084381	0.02118718
25.21276474	0.02025238
25.22468567	0.01293839
25.23660660	0.00439024
25.24852753	0.00377110
25.26044846	0.00382534
25.27236938	0.00357840
25.28429031	0.00185414
25.29621124	0.00047258
25.30813217	0.00102036
25.32005310	0.00114606
25.33197403	0.00136230
25.34389496	0.00192213
25.35581589	0.00264902
25.36773682	0.00284197
25.37965775	0.00255256
25.39157867	0.00171931
25.40349960	0.00094870
25.41542053	0.00123231
25.42734146	0.00145455
25.43926239	0.00160126
25.45118332	0.00131487
25.46310425	0.00085307
25.47502518	0.00080385
25.48694611	0.00097915
25.49886703	0.00094606
25.51078796	0.00085389
25.52270889	0.00231048
25.53462982	0.00341518
25.54655075	0.00386645
25.55847168	0.00471469
25.57039261	0.01013647
25.58231354	0.01824350
25.59423447	0.02051891
25.60615540	0.02027555
25.61807632	0.01714659
25.62999725	0.00788044
25.64191818	0.00286214
25.65383911	0.00319928
25.66576004	0.00340634
25.67768097	0.00274699
25.68960190	0.00123066
25.70152283	0.00072241
25.71344376	0.00072612
25.72536469	0.00081784
25.73728561	0.00118859
25.74920654	0.00212676
25.76112747	0.00296535
25.77304840	0.00320148
25.78496933	0.00293545
25.79689026	0.00216521
25.80881119	0.00184893
25.82073212	0.00195765
25.83265305	0.00200408
25.84457397	0.00186008
25.85649490	0.00143718
25.86841583	0.00092396
25.88033676	0.00052429
25.89225769	0.00026262
25.90417862	0.00046293
25.91609955	0.00183558
25.92802048	0.00323677
25.93994141	0.00364170
25.95186234	0.00387763
25.96378326	0.00598284
25.97570419	0.01404069
25.98762512	0.02025737
25.99954605	0.02094818
26.01146698	0.02000943
26.02338791	0.01350780
26.03530884	0.00420085
26.04722977	0.00302883
26.05915070	0.00312201
26.07107162	0.00269986
26.08299255	0.00142191
26.09491348	0.00146784
26.10683441	0.00219121
26.11875534	0.00251371
26.13067627	0.00232795
26.14259720	0.00180968
26.15451813	0.00195854
26.16643906	0.00212946
26.17835999	0.00232724
26.19028091	0.00197670
26.20220184	0.00094129
26.21412277	0.00074486
26.22604370	0.00080687
26.23796463	0.00092578
26.24988556	0.00076222
26.26180649	0.00039246
26.27372742	0.00068101
26.28564835	0.00122780
26.29756927	0.00205423
26.30949020	0.00317093
26.32141113	0.00453245
26.33333206	0.00505233
26.34525299	0.00461080
26.35717392	0.00427712
26.36909485	0.00785266
26.38101578	0.01565471
26.39293671	0.01890308
26.40485764	0.01911222
26.41677856	0.01691709
26.42869949	0.00883018
26.44062042	0.00239076
26.45254135	0.00204539
26.46446228	0.00220988
26.47638321	0.00178980
26.48830414	0.00076377
26.50022507	0.00114494
26.51214600	0.00140166
26.52406693	0.00152235
26.53598785	0.00167847
26.54790878	0.00231426
26.55982971	0.00309514
26.57175064	0.00340411
26.58367157	0.00329433
26.59559250	0.00265571
26.60751343	0.00171321
26.61943436	0.00099275
26.63135529	0.00070871
26.64327621	0.00067242
26.65519714	0.00065300
26.66711807	0.00078990
26.67903900	0.00066644
26.69095993	0.00045108
26.70288086	0.00018541
26.71480179	0.00175143
26.72672272	0.00344844
26.73864365	0.00392629
26.75056458	0.00395767
26.76248550	0.00502037
26.77440643	0.01123203
26.78632736	0.01705196
26.79824829	0.01789549
26.81016922	0.01718787
26.82209015	0.01214848
26.83401108	0.00372930
26.84593201	0.00087453
26.85785294	0.00116775
26.86977386	0.00108507
26.88169479	0.00089715
26.89361572	0.00195294
26.90553665	0.00246814
26.91745758	0.00227211
26.92937851	0.00186422
26.94129944	0.00157035
26.95322037	0.00234665
26.96514130	0.00266713
26.97706223	0.00265094
26.98898315	0.00236073
27.00090408	0.00142871
27.01282501	0.00083906
27.02474594	0.00088800
27.03666687	0.00094988
27.04858780	0.00075326
27.06050873	0.00113374
27.07242966	0.00169725
27.08435059	0.00185557
27.09627151	0.00194612
27.10819244	0.00188837
27.12011337	0.00278810
27.13203430	0.00393140
27.14395523	0.00416282
27.15587616	0.00446386
27.16779709	0.00673123
27.17971802	0.01260039
27.19163895	0.01529883
27.20355988	0.01533254
27.21548080	0.01408402
27.22740173	0.00791013
27.23932266	0.00172541
27.25124359	0.00026440
27.26316452	0.00021684
27.27508545	0.00053497
27.28700638	0.00170090
27.29892731	0.00272955
27.31084824	0.00293640
27.32276917	0.00280019
27.33469009	0.00242011
27.34661102	0.00251375
27.35853195	0.00295720
27.37045288	0.00299934
27.38237381	0.00285881
27.39429474	0.00217268
27.40621567	0.00150452
27.41813660	0.00140233
27.43005753	0.00145743
27.44197845	0.00137249
27.45389938	0.00075752
27.46582031	0.00043514
27.47774124	0.00090956
27.48966217	0.00132777
27.50158310	0.00171631
27.51350403	0.00259098
27.52542496	0.00442445
27.53734589	0.00521082
27.54926682	0.00551286
27.56118774	0.00591419
27.57310867	0.00907623
27.58502960	0.01331390
27.59695053	0.01401698
27.60887146	0.01347647
27.62079239	0.00994501
27.63271332	0.00348152
27.64463425	0.00083320
27.65655518	0.00115649
27.66847610	0.00114143
27.68039703	0.00156014
27.69231796	0.00270455
27.70423889	0.00340122
27.71615982	0.00341760
27.72808075	0.00325185
27.74000168	0.00258614
27.75192261	0.00208655
27.76384354	0.00204943
27.77576447	0.00215807
27.78768539	0.00209652
27.79960632	0.00144624
27.81152725	0.00131547
27.82344818	0.00158860
27.83536911	0.00200266
27.84729004	0.00221868
27.85921097	0.00220185
27.87113190	0.00208816
27.88305283	0.00160804
27.89497375	0.00117957
27.90689468	0.00112472
27.91881561	0.00253683
27.93073654	0.00404051
27.94265747	0.00441607
27.95457840	0.00468680
27.96649933	0.00592646
27.97842026	0.00977901
27.99034119	0.01174702
28.00226212	0.01152883
28.01418304	0.01048490
28.02610397	0.00613490
28.03802490	0.00194019
28.04994583	0.00151626
28.06186676	0.00161498
28.07378769	0.00186269
28.08570862	0.00218742
28.09762955	0.00277729
28.10955048	0.00301881
28.12147141	0.00300137
28.13339233	0.00256385
28.14531326	0.00216599
28.15723419	0.00268267
28.16915512	0.00294174
28.18107605	0.00283924
28.19299698	0.00206866
28.20491791	0.00080811
28.21683884	0.00044474
28.22875977	0.00048443
28.24068069	0.00015351
28.25260162	0.00064462
28.26452255	0.00165120
28.27644348	0.00198580
28.28836441	0.00175254
28.30028534	0.00183875
28.31220627	0.00277931
28.32412720	0.00418198
28.33604813	0.00446484
28.34796906	0.00429771
28.35988998	0.00417165
28.37181091	0.00583995
28.38373184	0.00925116
28.39565277	0.01026091
28.40757370	0.00996240
28.41949463	0.00806432
28.43141556	0.00422225
28.44333649	0.00225771
28.45525742	0.00191660
28.46717834	0.00172043
28.47909927	0.00144917
28.49102020	0.00230481
28.50294113	0.00309780
28.51486206	0.00313840
28.52678299	0.00298554
28.53870392	0.00242642
28.55062485	0.00242125
28.56254578	0.00255327
28.57446671	0.00260232
28.58638763	0.00242097
28.59830856	0.00163451
28.61022949	0.00083355
28.62215042	0.00040428
28.63407135	0.00021174
28.64599228	0.00044732
28.65791321	0.00129957
28.66983414	0.00227161
28.68175507	0.00272258
28.69367599	0.00274851
28.70559692	0.00241723
28.71751785	0.00289502
28.72943878	0.00399414
28.74135971	0.00414099
28.75328064	0.00391654
28.76520157	0.00365595
28.77712250	0.00544427
28.78904343	0.00707332
28.80096436	0.00703756
28.81288528	0.00661003
28.82480621	0.00467582
28.83672714	0.00359312
28.84864807	0.00419814
28.86056900	0.00457325
28.87248993	0.00454709
28.88441086	0.00385137
28.89633179	0.00380188
28.90825272	0.00391090
28.92017365	0.00384860
28.93209457	0.00325325
28.94401550	0.00201897
28.95593643	0.00173482
28.96785736	0.00180204
28.97977829	0.00185870
28.99169922	0.00154338
29.00362015	0.00082779
29.01554108	0.00024587
29.02746201	0.00015983
29.03938293	0.00011130
29.05130386	0.00061517
29.06322479	0.00185023
29.07514572	0.00267809
29.08706665	0.00283663
29.09898758	0.00261409
29.11090851	0.00245643
29.12282944	0.00388425
29.13475037	0.00490159
29.14667130	0.00498492
29.15859222	0.00445968
29.17051315	0.00364675
29.18243408	0.00449994
29.19435501	0.00490482
29.20627594	0.00476443
29.21819687	0.00402883
29.23011780	0.00308357
29.24203873	0.00418343
29.25395966	0.00467377
29.26588058	0.00459029
29.27780151	0.00380772
29.28972244	0.00311380
29.30164337	0.00341102
29.31356430	0.00340761
29.32548523	0.00317287
29.33740616	0.00202326
29.34932709	0.00121309
29.36124802	0.00154967
29.37316895	0.00157545
29.38508987	0.00133997
29.39701080	0.00074047
29.40893173	0.00062537
29.42085266	0.00081329
29.43277359	0.00074603
29.44469452	0.00064076
29.45661545	0.00090062
29.46853638	0.00141217
29.48045731	0.00150138
29.49237823	0.00164442
29.50429916	0.00187807
29.51622009	0.00261485
29.52814102	0.00394642
29.54006195	0.00442602
29.55198288	0.00435983
29.56390381	0.00337228
29.57582474	0.00193721
29.58774567	0.00212002
29.59966660	0.00260217
29.61158752	0.00296092
29.62350845	0.00294691
29.63542938	0.00391869
29.64735031	0.00474960
29.65927124	0.00485294
29.67119217	0.00474711
29.68311310	0.00377754
29.69503403	0.00358953
29.70695496	0.00380471
29.71887589	0.00385440
29.73079681	0.00335632
29.74271774	0.00219513
29.75463867	0.00169587
29.76655960	0.00150658
29.77848053	0.00146826
29.79040146	0.00123985
29.80232239	0.00067512
29.81424332	0.00042174
29.82616425	0.00049547
29.83808517	0.00048068
29.85000610	0.00100180
29.86192703	0.00201333
29.87384796	0.00264403
29.88576889	0.00268059
29.89768982	0.00239537
29.90961075	0.00189488
29.92153168	0.00236587
29.93345261	0.00274767
29.94537354	0.00255286
29.95729446	0.00240429
29.96921539	0.00170075
29.98113632	0.00137544
29.99305725	0.00156000
30.00497818	0.00155260
30.01689911	0.00168875
30.02882004	0.00360941
30.04074097	0.00585693
30.05266190	0.00626743
30.06458282	0.00617451
30.07650375	0.00520941
30.08842468	0.00357973
30.10034561	0.00376768
30.11226654	0.00390846
30.12418747	0.00377914
30.13610840	0.00278060
30.14802933	0.00164182
30.15995026	0.00151045
30.17187119	0.00148072
30.18379211	0.00146644
30.19571304	0.00115297
30.20763397	0.00083689
30.21955490	0.00097521
30.23147583	0.00108668
30.24339676	0.00120794
30.25531769	0.00150283
30.26723862	0.00207556
30.27915955	0.00213712
30.29108047	0.00208033
30.30300140	0.00202604
30.31492233	0.00209897
30.32684326	0.00283159
30.33876419	0.00307935
30.35068512	0.00304797
30.36260605	0.00252263
30.37452698	0.00181240
30.38644791	0.00200502
30.39836884	0.00197459
30.41028976	0.00173668
30.42221069	0.00123569
30.43413162	0.00410389
30.44605255	0.00613330
30.45797348	0.00672462
30.46989441	0.00685248
30.48181534	0.00525543
30.49373627	0.00395312
30.50565720	0.00389660
30.51757813	0.00376917
30.52949905	0.00333963
30.54141998	0.00206230
30.55334091	0.00077475
30.56526184	0.00031118
30.57718277	0.00069538
30.58910370	0.00070982
30.60102463	0.00041821
30.61294556	0.00070332
30.62486649	0.00094956
30.63678741	0.00097393
30.64870834	0.00091236
30.66062927	0.00175902
30.67255020	0.00267180
30.68447113	0.00264615
30.69639206	0.00257542
30.70831299	0.00245819
30.72023392	0.00255653
30.73215485	0.00321091
30.74407578	0.00367919
30.75599670	0.00358152
30.76791763	0.00253557
30.77983856	0.00285350
30.79175949	0.00364096
30.80368042	0.00360581
30.81560135	0.00299130
30.82752228	0.00285488
30.83944321	0.00587843
30.85136414	0.00672013
30.86328506	0.00654914
30.87520599	0.00539387
30.88712692	0.00310252
30.89904785	0.00307092
30.91096878	0.00344608
30.92288971	0.00374555
30.93481064	0.00324968
30.94673157	0.00171996
30.95865250	0.00068024
30.97057343	0.00051998
30.98249435	0.00069521
30.99441528	0.00095633
31.00633621	0.00158688
31.01825714	0.00200113
31.03017807	0.00185052
31.04209900	0.00153644
31.05401993	0.00154674
31.06594086	0.00231246
31.07786179	0.00275136
31.08978271	0.00280109
31.10170364	0.00257560
31.11362457	0.00196739
31.12554550	0.00244741
31.13746643	0.00265045
31.14938736	0.00231023
31.16130829	0.00162385
31.17322922	0.00334865
31.18515015	0.00577981
31.19707108	0.00629270
31.20899200	0.00625678
31.22091293	0.00460292
31.23283386	0.00495860
31.24475479	0.00743410
31.25667572	0.00777609
31.26859665	0.00739255
31.28051758	0.00502674
31.29243851	0.00274582
31.30435944	0.00282874
31.31628036	0.00292501
31.32820129	0.00266486
31.34012222	0.00160464
31.35204315	0.00071218
31.36396408	0.00057079
31.37588501	0.00070928
31.38780594	0.00046418
31.39972687	0.00078688
31.41164780	0.00143045
31.42356873	0.00187657
31.43548965	0.00214930
31.44741058	0.00187395
31.45933151	0.00165834
31.47125244	0.00227613
31.48317337	0.00239155
31.49509430	0.00226102
31.50701523	0.00194021
31.51893616	0.00156058
31.53085709	0.00164425
31.54277802	0.00143330
31.55469894	0.00098922
31.56661987	0.00223223
31.57854080	0.00585306
31.59046173	0.00770977
31.60238266	0.00764292
31.61430359	0.00686873
31.62622452	0.00426951
31.63814545	0.00593498
31.65006638	0.00741276
31.66198730	0.00748094
31.67390823	0.00664840
31.68582916	0.00392724
31.69775009	0.00242277
31.70967102	0.00238767
31.72159195	0.00231589
31.73351288	0.00170669
31.74543381	0.00052259
31.75735474	0.00018893
31.76927567	0.00016662
31.78119659	0.00014058
31.79311752	0.00056840
31.80503845	0.00153731
31.81695938	0.00223682
31.82888031	0.00225033
31.84080124	0.00221227
31.85272217	0.00218354
31.86464310	0.00237878
31.87656403	0.00265359
31.88848495	0.00261669
31.90040588	0.00205243
31.91232681	0.00111129
31.92424774	0.00179690
31.93616867	0.00216037
31.94808960	0.00216541
31.96001053	0.00189115
31.97193146	0.00438916
31.98385239	0.00843386
31.99577332	0.00949777
32.00769424	0.00956865
32.01961517	0.00772602
32.03153610	0.00520291
32.04345703	0.00744546
32.05537796	0.00810357
32.06729889	0.00808928
32.07921982	0.00628213
32.09114075	0.00349181
32.10306168	0.00263581
32.11498260	0.00254096
32.12690353	0.00246721
32.13882446	0.00154013
32.15074539	0.00045497
32.16266632	0.00047455
32.17458725	0.00056997
32.18650818	0.00081769
32.19842911	0.00133436
32.21035004	0.00208833
32.22227097	0.00244392
32.23419189	0.00242055
32.24611282	0.00208857
32.25803375	0.00189812
32.26995468	0.00239063
32.28187561	0.00265221
32.29379654	0.00266329
32.30571747	0.00222057
32.31763840	0.00132402
32.32955933	0.00077184
32.34148026	0.00071781
32.35340118	0.00104483
32.36532211	0.00330236
32.37724304	0.00818618
32.38916397	0.01116276
32.40108490	0.01132034
32.41300583	0.01047874
32.42492676	0.00672495
32.43684769	0.00719512
32.44876862	0.00878207
32.46068954	0.00856032
32.47261047	0.00741980
32.48453140	0.00375431
32.49645233	0.00133178
32.50837326	0.00147161
32.52029419	0.00162336
32.53221512	0.00142782
32.54413605	0.00065310
32.55605698	0.00049242
32.56797791	0.00031796
32.57989883	0.00001933
32.59181976	0.00017740
32.60374069	0.00083462
32.61566162	0.00128219
32.62758255	0.00138283
32.63950348	0.00143460
32.65142441	0.00130007
32.66334534	0.00198332
32.67526627	0.00268240
32.68718719	0.00282388
32.69910812	0.00284997
32.71102905	0.00227821
32.72294998	0.00122435
32.73487091	0.00059846
32.74679184	0.00034771
32.75871277	0.00084072
32.77063370	0.00475587
32.78255463	0.00984055
32.79447556	0.01128381
32.80639648	0.01125377
32.81831741	0.00921217
32.83023834	0.00518859
32.84215927	0.00768979
32.85408020	0.00823775
32.86600113	0.00792601
32.87792206	0.00591306
32.88984299	0.00232381
32.90176392	0.00129027
32.91368484	0.00145901
32.92560577	0.00150391
32.93752670	0.00072250
32.94944763	0.00072313
32.96136856	0.00125730
32.97328949	0.00156852
32.98521042	0.00176930
32.99713135	0.00200508
33.00905228	0.00273188
33.02097321	0.00281511
33.03289413	0.00234707
33.04481506	0.00170922
33.05673599	0.00109561
33.06865692	0.00182403
33.08057785	0.00217497
33.09249878	0.00223715
33.10441971	0.00194345
33.11634064	0.00106308
33.12826157	0.00044569
33.14018250	0.00046054
33.15210342	0.00050213
33.16402435	0.00255603
33.17594528	0.00824403
33.18786621	0.01233455
33.19978714	0.01301621
33.21170807	0.01262629
33.22362900	0.00801702
33.23554993	0.00630779
33.24747086	0.00896107
33.25939178	0.00937927
33.27131271	0.00841345
33.28323364	0.00475067
33.29515457	0.00125614
33.30707550	0.00068820
33.31899643	0.00089685
33.33091736	0.00072626
33.34283829	0.00050586
33.35475922	0.00127624
33.36668015	0.00167135
33.37860107	0.00185803
33.39052200	0.00190868
33.40244293	0.00207868
33.41436386	0.00268154
33.42628479	0.00294693
33.43820572	0.00294615
33.45012665	0.00225792
33.46204758	0.00118250
33.47396851	0.00081801
33.48588943	0.00064492
33.49781036	0.00058526
33.50973129	0.00017833
33.52165222	0.00043046
33.53357315	0.00049500
33.54549408	0.00039225
33.55741501	0.00096232
33.56933594	0.00502545
33.58125687	0.01113479
33.59317780	0.01332440
33.60509872	0.01328633
33.61701965	0.01146130
33.62894058	0.00586199
33.64086151	0.00656072
33.65278244	0.00755766
33.66470337	0.00736897
33.67662430	0.00573858
33.68854523	0.00241018
33.70046616	0.00056495
33.71238708	0.00040285
33.72430801	0.00042147
33.73622894	0.00054894
33.74814987	0.00145640
33.76007080	0.00201243
33.77199173	0.00201253
33.78391266	0.00180670
33.79583359	0.00133370
33.80775452	0.00129652
33.81967545	0.00148362
33.83159637	0.00153164
33.84351730	0.00148394
33.85543823	0.00140323
33.86735916	0.00204142
33.87928009	0.00236121
33.89120102	0.00239008
33.90312195	0.00202067
33.91504288	0.00151286
33.92696381	0.00158960
33.93888474	0.00156453
33.95080566	0.00126015
33.96272659	0.00283494
33.97464752	0.00891484
33.98656845	0.01378614
33.99848938	0.01450822
34.01041031	0.01436163
34.02233124	0.01019412
34.03425217	0.00490070
34.04617310	0.00610733
34.05809402	0.00657143
34.07001495	0.00676006
34.08193588	0.00475694
34.09385681	0.00211902
34.10577774	0.00127951
34.11769867	0.00096302
34.12961960	0.00062919
34.14154053	0.00117165
34.15346146	0.00193774
34.16538239	0.00219840
34.17730331	0.00216581
34.18922424	0.00198638
34.20114517	0.00204365
34.21306610	0.00249651
34.22498703	0.00255639
34.23690796	0.00238398
34.24882889	0.00199074
34.26074982	0.00141408
34.27267075	0.00134409
34.28459167	0.00139302
34.29651260	0.00151078
34.30843353	0.00130027
34.32035446	0.00136483
34.33227539	0.00149536
34.34419632	0.00134001
34.35611725	0.00167013
34.36803818	0.00557282
34.37995911	0.01233136
34.39188004	0.01499210
34.40380096	0.01488299
34.41572189	0.01313551
34.42764282	0.00657986
34.43956375	0.00540866
34.45148468	0.00663089
34.46340561	0.00666527
34.47532654	0.00550680
34.48724747	0.00251008
34.49916840	0.00051237
34.51108932	0.00031306
34.52301025	0.00049482
34.53493118	0.00088844
34.54685211	0.00150817
34.55877304	0.00174348
34.57069397	0.00149154
34.58261490	0.00135559
34.59453583	0.00151978
34.60645676	0.00234085
34.61837769	0.00286809
34.63029861	0.00272979
34.64221954	0.00234130
34.65414047	0.00148110
34.66606140	0.00098562
34.67798233	0.00116373
34.68990326	0.00114999
34.70182419	0.00082902
34.71374512	0.00047108
34.72566605	0.00109964
34.73758698	0.00128784
34.74950790	0.00121340
34.76142883	0.00264912
34.77334976	0.00861861
34.78527069	0.01433359
34.79719162	0.01551963
34.80911255	0.01528719
34.82103348	0.01143429
34.83295441	0.00483192
34.84487534	0.00538639
34.85679626	0.00614094
34.86871719	0.00647016
34.88063812	0.00482868
34.89255905	0.00188906
34.90447998	0.00039373
34.91640091	0.00006550
34.92832184	0.00018101
34.94024277	0.00085791
34.95216370	0.00186482
34.96408463	0.00224508
34.97600555	0.00212531
34.98792648	0.00177013
34.99984741	0.00121566
35.01176834	0.00152591
35.02368927	0.00179068
35.03561020	0.00183961
35.04753113	0.00155704
35.05945206	0.00094239
35.07137299	0.00042243
35.08329391	0.00019349
35.09521484	0.00023386
35.10713577	0.00086699
35.11905670	0.00204608
35.13097763	0.00271961
35.14289856	0.00252913
35.15481949	0.00257565
35.16674042	0.00557271
35.17866135	0.01186561
35.19058228	0.01496768
35.20250320	0.01497866
35.21442413	0.01372194
35.22634506	0.00766811
35.23826599	0.00345250
35.25018692	0.00437689
35.26210785	0.00450660
35.27402878	0.00380072
35.28594971	0.00180773
35.29787064	0.00183432
35.30979156	0.00226704
35.32171249	0.00194123
35.33363342	0.00145161
35.34555435	0.00141628
35.35747528	0.00186691
35.36939621	0.00172093
35.38131714	0.00158151
35.39323807	0.00141387
35.40515900	0.00163563
35.41707993	0.00188556
35.42900085	0.00194849
35.44092178	0.00199715
35.45284271	0.00142043
35.46476364	0.00067683
35.47668457	0.00093319
35.48860550	0.00112702
35.50052643	0.00100257
35.51244736	0.00145751
35.52436829	0.00301680
35.53628922	0.00364255
35.54821014	0.00357533
35.56013107	0.00402940
35.57205200	0.00812100
35.58397293	0.01330541
35.59589386	0.01435185
35.60781479	0.01411373
35.61973572	0.01106077
35.63165665	0.00431141
35.64357758	0.00370467
35.65549850	0.00417206
35.66741943	0.00426831
35.67934036	0.00317207
35.69126129	0.00131003
35.70318222	0.00069261
35.71510315	0.00081024
35.72702408	0.00075800
35.73894501	0.00031111
35.75086594	0.00164336
35.76278687	0.00251291
35.77470779	0.00283537
35.78662872	0.00262180
35.79854965	0.00207434
35.81047058	0.00222270
35.82239151	0.00249542
35.83431244	0.00263808
35.84623337	0.00236711
35.85815430	0.00146851
35.87007523	0.00056943
35.88199615	0.00018005
35.89391708	0.00028539
35.90583801	0.00007943
35.91775894	0.00131425
35.92967987	0.00234711
35.94160080	0.00282016
35.95352173	0.00351889
35.96544266	0.00553955
35.97736359	0.01089363
35.98928452	0.01408211
36.00120544	0.01381599
36.01312637	0.01270695
36.02504730	0.00750250
36.03696823	0.00238101
36.04888916	0.00343494
36.06081009	0.00390845
36.07273102	0.00383772
36.08465195	0.00235517
36.09657288	0.00152042
36.10849380	0.00171639
36.12041473	0.00171216
36.13233566	0.00156570
36.14425659	0.00176399
36.15617752	0.00248754
36.16809845	0.00271186
36.18001938	0.00269294
36.19194031	0.00219673
36.20386124	0.00104786
36.21578217	0.00085194
36.22770309	0.00110220
36.23962402	0.00131509
36.25154495	0.00098843
36.26346588	0.00003000
36.27538681	0.00059562
36.28730774	0.00066971
36.29922867	0.00049897
36.31114960	0.00085287
36.32307053	0.00268166
36.33499146	0.00365803
36.34691238	0.00375552
36.35883331	0.00398960
36.37075424	0.00704479
36.38267517	0.01213598
36.39459610	0.01389721
36.40651703	0.01419530
36.41843796	0.01201884
36.43035889	0.00575168
36.44227982	0.00286194
36.45420074	0.00258013
36.46612167	0.00225544
36.47804260	0.00164859
36.48996353	0.00152333
36.50188446	0.00224678
36.51380539	0.00249567
36.52572632	0.00239085
36.53764725	0.00223367
36.54956818	0.00280042
36.56148911	0.00332640
36.57341003	0.00339440
36.58533096	0.00322268
36.59725189	0.00244888
36.60917282	0.00194932
36.62109375	0.00206356
36.63301468	0.00213655
36.64493561	0.00164080
36.65685654	0.00074954
36.66877747	0.00018276
36.68069839	0.00044222
36.69261932	0.00082363
36.70454025	0.00159735
36.71646118	0.00327961
36.72838211	0.00463507
36.74030304	0.00456018
36.75222397	0.00413261
36.76414490	0.00447282
36.77606583	0.00887018
36.78798676	0.01256435
36.79990768	0.01294981
36.81182861	0.01223260
36.82374954	0.00789189
36.83567047	0.00194223
36.84759140	0.00169712
36.85951233	0.00181679
36.87143326	0.00153814
36.88335419	0.00164935
36.89527512	0.00243393
36.90719604	0.00270321
36.91911697	0.00263581
36.93103790	0.00229342
36.94295883	0.00210665
36.95487976	0.00281442
36.96680069	0.00342271
36.97872162	0.00346186
36.99064255	0.00267987
37.00256348	0.00128675
37.01448441	0.00058814
37.02640533	0.00069444
37.03832626	0.00058539
37.05024719	0.00038169
37.06216812	0.00047614
37.07408905	0.00058269
37.08600998	0.00061788
37.09793091	0.00088815
37.10985184	0.00186458
37.12177277	0.00338996
37.13369370	0.00383810
37.14561462	0.00362227
37.15753555	0.00372546
37.16945648	0.00556392
37.18137741	0.00989200
37.19329834	0.01143308
37.20521927	0.01127008
37.21714020	0.00962638
37.22906113	0.00438268
37.24098206	0.00045362
37.25290298	0.00078223
37.26482391	0.00087766
37.27674484	0.00100827
37.28866577	0.00160097
37.30058670	0.00254161
37.31250763	0.00294185
37.32442856	0.00323374
37.33634949	0.00303603
37.34827042	0.00272069
37.36019135	0.00301698
37.37211227	0.00312752
37.38403320	0.00284312
37.39595413	0.00200368
37.40787506	0.00127001
37.41979599	0.00091349
37.43171692	0.00081692
37.44363785	0.00077284
37.45555878	0.00027828
37.46747971	0.00065531
37.47940063	0.00100341
37.49132156	0.00114315
37.50324249	0.00149573
37.51516342	0.00260508
37.52708435	0.00407198
37.53900528	0.00455146
37.55092621	0.00438944
37.56284714	0.00413351
37.57476807	0.00694503
37.58668900	0.00988901
37.59860992	0.00997370
37.61053085	0.00952747
37.62245178	0.00667133
37.63437271	0.00220551
37.64629364	0.00086577
37.65821457	0.00061135
37.67013550	0.00050998
37.68205643	0.00117770
37.69397736	0.00236519
37.70589828	0.00288003
37.71781921	0.00286962
37.72974014	0.00273500
37.74166107	0.00226106
37.75358200	0.00254542
37.76550293	0.00280078
37.77742386	0.00283565
37.78934479	0.00260315
37.80126572	0.00194919
37.81318665	0.00180169
37.82510757	0.00189098
37.83702850	0.00192583
37.84894943	0.00157178
37.86087036	0.00091363
37.87279129	0.00057886
37.88471222	0.00037342
37.89663315	0.00048986
37.90855408	0.00100795
37.92047501	0.00261212
37.93239594	0.00378947
37.94431686	0.00410302
37.95623779	0.00430299
37.96815872	0.00545521
37.98007965	0.00858002
37.99200058	0.00999377
38.00392151	0.00982583
38.01584244	0.00869878
38.02776337	0.00513083
38.03968430	0.00216595
38.05160522	0.00171754
38.06352615	0.00176710
38.07544708	0.00183843
38.08736801	0.00265698
38.09928894	0.00383354
38.11120987	0.00399764
38.12313080	0.00373330
38.13505173	0.00296456
38.14697266	0.00228999
38.15889359	0.00242625
38.17081451	0.00233258
38.18273544	0.00218906
38.19465637	0.00138513
38.20657730	0.00061521
38.21849823	0.00051915
38.23041916	0.00026528
38.24234009	0.00018149
38.25426102	0.00112551
38.26618195	0.00215771
38.27810287	0.00232130
38.29002380	0.00200008
38.30194473	0.00176716
38.31386566	0.00232597
38.32578659	0.00388132
38.33770752	0.00420966
38.34962845	0.00385920
38.36154938	0.00333360
38.37347031	0.00397687
38.38539124	0.00593305
38.39731216	0.00641198
38.40923309	0.00650851
38.42115402	0.00534122
38.43307495	0.00303692
38.44499588	0.00268135
38.45691681	0.00304377
38.46883774	0.00319689
38.48075867	0.00264483
38.49267960	0.00256731
38.50460052	0.00296667
38.51652145	0.00305317
38.52844238	0.00281331
38.54036331	0.00215195
38.55228424	0.00204172
38.56420517	0.00193850
38.57612610	0.00181240
38.58804703	0.00153960
38.59996796	0.00068747
38.61188889	0.00023627
38.62380981	0.00017109
38.63573074	0.00018771
38.64765167	0.00029414
38.65957260	0.00102625
38.67149353	0.00171601
38.68341446	0.00190692
38.69533539	0.00202692
38.70725632	0.00196518
38.71917725	0.00280292
38.73109818	0.00369357
38.74301910	0.00379597
38.75494003	0.00364308
38.76686096	0.00297663
38.77878189	0.00420083
38.79070282	0.00539388
38.80262375	0.00556116
38.81454468	0.00522160
38.82646561	0.00391975
38.83838654	0.00423788
38.85030746	0.00484455
38.86222839	0.00512218
38.87414932	0.00484846
38.88607025	0.00384293
38.89799118	0.00348049
38.90991211	0.00335075
38.92183304	0.00335981
38.93375397	0.00273571
38.94567490	0.00160611
38.95759583	0.00145114
38.96951675	0.00149465
38.98143768	0.00159382
38.99335861	0.00131089
39.00527954	0.00093033
39.01720047	0.00092749
39.02912140	0.00082844
39.04104233	0.00072672
39.05296326	0.00084700
39.06488419	0.00142394
39.07680511	0.00184124
39.08872604	0.00191805
39.10064697	0.00199092
39.11256790	0.00231760
39.12448883	0.00348384
39.13640976	0.00397735
39.14833069	0.00391230
39.16025162	0.00353411
39.17217255	0.00291485
39.18409348	0.00364808
39.19601440	0.00425671
39.20793533	0.00447215
39.21985626	0.00402604
39.23177719	0.00444052
39.24369812	0.00551094
39.25561905	0.00541559
39.26753998	0.00499335
39.27946091	0.00343991
39.29138184	0.00265300
39.30330276	0.00340968
39.31522369	0.00367009
39.32714462	0.00351667
39.33906555	0.00247549
39.35098648	0.00188431
39.36290741	0.00186181
39.37482834	0.00173665
39.38674927	0.00150570
39.39867020	0.00091821
39.41059113	0.00028374
39.42251205	0.00026570
39.43443298	0.00039725
39.44635391	0.00072208
39.45827484	0.00156345
39.47019577	0.00262423
39.48211670	0.00301842
39.49403763	0.00299689
39.50595856	0.00264441
39.51787949	0.00224006
39.52980042	0.00265611
39.54172134	0.00303257
39.55364227	0.00330917
39.56556320	0.00274987
39.57748413	0.00210838
39.58940506	0.00217465
39.60132599	0.00217747
39.61324692	0.00205547
39.62516785	0.00305987
39.63708878	0.00585654
39.64900970	0.00722824
39.66093063	0.00723460
39.67285156	0.00640318
39.68477249	0.00456272
39.69669342	0.00390201
39.70861435	0.00366087
39.72053528	0.00347556
39.73245621	0.00301982
39.74437714	0.00189973
39.75629807	0.00170101
39.76821899	0.00187379
39.78013992	0.00198065
39.79206085	0.00159029
39.80398178	0.00073938
39.81590271	0.00034882
39.82782364	0.00036841
39.83974457	0.00047773
39.85166550	0.00120451
39.86358643	0.00230945
39.87550735	0.00292142
39.88742828	0.00315926
39.89934921	0.00289582
39.91127014	0.00191750
39.92319107	0.00226534
39.93511200	0.00288800
39.94703293	0.00309071
39.95895386	0.00294270
39.97087479	0.00188575
39.98279572	0.00108768
39.99471664	0.00117322
40.00663757	0.00126076
40.01855850	0.00193126
40.03047943	0.00478597
40.04240036	0.00719414
40.05432129	0.00748134
40.06624222	0.00740955
40.07816315	0.00611757
40.09008408	0.00426108
40.10200500	0.00409261
40.11392593	0.00381199
40.12584686	0.00345114
40.13776779	0.00222755
40.14968872	0.00109218
40.16160965	0.00111574
40.17353058	0.00117054
40.18545151	0.00097629
40.19737244	0.00032665
40.20929337	0.00075182
40.22121429	0.00100910
40.23313522	0.00093251
40.24505615	0.00114834
40.25697708	0.00215607
40.26889801	0.00346451
40.28081894	0.00357638
40.29273987	0.00318950
40.30466080	0.00252746
40.31658173	0.00206884
40.32850266	0.00286503
40.34042358	0.00319919
40.35234451	0.00312419
40.36426544	0.00214086
40.37618637	0.00061141
40.38810730	0.00065911
40.40002823	0.00053633
40.41194916	0.00017079
40.42387009	0.00195701
40.43579102	0.00570834
40.44771194	0.00758129
40.45963287	0.00775877
40.47155380	0.00719188
40.48347473	0.00469130
40.49539566	0.00324275
40.50731659	0.00346533
40.51923752	0.00371645
40.53115845	0.00358161
40.54307938	0.00238712
40.55500031	0.00133499
40.56692123	0.00098567
40.57884216	0.00095389
40.59076309	0.00108757
40.60268402	0.00165773
40.61460495	0.00224904
40.62652588	0.00231259
40.63844681	0.00192091
40.65036774	0.00157496
40.66228867	0.00247132
40.67420959	0.00327765
40.68613052	0.00312612
40.69805145	0.00273778
40.70997238	0.00204665
40.72189331	0.00202081
40.73381424	0.00233434
40.74573517	0.00245297
40.75765610	0.00244211
40.76957703	0.00194466
40.78149796	0.00231547
40.79341888	0.00259400
40.80533981	0.00255278
40.81726074	0.00222838
40.82918167	0.00395243
40.84110260	0.00706378
40.85302353	0.00764731
40.86494446	0.00739872
40.87686539	0.00586827
40.88878632	0.00337795
40.90070724	0.00298030
40.91262817	0.00299470
40.92454910	0.00310725
40.93647003	0.00227925
40.94839096	0.00101867
40.96031189	0.00046022
40.97223282	0.00015901
40.98415375	0.00013157
40.99607468	0.00062080
41.00799561	0.00129786
41.01991653	0.00165946
41.03183746	0.00175728
41.04375839	0.00166975
41.05567932	0.00169705
41.06760025	0.00254927
41.07952118	0.00296742
41.09144211	0.00305488
41.10336304	0.00282509
41.11528397	0.00249253
41.12720490	0.00309297
41.13912582	0.00341615
41.15104675	0.00330653
41.16296768	0.00261645
41.17488861	0.00268481
41.18680954	0.00382276
41.19873047	0.00388559
41.21065140	0.00371788
41.22257233	0.00257730
41.23449326	0.00612803
41.24641418	0.00915546
41.25833511	0.00970988
41.27025604	0.00933335
41.28217697	0.00667264
41.29409790	0.00423617
41.30601883	0.00369484
41.31793976	0.00346669
41.32986069	0.00307010
41.34178162	0.00183240
41.35370255	0.00078417
41.36562347	0.00062002
41.37754440	0.00065481
41.38946533	0.00074751
41.40138626	0.00134756
41.41330719	0.00177501
41.42522812	0.00163015
41.43714905	0.00161437
41.44906998	0.00193169
41.46099091	0.00288111
41.47291183	0.00359476
41.48483276	0.00339860
41.49675369	0.00298260
41.50867462	0.00230672
41.52059555	0.00180180
41.53251648	0.00191674
41.54443741	0.00186465
41.55635834	0.00155708
41.56827927	0.00120415
41.58020020	0.00352494
41.59212112	0.00479262
41.60404205	0.00499491
41.61596298	0.00443316
41.62788391	0.00463792
41.63980484	0.00838209
41.65172577	0.00924281
41.66364670	0.00900656
41.67556763	0.00762535
41.68748856	0.00434138
41.69940948	0.00315938
41.71133041	0.00313664
41.72325134	0.00306920
41.73517227	0.00238789
41.74709320	0.00116124
41.75901413	0.00073725
41.77093506	0.00065800
41.78285599	0.00048172
41.79477692	0.00086634
41.80669785	0.00190818
41.81861877	0.00250829
41.83053970	0.00248338
41.84246063	0.00221347
41.85438156	0.00168624
41.86630249	0.00191970
41.87822342	0.00206332
41.89014435	0.00209018
41.90206528	0.00200588
41.91398621	0.00129230
41.92590714	0.00078053
41.93782806	0.00081986
41.94974899	0.00085661
41.96166992	0.00144659
41.97359085	0.00424741
41.98551178	0.00666718
41.99743271	0.00679219
42.00935364	0.00658338
42.02127457	0.00517484
42.03319550	0.00676308
42.04511642	0.00987444
42.05703735	0.01035249
42.06895828	0.00998521
42.08087921	0.00691094
42.09280014	0.00338187
42.10472107	0.00265943
42.11664200	0.00236304
42.12856293	0.00197292
42.14048386	0.00108633
42.15240479	0.00076249
42.16432571	0.00094106
42.17624664	0.00103022
42.18816757	0.00142241
42.20008850	0.00215444
42.21200943	0.00268214
42.22393036	0.00270429
42.23585129	0.00241134
42.24777222	0.00175640
42.25969315	0.00181330
42.27161407	0.00282022
42.28353500	0.00295627
42.29545593	0.00251289
42.30737686	0.00157437
42.31929779	0.00085902
42.33121872	0.00106510
42.34313965	0.00109721
42.35506058	0.00091587
42.36698151	0.00189354
42.37890244	0.00568951
42.39082336	0.00760418
42.40274429	0.00784762
42.41466522	0.00730641
42.42658615	0.00489101
42.43850708	0.00785849
42.45042801	0.00960083
42.46234894	0.00966745
42.47426987	0.00839217
42.48619080	0.00436519
42.49811172	0.00202161
42.51003265	0.00234931
42.52195358	0.00265786
42.53387451	0.00232386
42.54579544	0.00125129
42.55771637	0.00047932
42.56963730	0.00041288
42.58155823	0.00036118
42.59347916	0.00020490
42.60540009	0.00141706
42.61732101	0.00229058
42.62924194	0.00245310
42.64116287	0.00245323
42.65308380	0.00220024
42.66500473	0.00237457
42.67692566	0.00274670
42.68884659	0.00282942
42.70076752	0.00259567
42.71268845	0.00182418
42.72460938	0.00128258
42.73653030	0.00112544
42.74845123	0.00106837
42.76037216	0.00090552
42.77229309	0.00402705
42.78421402	0.00772410
42.79613495	0.00881103
42.80805588	0.00901791
42.81997681	0.00688059
42.83189774	0.00537690
42.84381866	0.00865808
42.85573959	0.00945439
42.86766052	0.00960557
42.87958145	0.00724378
42.89150238	0.00337499
42.90342331	0.00205888
42.91534424	0.00200255
42.92726517	0.00182619
42.93918610	0.00100295
42.95110703	0.00073123
42.96302795	0.00099425
42.97494888	0.00092285
42.98686981	0.00077519
42.99879074	0.00068983
43.01071167	0.00133460
43.02263260	0.00165960
43.03455353	0.00182135
43.04647446	0.00190838
43.05839539	0.00141135
43.07031631	0.00107613
43.08223724	0.00107664
43.09415817	0.00117229
43.10607910	0.00086327
43.11800003	0.00025317
43.12992096	0.00083803
43.14184189	0.00087781
43.15376282	0.00070089
43.16568375	0.00268877
43.17760468	0.00751189
43.18952560	0.01025215
43.20144653	0.01022039
43.21336746	0.00925023
43.22528839	0.00561330
43.23720932	0.00769618
43.24913025	0.00971037
43.26105118	0.00966659
43.27297211	0.00857753
43.28489304	0.00483719
43.29681396	0.00211826
43.30873489	0.00180681
43.32065582	0.00173686
43.33257675	0.00112078
43.34449768	0.00057315
43.35641861	0.00133984
43.36833954	0.00174502
43.38026047	0.00184446
43.39218140	0.00192184
43.40410233	0.00246464
43.41602325	0.00289136
43.42794418	0.00287013
43.43986511	0.00292067
43.45178604	0.00257911
43.46370697	0.00188822
43.47562790	0.00165126
43.48754883	0.00157303
43.49946976	0.00152824
43.51139069	0.00115218
43.52331161	0.00094905
43.53523254	0.00102346
43.54715347	0.00107197
43.55907440	0.00193490
43.57099533	0.00575924
43.58291626	0.01030997
43.59483719	0.01148048
43.60675812	0.01123786
43.61867905	0.00886257
43.63059998	0.00483141
43.64252090	0.00740646
43.65444183	0.00800285
43.66636276	0.00788517
43.67828369	0.00592293
43.69020462	0.00232853
43.70212555	0.00085745
43.71404648	0.00050082
43.72596741	0.00054313
43.73788834	0.00117939
43.74980927	0.00199594
43.76173019	0.00229987
43.77365112	0.00216922
43.78557205	0.00182032
43.79749298	0.00150286
43.80941391	0.00183524
43.82133484	0.00176631
43.83325577	0.00158387
43.84517670	0.00146049
43.85709763	0.00130978
43.86901855	0.00188014
43.88093948	0.00218874
43.89286041	0.00212598
43.90478134	0.00169332
43.91670227	0.00146639
43.92862320	0.00204636
43.94054413	0.00209530
43.95246506	0.00194903
43.96438599	0.00344896
43.97630692	0.00783223
43.98822784	0.01059648
44.00014877	0.01067673
44.01206970	0.01018250
44.02399063	0.00628422
44.03591156	0.00596012
44.04783249	0.00814109
44.05975342	0.00818076
44.07167435	0.00746565
44.08359528	0.00417137
44.09551620	0.00109168
44.10743713	0.00056612
44.11935806	0.00076192
44.13127899	0.00115312
44.14319992	0.00182771
44.15512085	0.00211015
44.16704178	0.00186143
44.17896271	0.00154232
44.19088364	0.00110692
44.20280457	0.00144405
44.21472549	0.00239424
44.22664642	0.00287964
44.23856735	0.00302070
44.25048828	0.00253210
44.26240921	0.00192683
44.27433014	0.00184090
44.28625107	0.00197730
44.29817200	0.00204711
44.31009293	0.00155160
44.32201385	0.00107757
44.33393478	0.00114036
44.34585571	0.00095532
44.35777664	0.00131288
44.36969757	0.00457229
44.38161850	0.00925729
44.39353943	0.01081299
44.40546036	0.01073934
44.41738129	0.00888853
44.42930222	0.00457661
44.44122314	0.00731026
44.45314407	0.00821480
44.46506500	0.00802981
44.47698593	0.00628440
44.48890686	0.00248520
44.50082779	0.00025039
44.51274872	0.00026971
44.52466965	0.00052177
44.53659058	0.00100461
44.54851151	0.00185316
44.56043243	0.00231038
44.57235336	0.00230181
44.58427429	0.00227246
44.59619522	0.00229515
44.60811615	0.00299790
44.62003708	0.00340443
44.63195801	0.00330876
44.64387894	0.00280625
44.65579987	0.00168295
44.66772079	0.00085177
44.67964172	0.00085597
44.69156265	0.00100722
44.70348358	0.00103765
44.71540451	0.00152391
44.72732544	0.00237991
44.73924637	0.00263420
44.75116730	0.00281576
44.76308823	0.00386967
44.77500916	0.00836002
44.78693008	0.01220551
44.79885101	0.01261493
44.81077194	0.01212058
44.82269287	0.00832401
44.83461380	0.00515369
44.84653473	0.00703105
44.85845566	0.00748444
44.87037659	0.00725038
44.88229752	0.00457730
44.89421844	0.00132723
44.90613937	0.00013794
44.91806030	0.00070815
44.92998123	0.00077586
44.94190216	0.00045095
44.95382309	0.00144415
44.96574402	0.00210905
44.97766495	0.00230492
44.98958588	0.00218435
45.00150681	0.00170980
45.01342773	0.00159897
45.02534866	0.00162704
45.03726959	0.00165120
45.04919052	0.00160263
45.06111145	0.00111617
45.07303238	0.00064207
45.08495331	0.00037839
45.09687424	0.00011660
45.10879517	0.00046741
45.12071609	0.00149932
45.13263702	0.00211480
45.14455795	0.00213214
45.15647888	0.00250546
45.16839981	0.00511473
45.18032074	0.00989822
45.19224167	0.01192953
45.20416260	0.01185119
45.21608353	0.01039279
45.22800446	0.00562813
45.23992538	0.00536537
45.25184631	0.00636729
45.26376724	0.00639962
45.27568817	0.00521578
45.28760910	0.00218433
45.29953003	0.00004960
45.31145096	0.00062116
45.32337189	0.00074353
45.33529282	0.00040861
45.34721375	0.00104068
45.35913467	0.00167694
45.37105560	0.00187327
45.38297653	0.00210317
45.39489746	0.00208244
45.40681839	0.00222977
45.41873932	0.00257508
45.43066025	0.00275065
45.44258118	0.00257172
45.45450211	0.00191172
45.46642303	0.00159942
45.47834396	0.00144473
45.49026489	0.00121795
45.50218582	0.00083527
45.51410675	0.00085656
45.52602768	0.00180320
45.53794861	0.00213087
45.54986954	0.00232573
45.56179047	0.00281887
45.57371140	0.00650128
45.58563232	0.01037736
45.59755325	0.01111187
45.60947418	0.01093942
45.62139511	0.00774919
45.63331604	0.00301017
45.64523697	0.00433494
45.65715790	0.00466956
45.66907883	0.00477929
45.68099976	0.00320973
45.69292068	0.00141833
45.70484161	0.00168424
45.71676254	0.00180137
45.72868347	0.00181029
45.74060440	0.00178195
45.75252533	0.00229177
45.76444626	0.00259541
45.77636719	0.00256779
45.78828812	0.00205181
45.80020905	0.00114999
45.81212997	0.00133485
45.82405090	0.00180503
45.83597183	0.00186732
45.84789276	0.00149198
45.85981369	0.00093945
45.87173462	0.00057770
45.88365555	0.00042025
45.89557648	0.00020499
45.90749741	0.00046434
45.91941833	0.00164256
45.93133926	0.00252885
45.94326019	0.00263955
45.95518112	0.00271172
45.96710205	0.00442611
45.97902298	0.00920671
45.99094391	0.01159338
46.00286484	0.01158719
46.01478577	0.01036423
46.02670670	0.00535227
46.03862762	0.00311040
46.05054855	0.00426674
46.06246948	0.00432137
46.07439041	0.00348005
46.08631134	0.00128014
46.09823227	0.00147228
46.11015320	0.00195616
46.12207413	0.00198533
46.13399506	0.00187742
46.14591599	0.00203360
46.15783691	0.00238081
46.16975784	0.00222778
46.18167877	0.00199302
46.19359970	0.00148454
46.20552063	0.00123414
46.21744156	0.00154799
46.22936249	0.00171297
46.24128342	0.00174541
46.25320435	0.00128043
46.26512527	0.00066022
46.27704620	0.00046745
46.28896713	0.00050830
46.30088806	0.00084811
46.31280899	0.00178191
46.32472992	0.00300258
46.33665085	0.00350581
46.34857178	0.00358009
46.36049271	0.00380850
46.37241364	0.00664568
46.38433456	0.01055573
46.39625549	0.01158531
46.40817642	0.01140323
46.42009735	0.00876846
46.43201828	0.00372112
46.44393921	0.00268374
46.45586014	0.00310044
46.46778107	0.00327912
46.47970200	0.00264645
46.49162292	0.00249590
46.50354385	0.00290453
46.51546478	0.00301172
46.52738571	0.00299843
46.53930664	0.00280812
46.55122757	0.00299464
46.56314850	0.00305220
46.57506943	0.00293554
46.58699036	0.00251044
46.59891129	0.00127306
46.61083221	0.00122272
46.62275314	0.00161047
46.63467407	0.00180232
46.64659500	0.00167011
46.65851593	0.00074578
46.67043686	0.00020081
46.68235779	0.00054312
46.69427872	0.00075365
46.70619965	0.00078835
46.71812057	0.00172986
46.73004150	0.00288829
46.74196243	0.00313834
46.75388336	0.00324078
46.76580429	0.00385801
46.77772522	0.00752647
46.78964615	0.01030358
46.80156708	0.01069199
46.81348801	0.00991172
46.82540894	0.00607488
46.83732986	0.00211269
46.84925079	0.00182871
46.86117172	0.00186953
46.87309265	0.00166331
46.88501358	0.00102945
46.89693451	0.00193303
46.90885544	0.00246098
46.92077637	0.00246577
46.93269730	0.00215846
46.94461823	0.00215677
46.95653915	0.00275283
46.96846008	0.00294723
46.98038101	0.00288768
46.99230194	0.00223791
47.00422287	0.00135680
47.01614380	0.00111562
47.02806473	0.00110265
47.03998566	0.00094654
47.05190659	0.00047426
47.06382751	0.00059663
47.07574844	0.00088511
47.08766937	0.00091949
47.09959030	0.00094502
47.11151123	0.00101372
47.12343216	0.00210647
47.13535309	0.00278498
47.14727402	0.00292780
47.15919495	0.00338641
47.17111588	0.00572954
47.18303680	0.00904305
47.19495773	0.00992945
47.20687866	0.00993610
47.21879959	0.00819938
47.23072052	0.00368870
47.24264145	0.00064179
47.25456238	0.00049223
47.26648331	0.00077079
47.27840424	0.00160130
47.29032516	0.00304089
47.30224609	0.00384783
47.31416702	0.00378748
47.32608795	0.00335543
47.33800888	0.00241516
47.34992981	0.00197834
47.36185074	0.00229832
47.37377167	0.00237861
47.38569260	0.00223733
47.39761353	0.00155729
47.40953445	0.00117876
47.42145538	0.00093779
47.43337631	0.00079339
47.44529724	0.00072579
47.45721817	0.00100985
47.46913910	0.00175670
47.48106003	0.00178847
47.49298096	0.00138217
47.50490189	0.00134858
47.51682281	0.00260978
47.52874374	0.00365170
47.54066467	0.00352008
47.55258560	0.00333204
47.56450653	0.00318977
47.57642746	0.00535255
47.58834839	0.00757157
47.60026932	0.00790976
47.61219025	0.00753474
47.62411118	0.00488095
47.63603210	0.00178887
47.64795303	0.00138355
47.65987396	0.00110182
47.67179489	0.00086898
47.68371582	0.00144399
47.69563675	0.00239576
47.70755768	0.00274669
47.71947861	0.00287294
47.73139954	0.00257233
47.74332047	0.00193130
47.75524139	0.00229556
47.76716232	0.00252782
47.77908325	0.00258468
47.79100418	0.00218887
47.80292511	0.00147536
47.81484604	0.00124207
47.82676697	0.00107847
47.83868790	0.00086146
47.85060883	0.00068367
47.86252975	0.00120209
47.87445068	0.00143957
47.88637161	0.00121024
47.89829254	0.00091316
47.91021347	0.00111138
47.92213440	0.00270783
47.93405533	0.00361377
47.94597626	0.00384415
47.95789719	0.00403557
47.96981812	0.00489580
47.98173904	0.00710200
47.99365997	0.00775279
48.00558090	0.00761830
48.01750183	0.00664461
48.02942276	0.00350362
48.04134369	0.00118325
48.05326462	0.00113596
48.06518555	0.00159204
48.07710648	0.00222820
48.08902740	0.00356872
48.10094833	0.00461211
48.11286926	0.00441126
48.12479019	0.00373268
48.13671112	0.00258492
48.14863205	0.00188136
48.16055298	0.00206611
48.17247391	0.00217221
48.18439484	0.00220218
48.19631577	0.00151651
48.20823669	0.00074799
48.22015762	0.00080712
48.23207855	0.00090667
48.24399948	0.00063749
48.25592041	0.00048350
48.26784134	0.00138877
48.27976227	0.00188817
48.29168320	0.00203254
48.30360413	0.00200060
48.31552505	0.00219491
48.32744598	0.00313549
48.33936691	0.00335186
48.35128784	0.00338244
48.36320877	0.00342717
48.37512970	0.00476008
48.38705063	0.00619421
48.39897156	0.00641622
48.41089249	0.00620387
48.42281342	0.00474487
48.43473434	0.00326801
48.44665527	0.00316596
48.45857620	0.00331676
48.47049713	0.00342038
48.48241806	0.00294286
48.49433899	0.00359151
48.50625992	0.00445529
48.51818085	0.00474619
48.53010178	0.00435516
48.54202271	0.00305938
48.55394363	0.00231901
48.56586456	0.00222225
48.57778549	0.00223075
48.58970642	0.00190987
48.60162735	0.00111052
48.61354828	0.00056976
48.62546921	0.00069795
48.63739014	0.00084242
48.64931107	0.00092022
48.66123199	0.00168571
48.67315292	0.00219954
48.68507385	0.00200775
48.69699478	0.00178119
48.70891571	0.00166794
48.72083664	0.00256159
48.73275757	0.00345128
48.74467850	0.00369050
48.75659943	0.00369952
48.76852036	0.00335094
48.78044128	0.00417231
48.79236221	0.00461903
48.80428314	0.00437591
48.81620407	0.00381999
