Частота	Канал A
(kГц)	(В)

0.00000000	1.42258000
0.01192093	0.98836170
0.02384186	0.67417410
0.03576279	0.21470860
0.04768372	0.02019161
0.05960464	0.00017964
0.07152557	0.00010270
0.08344650	0.00045441
0.09536743	0.00015152
0.10728836	0.00007235
0.11920929	0.00432967
0.13113022	0.01541720
0.14305115	0.02423370
0.15497208	0.02568165
0.16689301	0.02533876
0.17881393	0.01804234
0.19073486	0.00646826
0.20265579	0.00067070
0.21457672	0.00102673
0.22649765	0.00110706
0.23841858	0.00063807
0.25033951	0.00026702
0.26226044	0.00025744
0.27418137	0.00200926
0.28610229	0.00934369
0.29802322	0.01576527
0.30994415	0.01749930
0.32186508	0.01736072
0.33378601	0.01301473
0.34570694	0.00481872
0.35762787	0.00017708
0.36954880	0.00097954
0.38146973	0.00078126
0.39339066	0.00075460
0.40531158	0.00044365
0.41723251	0.00040188
0.42915344	0.00108337
0.44107437	0.00408096
0.45299530	0.00709605
0.46491623	0.00747134
0.47683716	0.00739031
0.48875809	0.00559292
0.50067902	0.00220993
0.51259995	0.00023650
0.52452087	0.00008415
0.53644180	0.00050221
0.54836273	0.00076692
0.56028366	0.00076995
0.57220459	0.00087008
0.58412552	0.00039235
0.59604645	0.00049609
0.60796738	0.00133434
0.61988831	0.00195665
0.63180923	0.00196983
0.64373016	0.00175172
0.65565109	0.00098450
0.66757202	0.00012926
0.67949295	0.00014040
0.69141388	0.00018474
0.70333481	0.00041744
0.71525574	0.00053851
0.72717667	0.00053889
0.73909760	0.00082823
0.75101852	0.00305218
0.76293945	0.00569505
0.77486038	0.00671837
0.78678131	0.00674107
0.79870224	0.00571365
0.81062317	0.00301682
0.82254410	0.00091254
0.83446503	0.00060393
0.84638596	0.00057193
0.85830688	0.00043349
0.87022781	0.00046191
0.88214874	0.00039596
0.89406967	0.00061102
0.90599060	0.00265649
0.91791153	0.00565956
0.92983246	0.00696797
0.94175339	0.00736195
0.95367432	0.00642113
0.96559525	0.00368921
0.97751617	0.00102620
0.98943710	0.00026033
1.00135803	0.00044096
1.01327896	0.00053939
1.02519989	0.00065152
1.03712082	0.00040163
1.04904175	0.00021330
1.06096268	0.00109129
1.07288361	0.00274484
1.08480453	0.00346183
1.09672546	0.00386608
1.10864639	0.00352503
1.12056732	0.00199336
1.13248825	0.00064560
1.14440918	0.00040788
1.15633011	0.00059594
1.16825104	0.00054714
1.18017197	0.00033686
1.19209290	0.00038573
1.20401382	0.00025807
1.21593475	0.00080939
1.22785568	0.00202027
1.23977661	0.00294015
1.25169754	0.00281972
1.26361847	0.00240082
1.27553940	0.00153674
1.28746033	0.00077717
1.29938126	0.00096737
1.31130219	0.00080630
1.32322311	0.00065216
1.33514404	0.00045965
1.34706497	0.00037570
1.35898590	0.00060301
1.37090683	0.00198318
1.38282776	0.00455291
1.39474869	0.00634911
1.40666962	0.00651821
1.41859055	0.00606310
1.43051147	0.00431901
1.44243240	0.00178659
1.45435333	0.00104894
1.46627426	0.00141895
1.47819519	0.00122952
1.49011612	0.00108272
1.50203705	0.00093396
1.51395798	0.00047887
1.52587891	0.00124424
1.53779984	0.00398200
1.54972076	0.00588270
1.56164169	0.00632130
1.57356262	0.00605532
1.58548355	0.00430171
1.59740448	0.00131644
1.60932541	0.00038465
1.62124634	0.00061157
1.63316727	0.00068322
1.64508820	0.00065511
1.65700912	0.00030192
1.66893005	0.00039599
1.68085098	0.00043710
1.69277191	0.00134489
1.70469284	0.00170414
1.71661377	0.00188342
1.72853470	0.00173993
1.74045563	0.00093054
1.75237656	0.00021376
1.76429749	0.00045949
1.77621841	0.00050968
1.78813934	0.00042736
1.80006027	0.00055504
1.81198120	0.00045429
1.82390213	0.00038357
1.83582306	0.00084079
1.84774399	0.00279759
1.85966492	0.00512879
1.87158585	0.00557425
1.88350677	0.00532544
1.89542770	0.00434216
1.90734863	0.00179543
1.91926956	0.00069434
1.93119049	0.00065133
1.94311142	0.00062301
1.95503235	0.00050800
1.96695328	0.00037886
1.97887421	0.00025490
1.99079514	0.00140484
2.00271606	0.00552588
2.01463699	0.01028585
2.02655792	0.01160078
2.03847885	0.01129933
2.05039978	0.00942180
2.06232071	0.00438285
2.07424164	0.00088198
2.08616257	0.00050811
2.09808350	0.00088949
2.11000443	0.00111443
2.12192535	0.00131970
2.13384628	0.00121527
2.14576721	0.00161420
2.15768814	0.00567364
2.16960907	0.01128553
2.18153000	0.01325522
2.19345093	0.01312630
2.20537186	0.01103779
2.21729279	0.00541578
2.22921371	0.00078767
2.24113464	0.00021649
2.25305557	0.00013364
2.26497650	0.00016819
2.27689743	0.00018329
2.28881836	0.00010050
2.30073929	0.00045286
2.31266022	0.00056009
2.32458115	0.00097324
2.33650208	0.00165489
2.34842300	0.00179515
2.36034393	0.00194295
2.37226486	0.00108642
2.38418579	0.00081220
2.39610672	0.00050564
2.40802765	0.00093414
2.41994858	0.00086232
2.43186951	0.00085760
2.44379044	0.00116159
2.45571136	0.04327284
2.46763229	0.30456670
2.47955322	0.74066900
2.49147415	0.93874730
2.50339508	0.94649790
2.51531601	0.86805810
2.52723694	0.49560170
2.53915787	0.11810440
2.55107880	0.00694016
2.56299973	0.00021035
2.57492065	0.00046413
2.58684158	0.00032908
2.59876251	0.00020872
2.61068344	0.00095889
2.62260437	0.00942849
2.63452530	0.02589020
2.64644623	0.03427796
2.65836716	0.03506998
2.67028809	0.03292813
2.68220901	0.02019933
2.69412994	0.00563647
2.70605087	0.00050128
2.71797180	0.00019652
2.72989273	0.00012508
2.74181366	0.00029664
2.75373459	0.00025319
2.76565552	0.00028334
2.77757645	0.00231769
2.78949738	0.00761261
2.80141830	0.01047879
2.81333923	0.01063272
2.82526016	0.01020520
2.83718109	0.00653116
2.84910202	0.00197155
2.86102295	0.00031730
2.87294388	0.00021095
2.88486481	0.00027841
2.89678574	0.00006234
2.90870667	0.00013122
2.92062759	0.00046326
2.93254852	0.00092793
2.94446945	0.00118342
2.95639038	0.00155690
2.96831131	0.00163994
2.98023224	0.00126431
2.99215317	0.00106780
3.00407410	0.00065225
3.01599503	0.00036155
3.02791595	0.00039534
3.03983688	0.00007935
3.05175781	0.00014271
3.06367874	0.00024713
3.07559967	0.00023490
3.08752060	0.00095322
3.09944153	0.00435938
3.11136246	0.00694810
3.12328339	0.00747947
3.13520432	0.00730506
3.14712524	0.00546594
3.15904617	0.00206410
3.17096710	0.00044387
3.18288803	0.00045414
3.19480896	0.00062760
3.20672989	0.00074459
3.21865082	0.00061546
3.23057175	0.00051388
3.24249268	0.00114458
3.25441360	0.00452119
3.26633453	0.00741382
3.27825546	0.00809585
3.29017639	0.00791402
3.30209732	0.00591782
3.31401825	0.00245115
3.32593918	0.00034855
3.33786011	0.00035501
3.34978104	0.00019388
3.36170197	0.00036134
3.37362289	0.00036098
3.38554382	0.00025842
3.39746475	0.00007033
3.40938568	0.00154079
3.42130661	0.00298336
3.43322754	0.00339642
3.44514847	0.00360276
3.45706940	0.00272840
3.46899033	0.00112796
3.48091125	0.00023476
3.49283218	0.00053748
3.50475311	0.00049474
3.51667404	0.00067474
3.52859497	0.00084497
3.54051590	0.00082398
3.55243683	0.00116765
3.56435776	0.00190955
3.57627869	0.00285847
3.58819962	0.00333455
3.60012054	0.00333531
3.61204147	0.00309538
3.62396240	0.00193840
3.63588333	0.00068893
3.64780426	0.00055099
3.65972519	0.00028410
3.67164612	0.00021888
3.68356705	0.00027918
3.69548798	0.00034686
3.70740891	0.00074742
3.71932983	0.00272800
3.73125076	0.00524309
3.74317169	0.00646216
3.75509262	0.00636361
3.76701355	0.00550489
3.77893448	0.00290991
3.79085541	0.00055947
3.80277634	0.00076410
3.81469727	0.00064119
3.82661819	0.00055567
3.83853912	0.00030452
3.85046005	0.00034625
3.86238098	0.00069165
3.87430191	0.00259725
3.88622284	0.00511925
3.89814377	0.00613872
3.91006470	0.00642441
3.92198563	0.00576339
3.93390656	0.00344899
3.94582748	0.00114518
3.95774841	0.00069741
3.96966934	0.00076099
3.98159027	0.00082095
3.99351120	0.00096450
4.00543213	0.00109759
4.01735306	0.00123982
4.02927399	0.00136438
4.04119492	0.00180888
4.05311584	0.00229740
4.06503677	0.00258124
4.07695770	0.00229496
4.08887863	0.00157526
4.10079956	0.00082145
4.11272049	0.00063418
4.12464142	0.00100150
4.13656235	0.00104627
4.14848328	0.00062735
4.16040421	0.00025150
4.17232513	0.00038710
4.18424606	0.00163188
4.19616699	0.00343413
4.20808792	0.00478360
4.22000885	0.00490818
4.23192978	0.00463021
4.24385071	0.00320133
4.25577164	0.00108982
4.26769257	0.00065756
4.27961349	0.00057835
4.29153442	0.00060437
4.30345535	0.00050669
4.31537628	0.00045343
4.32729721	0.00035100
4.33921814	0.00234938
4.35113907	0.00623204
4.36306000	0.00892269
4.37498093	0.00914239
4.38690186	0.00840192
4.39882278	0.00548877
4.41074371	0.00124086
4.42266464	0.00057077
4.43458557	0.00066184
4.44650650	0.00077097
4.45842743	0.00068571
4.47034836	0.00073035
4.48226929	0.00081693
4.49419022	0.00098976
4.50611115	0.00505831
4.51803207	0.00833870
4.52995300	0.00916522
4.54187393	0.00894509
4.55379486	0.00653884
4.56571579	0.00222434
4.57763672	0.00020365
4.58955765	0.00041148
4.60147858	0.00077046
4.61339951	0.00091146
4.62532043	0.00055822
4.63724136	0.00049916
4.64916229	0.00056326
4.66108322	0.00120796
4.67300415	0.00171122
4.68492508	0.00203266
4.69684601	0.00204322
4.70876694	0.00170555
4.72068787	0.00106824
4.73260880	0.00047385
4.74452972	0.00007630
4.75645065	0.00032668
4.76837158	0.00058903
4.78029251	0.00068367
4.79221344	0.00069973
4.80413437	0.00272189
4.81605530	0.01093165
4.82797623	0.01981119
4.83989716	0.02152847
4.85181808	0.02130871
4.86373901	0.01703951
4.87565994	0.00713891
4.88758087	0.00099750
4.89950180	0.00044561
4.91142273	0.00045879
4.92334366	0.00067498
4.93526459	0.00049617
4.94718552	0.00280075
4.95910645	0.06167397
4.97102737	0.30364890
4.98294830	0.58958680
4.99486923	0.67028080
5.00679016	0.66843970
5.01871109	0.56027000
5.03063202	0.25929000
5.04255295	0.04405846
5.05447388	0.00140022
5.06639481	0.00081488
5.07831573	0.00034314
5.09023666	0.00041289
5.10215759	0.00031268
5.11407852	0.00213477
5.12599945	0.00972544
5.13792038	0.02064464
5.14984131	0.02395015
5.16176224	0.02424412
5.17368317	0.02096450
5.18560410	0.01066245
5.19752502	0.00248749
5.20944595	0.00062819
5.22136688	0.00044472
5.23328781	0.00045228
5.24520874	0.00014209
5.25712967	0.00052417
5.26905060	0.00044874
5.28097153	0.00027055
5.29289246	0.00083470
5.30481339	0.00139995
5.31673431	0.00159312
5.32865524	0.00112996
5.34057617	0.00058387
5.35249710	0.00087057
5.36441803	0.00118579
5.37633896	0.00098176
5.38825989	0.00089597
5.40018082	0.00064571
5.41210175	0.00054174
5.42402267	0.00068521
5.43594360	0.00338354
5.44786453	0.00784275
5.45978546	0.00996538
5.47170639	0.00997766
5.48362732	0.00870724
5.49554825	0.00493345
5.50746918	0.00087040
5.51939011	0.00061978
5.53131104	0.00010024
5.54323196	0.00019911
5.55515289	0.00030947
5.56707382	0.00066519
5.57899475	0.00081855
5.59091568	0.00289757
5.60283661	0.00702054
5.61475754	0.00909377
5.62667847	0.00931799
5.63859940	0.00850881
5.65052032	0.00514945
5.66244125	0.00151231
5.67436218	0.00031839
5.68628311	0.00036624
5.69820404	0.00024079
5.71012497	0.00014768
5.72204590	0.00038487
5.73396683	0.00061934
5.74588776	0.00161705
5.75780869	0.00360342
5.76972961	0.00438033
5.78165054	0.00429829
5.79357147	0.00413047
5.80549240	0.00285307
5.81741333	0.00165639
5.82933426	0.00119771
5.84125519	0.00111895
5.85317612	0.00104025
5.86509705	0.00061346
5.87701797	0.00040001
5.88893890	0.00029965
5.90085983	0.00087608
5.91278076	0.00159572
5.92470169	0.00235533
5.93662262	0.00252046
5.94854355	0.00214127
5.96046448	0.00151507
5.97238541	0.00035828
5.98430634	0.00035799
5.99622726	0.00070844
6.00814819	0.00104675
6.02006912	0.00108994
6.03199005	0.00088251
6.04391098	0.00058195
6.05583191	0.00093917
6.06775284	0.00313263
6.07967377	0.00529823
6.09159470	0.00612226
6.10351563	0.00606560
6.11543655	0.00486100
6.12735748	0.00237026
6.13927841	0.00053770
6.15119934	0.00028917
6.16312027	0.00061354
6.17504120	0.00093194
6.18696213	0.00103515
6.19888306	0.00105654
6.21080399	0.00063125
6.22272491	0.00291423
6.23464584	0.00526990
6.24656677	0.00622839
6.25848770	0.00636276
6.27040863	0.00506237
6.28232956	0.00235315
6.29425049	0.00042171
6.30617142	0.00027361
6.31809235	0.00029661
6.33001328	0.00023188
6.34193420	0.00013631
6.35385513	0.00023323
6.36577606	0.00018842
6.37769699	0.00078259
6.38961792	0.00165383
6.40153885	0.00210703
6.41345978	0.00232155
6.42538071	0.00171958
6.43730164	0.00085375
6.44922256	0.00014390
6.46114349	0.00041543
6.47306442	0.00042030
6.48498535	0.00048211
6.49690628	0.00065366
6.50882721	0.00093818
6.52074814	0.00089223
6.53266907	0.00096329
6.54459000	0.00219737
6.55651093	0.00286874
6.56843185	0.00260521
6.58035278	0.00229947
6.59227371	0.00102218
6.60419464	0.00076059
6.61611557	0.00071615
6.62803650	0.00083524
6.63995743	0.00093337
6.65187836	0.00071265
6.66379929	0.00069805
6.67572021	0.00047435
6.68764114	0.00228927
6.69956207	0.00541398
6.71148300	0.00688588
6.72340393	0.00682285
6.73532486	0.00607326
6.74724579	0.00320884
6.75916672	0.00031468
6.77108765	0.00089309
6.78300858	0.00123544
6.79492950	0.00150175
6.80685043	0.00129802
6.81877136	0.00093760
6.83069229	0.00035857
6.84261322	0.00201173
6.85453415	0.00552313
6.86645508	0.00740611
6.87837601	0.00777550
6.89029694	0.00737852
6.90221786	0.00498439
6.91413879	0.00213075
6.92605972	0.00136276
6.93798065	0.00132919
6.94990158	0.00128917
6.96182251	0.00110504
6.97374344	0.00066443
6.98566437	0.00043784
6.99758530	0.00133303
7.00950623	0.00207190
7.02142715	0.00230032
7.03334808	0.00237013
7.04526901	0.00197044
7.05718994	0.00116929
7.06911087	0.00024958
7.08103180	0.00048884
7.09295273	0.00047118
7.10487366	0.00061758
7.11679459	0.00039129
7.12871552	0.00043592
7.14063644	0.00025462
7.15255737	0.00233853
7.16447830	0.00718051
7.17639923	0.01057230
7.18832016	0.01053940
7.20024109	0.00986495
7.21216202	0.00618135
7.22408295	0.00122905
7.23600388	0.00065783
7.24792480	0.00050736
7.25984573	0.00029724
7.27176666	0.00008071
7.28368759	0.00047596
7.29560852	0.00019761
7.30752945	0.00549429
7.31945038	0.01961912
7.33137131	0.03020366
7.34329224	0.03168960
7.35521317	0.03089486
7.36713409	0.02190633
7.37905502	0.00740265
7.39097595	0.00103229
7.40289688	0.00027933
7.41481781	0.00010145
7.42673874	0.00020226
7.43865967	0.00052268
7.45058060	0.00324791
7.46250153	0.05144361
7.47442245	0.18692390
7.48634338	0.29927710
7.49826431	0.31710750
7.51018524	0.31137330
7.52210617	0.23008100
7.53402710	0.08426154
7.54594803	0.01015877
7.55786896	0.00050226
7.56978989	0.00019412
7.58171082	0.00016171
7.59363174	0.00056891
7.60555267	0.00083363
7.61747360	0.00071484
7.62939453	0.00098876
7.64131546	0.00148546
7.65323639	0.00194622
7.66515732	0.00171601
7.67707825	0.00123568
7.68899918	0.00045091
7.70092010	0.00047426
7.71284103	0.00025075
7.72476196	0.00024365
7.73668289	0.00049006
7.74860382	0.00052675
7.76052475	0.00063456
7.77244568	0.00105853
7.78436661	0.00635226
7.79628754	0.01216414
7.80820847	0.01392034
7.82012939	0.01412245
7.83205032	0.01165454
7.84397125	0.00559975
7.85589218	0.00133515
7.86781311	0.00077743
7.87973404	0.00098179
7.89165497	0.00084229
7.90357590	0.00093255
7.91549683	0.00091299
7.92741776	0.00137953
7.93933868	0.00551659
7.95125961	0.01061415
7.96318054	0.01209040
7.97510147	0.01230099
7.98702240	0.01050044
7.99894333	0.00531951
8.01086426	0.00140872
8.02278519	0.00052725
8.03470612	0.00056553
8.04662704	0.00029869
8.05854797	0.00001237
8.07046890	0.00015407
8.08238983	0.00052539
8.09431076	0.00235270
8.10623169	0.00490420
8.11815262	0.00574587
8.13007355	0.00606372
8.14199448	0.00529941
8.15391541	0.00293533
8.16583633	0.00123301
8.17775726	0.00065233
8.18967819	0.00058885
8.20159912	0.00043871
8.21352005	0.00063829
8.22544098	0.00079611
8.23736191	0.00112386
8.24928284	0.00162054
8.26120377	0.00197382
8.27312469	0.00211969
8.28504562	0.00190105
8.29696655	0.00176124
8.30888748	0.00140382
8.32080841	0.00077955
8.33272934	0.00082942
8.34465027	0.00074614
8.35657120	0.00015271
8.36849213	0.00024026
8.38041306	0.00045246
8.39233398	0.00027246
8.40425491	0.00172908
8.41617584	0.00459915
8.42809677	0.00619970
8.44001770	0.00643870
8.45193863	0.00584281
8.46385956	0.00367630
8.47578049	0.00112551
8.48770142	0.00074415
8.49962234	0.00098492
8.51154327	0.00104775
8.52346420	0.00089878
8.53538513	0.00065026
8.54730606	0.00065295
8.55922699	0.00151508
8.57114792	0.00456949
8.58306885	0.00622085
8.59498978	0.00661089
8.60691071	0.00590960
8.61883163	0.00345361
8.63075256	0.00076377
8.64267349	0.00036378
8.65459442	0.00024041
8.66651535	0.00054644
8.67843628	0.00081017
8.69035721	0.00073647
8.70227814	0.00053569
8.71419907	0.00052936
8.72612000	0.00164347
8.73804092	0.00213062
8.74996185	0.00220168
8.76188278	0.00212724
8.77380371	0.00139348
8.78572464	0.00064452
8.79764557	0.00036255
8.80956650	0.00049556
8.82148743	0.00049177
8.83340836	0.00042879
8.84532928	0.00034773
8.85725021	0.00038905
8.86917114	0.00048948
8.88109207	0.00113543
8.89301300	0.00224952
8.90493393	0.00277810
8.91685486	0.00271790
8.92877579	0.00224239
8.94069672	0.00099628
8.95261765	0.00067188
8.96453857	0.00097259
8.97645950	0.00094797
8.98838043	0.00086895
9.00030136	0.00080736
9.01222229	0.00065104
9.02414322	0.00135450
9.03606415	0.00394395
9.04798508	0.00640186
9.05990601	0.00702977
9.07182693	0.00684541
9.08374786	0.00548664
9.09566879	0.00253373
9.10758972	0.00075155
9.11951065	0.00047822
9.13143158	0.00013304
9.14335251	0.00027248
9.15527344	0.00020168
9.16719437	0.00015891
9.17911530	0.00068152
9.19103622	0.00340613
9.20295715	0.00609439
9.21487808	0.00691588
9.22679901	0.00684531
9.23871994	0.00550357
9.25064087	0.00256501
9.26256180	0.00041705
9.27448273	0.00045586
9.28640366	0.00061664
9.29832458	0.00057219
9.31024551	0.00041629
9.32216644	0.00054920
9.33408737	0.00048505
9.34600830	0.00084691
9.35792923	0.00132790
9.36985016	0.00153127
9.38177109	0.00156699
9.39369202	0.00102392
9.40561295	0.00054432
9.41753387	0.00068270
9.42945480	0.00064776
9.44137573	0.00072549
9.45329666	0.00060624
9.46521759	0.00057658
9.47713852	0.00069498
9.48905945	0.00023104
9.50098038	0.00238294
9.51290131	0.00580669
9.52482224	0.00737795
9.53674316	0.00747091
9.54866409	0.00687314
9.56058502	0.00369110
9.57250595	0.00090893
9.58442688	0.00046879
9.59634781	0.00006851
9.60826874	0.00009636
9.62018967	0.00013688
9.63211060	0.00016402
9.64403152	0.00089137
9.65595245	0.00556944
9.66787338	0.01280414
9.67979431	0.01606496
9.69171524	0.01616671
9.70363617	0.01489500
9.71555710	0.00860592
9.72747803	0.00224046
9.73939896	0.00062279
9.75131989	0.00013339
9.76324081	0.00047395
9.77516174	0.00047577
9.78708267	0.00049665
9.79900360	0.00146150
9.81092453	0.00776282
9.82284546	0.01830476
9.83476639	0.02366162
9.84668732	0.02405644
9.85860825	0.02239985
9.87052917	0.01377088
9.88245010	0.00397648
9.89437103	0.00095200
9.90629196	0.00100778
9.91821289	0.00088855
9.93013382	0.00087394
9.94205475	0.00092758
9.95397568	0.00074037
9.96589661	0.00089922
9.97781754	0.00114125
9.98973846	0.00135233
10.00165939	0.00143339
10.01358032	0.00116791
10.02550125	0.00109323
10.03742218	0.00088894
10.04934311	0.00090805
10.06126404	0.00114950
10.07318497	0.00089218
10.08510590	0.00048079
10.09702682	0.00038759
10.10894775	0.00095718
10.12086868	0.00689578
10.13278961	0.01960587
10.14471054	0.02762403
10.15663147	0.02854285
10.16855240	0.02702988
10.18047333	0.01782322
10.19239426	0.00552679
10.20431519	0.00083323
10.21623611	0.00053206
10.22815704	0.00012543
10.24007797	0.00033829
10.25199890	0.00043293
10.26391983	0.00051390
10.27584076	0.00363130
10.28776169	0.01185001
10.29968262	0.01762717
10.31160355	0.01850787
10.32352448	0.01808011
10.33544540	0.01283179
10.34736633	0.00480081
10.35928726	0.00080808
10.37120819	0.00021893
10.38312912	0.00034672
10.39505005	0.00017122
10.40697098	0.00021596
10.41889191	0.00042673
10.43081284	0.00122434
10.44273376	0.00417320
10.45465469	0.00647952
10.46657562	0.00674968
10.47849655	0.00682881
10.49041748	0.00474018
10.50233841	0.00147362
10.51425934	0.00061752
10.52618027	0.00086545
10.53810120	0.00061188
10.55002213	0.00041104
10.56194305	0.00042373
10.57386398	0.00030553
10.58578491	0.00077470
10.59770584	0.00147709
10.60962677	0.00190809
10.62154770	0.00217562
10.63346863	0.00197628
10.64538956	0.00150793
10.65731049	0.00064573
10.66923141	0.00012593
10.68115234	0.00014681
10.69307327	0.00038117
10.70499420	0.00060386
10.71691513	0.00045939
10.72883606	0.00044905
10.74075699	0.00054827
10.75267792	0.00322632
10.76459885	0.00585434
10.77651978	0.00664637
10.78844070	0.00636799
10.80036163	0.00489542
10.81228256	0.00214194
10.82420349	0.00061561
10.83612442	0.00072726
10.84804535	0.00079384
10.85996628	0.00056043
10.87188721	0.00045453
10.88380814	0.00042024
10.89572906	0.00081458
10.90764999	0.00328557
10.91957092	0.00614773
10.93149185	0.00712812
10.94341278	0.00724898
10.95533371	0.00604069
10.96725464	0.00311683
10.97917557	0.00056230
10.99109650	0.00037768
11.00301743	0.00027523
11.01493835	0.00036976
11.02685928	0.00040804
11.03878021	0.00014901
11.05070114	0.00010507
11.06262207	0.00111287
11.07454300	0.00255072
11.08646393	0.00292225
11.09838486	0.00299665
11.11030579	0.00245876
11.12222672	0.00127039
11.13414764	0.00052202
11.14606857	0.00034638
11.15798950	0.00057063
11.16991043	0.00064513
11.18183136	0.00056018
11.19375229	0.00072273
11.20567322	0.00045699
11.21759415	0.00067726
11.22951508	0.00174167
11.24143600	0.00261708
11.25335693	0.00262337
11.26527786	0.00234593
11.27719879	0.00138466
11.28911972	0.00020654
11.30104065	0.00009719
11.31296158	0.00013237
11.32488251	0.00013014
11.33680344	0.00046386
11.34872437	0.00063100
11.36064529	0.00105113
11.37256622	0.00290856
11.38448715	0.00561740
11.39640808	0.00709041
11.40832901	0.00696679
11.42024994	0.00611976
11.43217087	0.00379935
11.44409180	0.00088592
11.45601273	0.00008666
11.46793365	0.00026042
11.47985458	0.00040295
11.49177551	0.00055119
11.50369644	0.00063663
11.51561737	0.00069125
11.52753830	0.00124152
11.53945923	0.00385607
11.55138016	0.00559875
11.56330109	0.00605172
11.57522202	0.00575086
11.58714294	0.00390167
11.59906387	0.00123664
11.61098480	0.00019129
11.62290573	0.00027697
11.63482666	0.00033378
11.64674759	0.00040911
11.65866852	0.00055931
11.67058945	0.00030569
11.68251038	0.00054098
11.69443130	0.00126272
11.70635223	0.00151652
11.71827316	0.00174670
11.73019409	0.00174313
11.74211502	0.00125665
11.75403595	0.00078709
11.76595688	0.00063633
11.77787781	0.00083651
11.78979874	0.00092708
11.80171967	0.00077553
11.81364059	0.00095085
11.82556152	0.00073251
11.83748245	0.00036223
11.84940338	0.00263306
11.86132431	0.00485579
11.87324524	0.00518873
11.88516617	0.00497009
11.89708710	0.00380172
11.90900803	0.00135593
11.92092896	0.00059855
11.93284988	0.00048250
11.94477081	0.00034451
11.95669174	0.00057419
11.96861267	0.00060931
11.98053360	0.00055530
11.99245453	0.00208196
12.00437546	0.00645553
12.01629639	0.01061810
12.02821732	0.01136530
12.04013824	0.01102778
12.05205917	0.00871209
12.06398010	0.00338393
12.07590103	0.00028601
12.08782196	0.00027008
12.09974289	0.00027795
12.11166382	0.00022816
12.12358475	0.00016314
12.13550568	0.00013987
12.14742661	0.00167440
12.15934753	0.00659425
12.17126846	0.01171161
12.18318939	0.01328277
12.19511032	0.01308607
12.20703125	0.01066690
12.21895218	0.00506234
12.23087311	0.00103430
12.24279404	0.00030308
12.25471497	0.00014481
12.26663589	0.00022229
12.27855682	0.00033997
12.29047775	0.00044496
12.30239868	0.00035160
12.31431961	0.00033787
12.32624054	0.00059270
12.33816147	0.00077288
12.35008240	0.00051930
12.36200333	0.00010076
12.37392426	0.00031575
12.38584518	0.00066639
12.39776611	0.00089259
12.40968704	0.00081106
12.42160797	0.00097463
12.43352890	0.00079801
12.44544983	0.00080898
12.45737076	0.01233114
12.46929169	0.07217014
12.48121262	0.15712170
12.49313354	0.18835810
12.50505447	0.18903120
12.51697540	0.16706330
12.52889633	0.08673458
12.54081726	0.01812526
12.55273819	0.00126658
12.56465912	0.00075562
12.57658005	0.00076811
12.58850098	0.00070763
12.60042191	0.00076036
12.61234283	0.00205987
12.62426376	0.01280785
12.63618469	0.03076916
12.64810562	0.03842151
12.66002655	0.03914059
12.67194748	0.03572923
12.68386841	0.02021185
12.69578934	0.00525692
12.70771027	0.00077759
12.71963120	0.00044684
12.73155212	0.00046917
12.74347305	0.00033460
12.75539398	0.00060687
12.76731491	0.00082421
12.77923584	0.00331392
12.79115677	0.00864895
12.80307770	0.01102960
12.81499863	0.01110933
12.82691956	0.01048029
12.83884048	0.00616309
12.85076141	0.00165568
12.86268234	0.00030594
12.87460327	0.00033034
12.88652420	0.00029459
12.89844513	0.00022686
12.91036606	0.00013213
12.92228699	0.00010511
12.93420792	0.00044412
12.94612885	0.00080309
12.95804977	0.00110668
12.96997070	0.00116005
12.98189163	0.00099267
12.99381256	0.00084867
13.00573349	0.00028303
13.01765442	0.00033250
13.02957535	0.00032127
13.04149628	0.00020224
13.05341721	0.00039106
13.06533813	0.00029857
13.07725906	0.00023511
13.08917999	0.00152943
13.10110092	0.00523541
13.11302185	0.00783112
13.12494278	0.00844949
13.13686371	0.00797546
13.14878464	0.00553586
13.16070557	0.00210206
13.17262650	0.00045758
13.18454742	0.00024611
13.19646835	0.00020166
13.20838928	0.00018039
13.22031021	0.00037836
13.23223114	0.00033346
13.24415207	0.00169647
13.25607300	0.00541742
13.26799393	0.00813030
13.27991486	0.00883366
13.29183578	0.00865388
13.30375671	0.00620805
13.31567764	0.00234111
13.32759857	0.00010423
13.33951950	0.00062368
13.35144043	0.00057200
13.36336136	0.00055783
13.37528229	0.00036327
13.38720322	0.00021228
13.39912415	0.00046300
13.41104507	0.00199592
13.42296600	0.00306067
13.43488693	0.00331298
13.44680786	0.00360818
13.45872879	0.00260462
13.47064972	0.00098072
13.48257065	0.00007201
13.49449158	0.00012545
13.50641251	0.00023643
13.51833344	0.00033839
13.53025436	0.00045072
13.54217529	0.00047268
13.55409622	0.00038378
13.56601715	0.00128446
13.57793808	0.00212386
13.58985901	0.00240498
13.60177994	0.00210067
13.61370087	0.00170109
13.62562180	0.00085325
13.63754272	0.00046586
13.64946365	0.00042990
13.66138458	0.00036452
13.67330551	0.00043513
13.68522644	0.00063241
13.69714737	0.00051053
13.70906830	0.00092071
13.72098923	0.00291938
13.73291016	0.00510093
13.74483109	0.00571418
13.75675201	0.00543931
13.76867294	0.00449139
13.78059387	0.00201397
13.79251480	0.00061145
13.80443573	0.00074403
13.81635666	0.00065860
13.82827759	0.00064923
13.84019852	0.00034337
13.85211945	0.00029099
13.86404037	0.00046508
13.87596130	0.00252612
13.88788223	0.00514003
13.89980316	0.00626401
13.91172409	0.00643935
13.92364502	0.00562592
13.93556595	0.00329651
13.94748688	0.00094550
13.95940781	0.00035426
13.97132874	0.00021249
13.98324966	0.00023897
13.99517059	0.00052652
14.00709152	0.00079245
14.01901245	0.00091496
14.03093338	0.00133574
14.04285431	0.00214816
14.05477524	0.00251247
14.06669617	0.00275927
14.07861710	0.00236737
14.09053802	0.00139730
14.10245895	0.00049665
14.11437988	0.00022125
14.12630081	0.00046690
14.13822174	0.00055559
14.15014267	0.00058452
14.16206360	0.00037942
14.17398453	0.00047274
14.18590546	0.00133511
14.19782639	0.00287237
14.20974731	0.00375009
14.22166824	0.00375006
14.23358917	0.00384726
14.24551010	0.00265668
14.25743103	0.00097100
14.26935196	0.00063215
14.28127289	0.00037630
14.29319382	0.00013452
14.30511475	0.00009110
14.31703568	0.00040768
14.32895660	0.00032576
14.34087753	0.00213798
14.35279846	0.00602201
14.36471939	0.00848262
14.37664032	0.00890583
14.38856125	0.00861395
14.40048218	0.00587151
14.41240311	0.00218348
14.42432404	0.00096705
14.43624496	0.00075110
14.44816589	0.00038604
14.46008682	0.00060433
14.47200775	0.00057250
14.48392868	0.00033939
14.49584961	0.00228134
14.50777054	0.00620932
14.51969147	0.00878802
14.53161240	0.00917734
14.54353333	0.00861676
14.55545425	0.00581810
14.56737518	0.00169110
14.57929611	0.00022264
14.59121704	0.00034061
14.60313797	0.00056514
14.61505890	0.00053557
14.62697983	0.00022301
14.63890076	0.00029244
14.65082169	0.00015129
14.66274261	0.00082126
14.67466354	0.00113828
14.68658447	0.00126367
14.69850540	0.00114962
14.71042633	0.00079587
14.72234726	0.00022350
14.73426819	0.00026844
14.74618912	0.00027850
14.75811005	0.00025589
14.77003098	0.00011227
14.78195190	0.00021533
14.79387283	0.00018680
14.80579376	0.00309168
14.81771469	0.01130901
14.82963562	0.01879803
14.84155655	0.01999843
14.85347748	0.01971557
14.86539841	0.01499523
14.87731934	0.00578979
14.88924026	0.00132064
14.90116119	0.00091539
14.91308212	0.00083727
14.92500305	0.00048482
14.93692398	0.00043132
14.94884491	0.00150059
14.96076584	0.02774290
14.97268677	0.11628880
14.98460770	0.20450460
14.99652863	0.22312870
15.00844955	0.22075910
15.02037048	0.17477590
15.03229141	0.07232005
15.04421234	0.01053111
15.05613327	0.00080646
15.06805420	0.00040766
15.07997513	0.00044905
15.09189606	0.00040263
15.10381699	0.00055056
15.11573792	0.00281420
15.12765884	0.01276925
15.13957977	0.02430615
15.15150070	0.02693931
15.16342163	0.02697085
15.17534256	0.02231291
15.18726349	0.01022251
15.19918442	0.00212573
15.21110535	0.00074112
15.22302628	0.00048572
15.23494720	0.00024271
15.24686813	0.00031008
15.25878906	0.00020170
15.27070999	0.00018855
15.28263092	0.00056766
15.29455185	0.00104600
15.30647278	0.00146036
15.31839371	0.00157283
15.33031464	0.00144951
15.34223557	0.00102578
15.35415649	0.00036779
15.36607742	0.00036000
15.37799835	0.00030555
15.38991928	0.00025187
15.40184021	0.00012704
15.41376114	0.00044817
15.42568207	0.00100985
15.43760300	0.00397617
15.44952393	0.00837715
15.46144485	0.01005904
15.47336578	0.00984790
15.48528671	0.00829905
15.49720764	0.00416910
15.50912857	0.00072906
15.52104950	0.00082024
15.53297043	0.00027981
15.54489136	0.00010497
15.55681229	0.00031215
15.56873322	0.00064611
15.58065414	0.00095038
15.59257507	0.00361511
15.60449600	0.00802117
15.61641693	0.00977328
15.62833786	0.00975777
15.64025879	0.00863001
15.65217972	0.00480756
15.66410065	0.00106530
15.67602158	0.00031185
15.68794250	0.00014174
15.69986343	0.00007821
15.71178436	0.00042158
15.72370529	0.00040706
15.73562622	0.00049788
15.74754715	0.00069339
15.75946808	0.00304905
15.77138901	0.00396208
15.78330994	0.00403179
15.79523087	0.00368833
15.80715179	0.00194654
15.81907272	0.00046344
15.83099365	0.00046699
15.84291458	0.00067077
15.85483551	0.00078628
15.86675644	0.00070688
15.87867737	0.00052355
15.89059830	0.00027944
15.90251923	0.00106131
15.91444016	0.00198852
15.92636108	0.00271052
15.93828201	0.00276952
15.95020294	0.00243089
15.96212387	0.00163742
15.97404480	0.00050798
15.98596573	0.00066668
15.99788666	0.00072490
16.00980759	0.00076750
16.02172852	0.00066311
16.03364944	0.00048113
16.04557037	0.00040215
16.05749130	0.00125361
16.06941223	0.00416620
16.08133316	0.00643274
16.09325409	0.00698229
16.10517502	0.00639713
16.11709595	0.00444113
16.12901688	0.00146782
16.14093781	0.00017390
16.15285873	0.00019306
16.16477966	0.00040059
16.17670059	0.00052975
16.18862152	0.00035442
16.20054245	0.00031262
16.21246338	0.00091717
16.22438431	0.00381190
16.23630524	0.00595636
16.24822617	0.00653905
16.26014709	0.00645853
16.27206802	0.00506240
16.28398895	0.00261313
16.29590988	0.00123977
16.30783081	0.00127684
16.31975174	0.00126865
16.33167267	0.00099419
16.34359360	0.00112053
16.35551453	0.00088984
16.36743546	0.00080298
16.37935638	0.00182145
16.39127731	0.00224202
16.40319824	0.00196012
16.41511917	0.00185023
16.42704010	0.00111185
16.43896103	0.00032796
16.45088196	0.00031758
16.46280289	0.00035953
16.47472382	0.00028273
16.48664474	0.00040190
16.49856567	0.00031371
16.51048660	0.00039533
16.52240753	0.00015559
16.53432846	0.00067495
16.54624939	0.00210760
16.55817032	0.00269628
16.57009125	0.00255852
16.58201218	0.00233019
16.59393311	0.00108444
16.60585403	0.00033852
16.61777496	0.00029940
16.62969589	0.00025824
16.64161682	0.00033822
16.65353775	0.00042973
16.66545868	0.00046085
16.67737961	0.00076748
16.68930054	0.00313503
16.70122147	0.00610945
16.71314240	0.00714299
16.72506332	0.00669688
16.73698425	0.00532231
16.74890518	0.00203767
16.76082611	0.00100838
16.77274704	0.00127792
16.78466797	0.00113009
16.79658890	0.00093940
16.80850983	0.00048108
16.82043076	0.00042209
16.83235168	0.00063781
16.84427261	0.00312843
16.85619354	0.00638060
16.86811447	0.00781482
16.88003540	0.00789593
16.89195633	0.00695357
16.90387726	0.00394718
16.91579819	0.00087957
16.92771912	0.00003119
16.93964005	0.00006031
16.95156097	0.00034089
16.96348190	0.00036198
16.97540283	0.00028044
16.98732376	0.00036680
16.99924469	0.00093949
17.01116562	0.00135772
17.02308655	0.00145600
17.03500748	0.00132383
17.04692841	0.00068570
17.05884933	0.00054679
17.07077026	0.00083795
17.08269119	0.00100544
17.09461212	0.00084043
17.10653305	0.00081762
17.11845398	0.00079950
17.13037491	0.00055569
17.14229584	0.00058830
17.15421677	0.00283784
17.16613770	0.00729970
17.17805862	0.00971898
17.18997955	0.00962538
17.20190048	0.00913659
17.21382141	0.00552594
17.22574234	0.00132947
17.23766327	0.00024944
17.24958420	0.00023939
17.26150513	0.00042920
17.27342606	0.00051569
17.28534698	0.00079315
17.29726791	0.00019722
17.30918884	0.00645643
17.32110977	0.01946652
17.33303070	0.02766590
17.34495163	0.02850047
17.35687256	0.02732613
17.36879349	0.01809303
17.38071442	0.00567192
17.39263535	0.00150443
17.40455627	0.00123145
17.41647720	0.00100128
17.42839813	0.00083557
17.44031906	0.00064034
17.45223999	0.00313611
17.46416092	0.02884748
17.47608185	0.08960874
17.48800278	0.13169550
17.49992371	0.13619100
17.51184464	0.13151060
17.52376556	0.09020103
17.53568649	0.02878022
17.54760742	0.00244015
17.55952835	0.00019646
17.57144928	0.00053028
17.58337021	0.00057815
17.59529114	0.00047101
17.60721207	0.00065013
17.61913300	0.00077564
17.63105392	0.00130670
17.64297485	0.00182114
17.65489578	0.00223821
17.66681671	0.00218212
17.67873764	0.00196344
17.69065857	0.00128184
17.70257950	0.00061594
17.71450043	0.00062739
17.72642136	0.00066329
17.73834229	0.00074899
17.75026321	0.00073930
17.76218414	0.00063546
17.77410507	0.00223420
17.78602600	0.00820144
17.79794693	0.01333843
17.80986786	0.01437399
17.82178879	0.01406670
17.83370972	0.01062379
17.84563065	0.00424608
17.85755157	0.00038480
17.86947250	0.00018979
17.88139343	0.00014514
17.89331436	0.00040108
17.90523529	0.00039455
17.91715622	0.00031324
17.92907715	0.00108680
17.94099808	0.00621848
17.95291901	0.01120263
17.96483994	0.01253157
17.97676086	0.01265577
17.98868179	0.01000391
18.00060272	0.00453447
18.01252365	0.00123359
18.02444458	0.00076369
18.03636551	0.00109188
18.04828644	0.00096262
18.06020737	0.00057355
18.07212830	0.00016798
18.08404922	0.00010544
18.09597015	0.00183671
18.10789108	0.00408283
18.11981201	0.00475565
18.13173294	0.00524634
18.14365387	0.00454431
18.15557480	0.00249219
18.16749573	0.00127426
18.17941666	0.00077868
18.19133759	0.00051968
18.20325851	0.00027538
18.21517944	0.00002846
18.22710037	0.00017624
18.23902130	0.00026201
18.25094223	0.00107355
18.26286316	0.00200199
18.27478409	0.00241758
18.28670502	0.00207523
18.29862595	0.00158213
18.31054688	0.00082708
18.32246780	0.00085787
18.33438873	0.00066898
18.34630966	0.00028420
18.35823059	0.00029310
18.37015152	0.00032187
18.38207245	0.00046680
18.39399338	0.00070472
18.40591431	0.00250325
18.41783524	0.00529920
18.42975616	0.00666060
18.44167709	0.00673171
18.45359802	0.00571957
18.46551895	0.00298801
18.47743988	0.00040625
18.48936081	0.00077061
18.50128174	0.00086869
18.51320267	0.00093064
18.52512360	0.00096399
18.53704453	0.00067240
18.54896545	0.00038322
18.56088638	0.00202534
18.57280731	0.00472580
18.58472824	0.00602046
18.59664917	0.00639136
18.60857010	0.00576079
18.62049103	0.00331616
18.63241196	0.00096068
18.64433289	0.00046719
18.65625381	0.00027168
18.66817474	0.00022158
18.68009567	0.00012908
18.69201660	0.00009274
18.70393753	0.00017678
18.71585846	0.00071946
18.72777939	0.00174300
18.73970032	0.00211748
18.75162125	0.00237128
18.76354218	0.00221054
18.77546310	0.00138843
18.78738403	0.00065034
18.79930496	0.00042271
18.81122589	0.00047540
18.82314682	0.00063452
18.83506775	0.00109978
18.84698868	0.00119186
18.85890961	0.00153098
18.87083054	0.00217692
18.88275146	0.00297924
18.89467239	0.00361570
18.90659332	0.00322036
18.91851425	0.00277806
18.93043518	0.00203763
18.94235611	0.00067355
18.95427704	0.00023957
18.96619797	0.00027694
18.97811890	0.00008465
18.99003983	0.00016546
19.00196075	0.00014173
19.01388168	0.00028199
19.02580261	0.00139962
19.03772354	0.00441780
19.04964447	0.00690516
19.06156540	0.00742311
19.07348633	0.00714209
19.08540726	0.00541334
19.09732819	0.00213977
19.10924911	0.00052241
19.12117004	0.00035234
19.13309097	0.00043111
19.14501190	0.00062414
19.15693283	0.00068431
19.16885376	0.00078598
19.18077469	0.00037839
19.19269562	0.00321550
19.20461655	0.00555334
19.21653748	0.00627436
19.22845840	0.00611011
19.24037933	0.00458004
19.25230026	0.00185540
19.26422119	0.00038306
19.27614212	0.00039041
19.28806305	0.00034035
19.29998398	0.00005964
19.31190491	0.00008108
19.32382584	0.00009341
19.33574677	0.00013268
19.34766769	0.00084714
19.35958862	0.00119111
19.37150955	0.00111284
19.38343048	0.00072495
19.39535141	0.00036079
19.40727234	0.00048482
19.41919327	0.00053970
19.43111420	0.00034540
19.44303513	0.00021952
19.45495605	0.00051482
19.46687698	0.00059466
19.47879791	0.00082219
19.49071884	0.00157100
19.50263977	0.00354114
19.51456070	0.00614099
19.52648163	0.00657422
19.53840256	0.00594791
19.55032349	0.00470360
19.56224442	0.00145692
19.57416534	0.00062861
19.58608627	0.00070832
19.59800720	0.00081962
19.60992813	0.00056543
19.62184906	0.00031839
19.63376999	0.00022881
19.64569092	0.00141012
19.65761185	0.00666439
19.66953278	0.01349410
19.68145370	0.01581471
19.69337463	0.01545979
19.70529556	0.01350010
19.71721649	0.00692782
19.72913742	0.00146803
19.74105835	0.00048613
19.75297928	0.00049689
19.76490021	0.00067143
19.77682114	0.00078427
19.78874207	0.00054359
19.80066299	0.00157232
19.81258392	0.00777428
19.82450485	0.01687020
19.83642578	0.02071168
19.84834671	0.02056138
19.86026764	0.01799662
19.87218857	0.00931701
19.88410950	0.00120593
19.89603043	0.00071066
19.90795135	0.00053184
19.91987228	0.00048930
19.93179321	0.00042909
19.94371414	0.00045070
19.95563507	0.00048397
19.96755600	0.00033831
19.97947693	0.00072759
19.99139786	0.00122539
20.00331879	0.00151364
20.01523972	0.00121606
20.02716064	0.00084739
20.03908157	0.00027233
20.05100250	0.00044153
20.06292343	0.00091606
20.07484436	0.00108390
20.08676529	0.00117016
20.09868622	0.00117030
20.11060715	0.00166856
20.12252808	0.00904941
20.13444901	0.02333292
20.14636993	0.03091280
20.15829086	0.03152918
20.17021179	0.02961623
20.18213272	0.01853143
20.19405365	0.00552450
20.20597458	0.00106013
20.21789551	0.00080254
20.22981644	0.00069885
20.24173737	0.00082338
20.25365829	0.00088219
20.26557922	0.00082186
20.27750015	0.00461457
20.28942108	0.01371671
20.30134201	0.01930027
20.31326294	0.02009506
20.32518387	0.01916322
20.33710480	0.01247556
20.34902573	0.00394953
20.36094666	0.00033969
20.37286758	0.00035411
20.38478851	0.00010877
20.39670944	0.00017299
20.40863037	0.00013428
20.42055130	0.00031018
20.43247223	0.00176201
20.44439316	0.00547173
20.45631409	0.00763009
20.46823502	0.00777414
20.48015594	0.00782328
20.49207687	0.00540313
20.50399780	0.00191299
20.51591873	0.00017038
20.52783966	0.00049833
20.53976059	0.00056413
20.55168152	0.00072402
20.56360245	0.00057897
20.57552338	0.00013194
20.58744431	0.00015474
20.59936523	0.00071472
20.61128616	0.00134032
20.62320709	0.00157635
20.63512802	0.00132271
20.64704895	0.00113491
20.65896988	0.00056364
20.67089081	0.00014933
20.68281174	0.00029023
20.69473267	0.00022290
20.70665359	0.00011101
20.71857452	0.00034819
20.73049545	0.00064933
20.74241638	0.00164458
20.75433731	0.00430827
20.76625824	0.00661277
20.77817917	0.00721931
20.79010010	0.00690557
20.80202103	0.00525345
20.81394196	0.00225896
20.82586288	0.00013961
20.83778381	0.00027741
20.84970474	0.00032438
20.86162567	0.00036860
20.87354660	0.00018086
20.88546753	0.00017561
20.89738846	0.00064534
20.90930939	0.00336160
20.92123032	0.00587512
20.93315125	0.00651952
20.94507217	0.00657955
20.95699310	0.00527184
20.96891403	0.00249522
20.98083496	0.00063974
20.99275589	0.00034577
21.00467682	0.00032105
21.01659775	0.00030018
21.02851868	0.00047005
21.04043961	0.00055266
21.05236053	0.00069708
21.06428146	0.00086615
21.07620239	0.00219760
21.08812332	0.00251258
21.10004425	0.00274813
21.11196518	0.00237416
21.12388611	0.00135819
21.13580704	0.00058024
21.14772797	0.00060817
21.15964890	0.00070833
21.17156982	0.00056204
21.18349075	0.00058304
21.19541168	0.00042010
21.20733261	0.00067582
21.21925354	0.00124579
21.23117447	0.00208215
21.24309540	0.00258961
21.25501633	0.00249353
21.26693726	0.00249984
21.27885818	0.00162566
21.29077911	0.00038911
21.30270004	0.00012067
21.31462097	0.00021842
21.32654190	0.00068368
21.33846283	0.00067987
21.35038376	0.00076202
21.36230469	0.00097067
21.37422562	0.00252462
21.38614655	0.00496979
21.39806747	0.00595631
21.40998840	0.00561999
21.42190933	0.00482663
21.43383026	0.00268420
21.44575119	0.00085262
21.45767212	0.00071794
21.46959305	0.00047983
21.48151398	0.00039819
21.49343491	0.00045783
21.50535583	0.00054627
21.51727676	0.00069253
21.52919769	0.00253823
21.54111862	0.00530595
21.55303955	0.00658679
21.56496048	0.00662263
21.57688141	0.00583071
21.58880234	0.00346535
21.60072327	0.00081738
21.61264420	0.00033956
21.62456512	0.00023500
21.63648605	0.00028929
21.64840698	0.00042288
21.66032791	0.00076637
21.67224884	0.00076755
21.68416977	0.00130401
21.69609070	0.00221434
21.70801163	0.00246260
21.71993256	0.00260052
21.73185349	0.00244840
21.74377441	0.00179354
21.75569534	0.00107002
21.76761627	0.00059463
21.77953720	0.00065271
21.79145813	0.00079296
21.80337906	0.00084126
21.81529999	0.00095512
21.82722092	0.00057635
21.83914185	0.00067180
21.85106277	0.00290188
21.86298370	0.00469791
21.87490463	0.00478930
21.88682556	0.00458654
21.89874649	0.00331741
21.91066742	0.00106058
21.92258835	0.00034663
21.93450928	0.00020897
21.94643021	0.00033285
21.95835114	0.00025404
21.97027206	0.00038596
21.98219299	0.00025819
21.99411392	0.00180200
22.00603485	0.00640404
22.01795578	0.01022085
22.02987671	0.01092286
22.04179764	0.01067124
22.05371857	0.00804123
22.06563950	0.00310149
22.07756042	0.00088713
22.08948135	0.00052594
22.10140228	0.00010582
22.11332321	0.00022847
22.12524414	0.00030828
22.13716507	0.00039356
22.14908600	0.00157879
22.16100693	0.00645172
22.17292786	0.01078462
22.18484879	0.01184760
22.19676971	0.01155888
22.20869064	0.00860335
22.22061157	0.00303960
22.23253250	0.00023354
22.24445343	0.00047901
22.25637436	0.00064163
22.26829529	0.00064831
22.28021622	0.00030656
22.29213715	0.00017611
22.30405807	0.00030195
22.31597900	0.00139594
22.32789993	0.00188514
22.33982086	0.00179654
22.35174179	0.00138120
22.36366272	0.00094212
22.37558365	0.00059461
22.38750458	0.00070372
22.39942551	0.00058955
22.41134644	0.00044134
22.42326736	0.00044344
22.43518829	0.00020965
22.44710922	0.00056832
22.45903015	0.00988650
22.47095108	0.04732617
22.48287201	0.09217577
22.49479294	0.10471740
22.50671387	0.10391030
22.51863480	0.08715624
22.53055573	0.04034776
22.54247665	0.00697598
22.55439758	0.00069702
22.56631851	0.00046863
22.57823944	0.00019903
22.59016037	0.00019217
22.60208130	0.00043827
22.61400223	0.00299507
22.62592316	0.01742248
22.63784409	0.03704765
22.64976501	0.04369799
22.66168594	0.04396018
22.67360687	0.03791669
22.68552780	0.01879627
22.69744873	0.00347867
22.70936966	0.00048687
22.72129059	0.00045724
22.73321152	0.00053609
22.74513245	0.00037234
22.75705338	0.00061477
22.76897430	0.00108946
22.78089523	0.00460387
22.79281616	0.01037966
22.80473709	0.01238791
22.81665802	0.01237002
22.82857895	0.01113770
22.84049988	0.00593442
22.85242081	0.00136188
22.86434174	0.00008262
22.87626266	0.00029565
22.88818359	0.00072303
22.90010452	0.00058849
22.91202545	0.00031163
22.92394638	0.00017898
22.93586731	0.00079008
22.94778824	0.00166641
22.95970917	0.00227473
22.97163010	0.00224396
22.98355103	0.00198662
22.99547195	0.00157033
23.00739288	0.00063513
23.01931381	0.00019755
23.03123474	0.00034822
23.04315567	0.00043660
23.05507660	0.00052464
23.06699753	0.00025327
23.07891846	0.00033608
23.09083939	0.00231391
23.10276031	0.00583234
23.11468124	0.00795821
23.12660217	0.00841078
23.13852310	0.00788357
23.15044403	0.00533392
23.16236496	0.00198293
23.17428589	0.00037984
23.18620682	0.00012438
23.19812775	0.00032523
23.21004868	0.00056065
23.22196960	0.00049246
23.23389053	0.00052554
23.24581146	0.00158081
23.25773239	0.00546906
23.26965332	0.00781547
23.28157425	0.00847173
23.29349518	0.00842076
23.30541611	0.00605618
23.31733704	0.00282726
23.32925797	0.00131272
23.34117889	0.00117670
23.35309982	0.00115362
23.36502075	0.00087378
23.37694168	0.00084589
23.38886261	0.00071997
23.40078354	0.00086722
23.41270447	0.00234907
23.42462540	0.00331857
23.43654633	0.00341554
23.44846725	0.00337602
23.46038818	0.00240953
23.47230911	0.00107243
23.48423004	0.00014791
23.49615097	0.00023898
23.50807190	0.00023997
23.51999283	0.00033430
23.53191376	0.00006290
23.54383469	0.00054362
23.55575562	0.00083536
23.56767654	0.00150768
23.57959747	0.00241549
23.59151840	0.00261668
23.60343933	0.00237201
23.61536026	0.00205239
23.62728119	0.00087831
23.63920212	0.00028619
23.65112305	0.00041026
23.66304398	0.00082382
23.67496490	0.00110225
23.68688583	0.00094392
23.69880676	0.00083236
23.71072769	0.00080539
23.72264862	0.00314024
23.73456955	0.00538404
23.74649048	0.00625971
23.75841141	0.00607261
23.77033234	0.00476013
23.78225327	0.00235641
23.79417419	0.00071213
23.80609512	0.00047795
23.81801605	0.00032738
23.82993698	0.00023063
23.84185791	0.00037235
23.85377884	0.00043218
23.86569977	0.00046758
23.87762070	0.00286888
23.88954163	0.00558179
23.90146255	0.00676723
23.91338348	0.00708495
23.92530441	0.00591012
23.93722534	0.00306014
23.94914627	0.00062916
23.96106720	0.00030600
23.97298813	0.00044787
23.98490906	0.00057095
23.99682999	0.00062971
24.00875092	0.00068795
24.02067184	0.00059094
24.03259277	0.00125252
24.04451370	0.00191989
24.05643463	0.00225316
24.06835556	0.00262685
24.08027649	0.00225169
24.09219742	0.00139967
24.10411835	0.00058957
24.11603928	0.00031267
24.12796021	0.00062330
24.13988113	0.00085139
24.15180206	0.00089953
24.16372299	0.00090467
24.17564392	0.00115267
24.18756485	0.00193331
24.19948578	0.00325123
24.21140671	0.00374425
24.22332764	0.00333005
24.23524857	0.00295023
24.24716949	0.00136538
24.25909042	0.00023248
24.27101135	0.00030986
24.28293228	0.00045251
24.29485321	0.00064322
24.30677414	0.00057932
24.31869507	0.00053255
24.33061600	0.00040214
24.34253693	0.00266071
24.35445786	0.00645424
24.36637878	0.00847300
24.37829971	0.00848886
24.39022064	0.00766802
24.40214157	0.00440905
24.41406250	0.00082088
24.42598343	0.00006386
24.43790436	0.00017039
24.44982529	0.00022449
24.46174622	0.00032077
24.47366714	0.00039777
24.48558807	0.00032702
24.49750900	0.00213693
24.50942993	0.00596200
24.52135086	0.00817827
24.53327179	0.00847447
24.54519272	0.00775442
24.55711365	0.00467790
24.56903458	0.00100774
24.58095551	0.00051116
24.59287643	0.00034967
24.60479736	0.00039193
24.61671829	0.00042730
24.62863922	0.00040389
24.64056015	0.00022741
24.65248108	0.00079836
24.66440201	0.00170683
24.67632294	0.00220069
24.68824387	0.00250604
24.70016479	0.00224961
24.71208572	0.00165574
24.72400665	0.00086748
24.73592758	0.00030814
24.74784851	0.00034083
24.75976944	0.00041195
24.77169037	0.00053739
24.78361130	0.00056563
24.79553223	0.00027919
24.80745316	0.00317895
24.81937408	0.01108955
24.83129501	0.01712039
24.84321594	0.01773308
24.85513687	0.01728819
24.86705780	0.01217628
24.87897873	0.00382262
24.89089966	0.00051172
24.90282059	0.00018676
24.91474152	0.00014345
24.92666245	0.00045485
24.93858337	0.00046063
24.95050430	0.00203098
24.96242523	0.02188117
24.97434616	0.07838716
24.98626709	0.12596740
24.99818802	0.13348920
25.01010895	0.13115230
25.02202988	0.09748426
25.03395081	0.03579016
25.04587173	0.00439317
25.05779266	0.00062467
25.06971359	0.00028454
25.08163452	0.00054926
25.09355545	0.00061810
25.10547638	0.00032906
25.11739731	0.00404568
25.12931824	0.01712415
25.14123917	0.02936986
25.15316010	0.03157113
25.16508102	0.03145512
25.17700195	0.02435831
25.18892288	0.00978108
25.20084381	0.00148046
25.21276474	0.00010446
25.22468567	0.00013998
25.23660660	0.00017103
25.24852753	0.00009274
25.26044846	0.00026623
25.27236938	0.00038990
25.28429031	0.00109826
25.29621124	0.00187017
25.30813217	0.00226843
25.32005310	0.00196006
25.33197403	0.00153512
25.34389496	0.00094736
25.35581589	0.00022177
25.36773682	0.00014941
25.37965775	0.00030569
25.39157867	0.00028041
25.40349960	0.00047705
25.41542053	0.00064088
25.42734146	0.00123527
25.43926239	0.00476723
25.45118332	0.00881938
25.46310425	0.01007637
25.47502518	0.00990960
25.48694611	0.00814632
25.49886703	0.00388539
25.51078796	0.00070566
25.52270889	0.00041457
25.53462982	0.00013852
25.54655075	0.00012521
25.55847168	0.00012301
25.57039261	0.00017014
25.58231354	0.00045107
25.59423447	0.00364408
25.60615540	0.00778333
25.61807632	0.00919912
25.62999725	0.00956241
25.64191818	0.00832150
25.65383911	0.00414092
25.66576004	0.00086199
25.67768097	0.00074409
25.68960190	0.00053678
25.70152283	0.00030311
25.71344376	0.00040827
25.72536469	0.00050916
25.73728561	0.00056159
25.74920654	0.00113250
25.76112747	0.00318259
25.77304840	0.00398251
25.78496933	0.00423003
25.79689026	0.00379449
25.80881119	0.00209563
25.82073212	0.00061895
25.83265305	0.00032457
25.84457397	0.00025673
25.85649490	0.00010168
25.86841583	0.00012752
25.88033676	0.00039192
25.89225769	0.00025203
25.90417862	0.00067135
25.91609955	0.00160519
25.92802048	0.00227862
25.93994141	0.00202676
25.95186234	0.00144192
25.96378326	0.00064334
25.97570419	0.00048902
25.98762512	0.00061004
25.99954605	0.00048379
26.01146698	0.00060327
26.02338791	0.00062128
26.03530884	0.00077171
26.04722977	0.00083160
26.05915070	0.00102859
26.07107162	0.00392110
26.08299255	0.00591907
26.09491348	0.00621748
26.10683441	0.00543917
26.11875534	0.00327795
26.13067627	0.00056456
26.14259720	0.00063346
26.15451813	0.00033521
26.16643906	0.00039614
26.17835999	0.00019406
26.19028091	0.00021265
26.20220184	0.00041006
26.21412277	0.00139151
26.22604370	0.00391496
26.23796463	0.00549427
26.24988556	0.00581865
26.26180649	0.00559218
26.27372742	0.00398479
26.28564835	0.00167136
26.29756927	0.00079878
26.30949020	0.00058304
26.32141113	0.00044661
26.33333206	0.00024550
26.34525299	0.00013590
26.35717392	0.00040784
26.36909485	0.00053598
26.38101578	0.00106232
26.39293671	0.00162152
26.40485764	0.00196672
26.41677856	0.00211830
26.42869949	0.00174070
26.44062042	0.00138647
26.45254135	0.00100206
26.46446228	0.00068223
26.47638321	0.00050230
26.48830414	0.00015563
26.50022507	0.00008707
26.51214600	0.00017408
26.52406693	0.00022166
26.53598785	0.00103766
26.54790878	0.00231657
26.55982971	0.00267773
26.57175064	0.00268740
26.58367157	0.00228975
26.59559250	0.00083687
26.60751343	0.00064998
26.61943436	0.00068650
26.63135529	0.00096123
26.64327621	0.00087748
26.65519714	0.00080049
26.66711807	0.00074934
26.67903900	0.00054763
26.69095993	0.00352472
26.70288086	0.00655951
26.71480179	0.00757004
26.72672272	0.00749449
26.73864365	0.00630504
26.75056458	0.00327806
26.76248550	0.00129107
26.77440643	0.00126014
26.78632736	0.00120080
26.79824829	0.00114651
26.81016922	0.00116517
26.82209015	0.00088583
26.83401108	0.00117927
26.84593201	0.00373755
26.85785294	0.00666601
26.86977386	0.00759494
26.88169479	0.00727024
26.89361572	0.00589834
26.90553665	0.00271647
26.91745758	0.00042343
26.92937851	0.00048016
26.94129944	0.00035410
26.95322037	0.00053988
26.96514130	0.00040995
26.97706223	0.00029588
26.98898315	0.00023391
27.00090408	0.00125549
27.01282501	0.00208616
27.02474594	0.00240087
27.03666687	0.00231252
27.04858780	0.00162597
27.06050873	0.00097201
27.07242966	0.00075821
27.08435059	0.00077889
27.09627151	0.00073183
27.10819244	0.00068881
27.12011337	0.00035822
27.13203430	0.00040243
27.14395523	0.00068410
27.15587616	0.00321459
27.16779709	0.00759005
27.17971802	0.00958413
27.19163895	0.00948638
27.20355988	0.00864594
27.21548080	0.00471898
27.22740173	0.00124451
27.23932266	0.00082621
27.25124359	0.00091963
27.26316452	0.00103688
27.27508545	0.00106775
27.28700638	0.00098872
27.29892731	0.00095401
27.31084824	0.00776079
27.32276917	0.02005142
27.33469009	0.02628181
27.34661102	0.02642329
27.35853195	0.02449778
27.37045288	0.01457626
27.38237381	0.00376688
27.39429474	0.00107285
27.40621567	0.00058828
27.41813660	0.00016668
27.43005753	0.00012686
27.44197845	0.00049745
27.45389938	0.00193964
27.46582031	0.02211925
27.47774124	0.06213661
27.48966217	0.08542079
27.50158310	0.08742636
27.51350403	0.08277432
27.52542496	0.05258337
27.53734589	0.01494332
27.54926682	0.00120923
27.56118774	0.00018580
27.57310867	0.00019777
27.58502960	0.00032609
27.59695053	0.00054039
27.60887146	0.00070393
27.62079239	0.00071909
27.63271332	0.00119353
27.64463425	0.00162034
27.65655518	0.00191834
27.66847610	0.00162431
27.68039703	0.00108941
27.69231796	0.00035431
27.70423889	0.00011242
27.71615982	0.00028539
27.72808075	0.00038327
27.74000168	0.00034714
27.75192261	0.00050222
27.76384354	0.00060956
27.77576447	0.00325418
27.78768539	0.01003507
27.79960632	0.01504383
27.81152725	0.01594499
27.82344818	0.01550848
27.83536911	0.01108652
27.84729004	0.00406986
27.85921097	0.00070412
27.87113190	0.00026541
27.88305283	0.00036684
27.89497375	0.00068418
27.90689468	0.00070008
27.91881561	0.00067657
27.93073654	0.00124729
27.94265747	0.00699068
27.95457840	0.01144743
27.96649933	0.01241656
27.97842026	0.01248898
27.99034119	0.00911071
28.00226212	0.00334926
28.01418304	0.00049210
28.02610397	0.00046205
28.03802490	0.00046761
28.04994583	0.00078517
28.06186676	0.00095192
28.07378769	0.00077762
28.08570862	0.00028931
28.09762955	0.00238593
28.10955048	0.00485101
28.12147141	0.00541949
28.13339233	0.00559899
28.14531326	0.00430027
28.15723419	0.00173382
28.16915512	0.00013661
28.18107605	0.00033590
28.19299698	0.00036896
28.20491791	0.00035710
28.21683884	0.00022523
28.22875977	0.00020097
28.24068069	0.00046787
28.25260162	0.00110180
28.26452255	0.00162091
28.27644348	0.00192159
28.28836441	0.00165727
28.30028534	0.00151568
28.31220627	0.00114283
28.32412720	0.00048058
28.33604813	0.00047043
28.34796906	0.00055314
28.35988998	0.00057586
28.37181091	0.00071538
28.38373184	0.00059943
28.39565277	0.00091336
28.40757370	0.00300864
28.41949463	0.00564562
28.43141556	0.00687798
28.44333649	0.00697569
28.45525742	0.00610295
28.46717834	0.00364896
28.47909927	0.00133694
28.49102020	0.00089599
28.50294113	0.00106290
28.51486206	0.00088816
28.52678299	0.00082575
28.53870392	0.00053038
28.55062485	0.00056324
28.56254578	0.00247688
28.57446671	0.00506824
28.58638763	0.00626066
28.59830856	0.00682712
28.61022949	0.00634628
28.62215042	0.00393557
28.63407135	0.00147738
28.64599228	0.00061045
28.65791321	0.00053344
28.66983414	0.00031710
28.68175507	0.00049326
28.69367599	0.00063235
28.70559692	0.00020025
28.71751785	0.00100854
28.72943878	0.00230687
28.74135971	0.00269236
28.75328064	0.00284629
28.76520157	0.00235786
28.77712250	0.00116510
28.78904343	0.00085926
28.80096436	0.00094334
28.81288528	0.00059662
28.82480621	0.00027347
28.83672714	0.00010920
28.84864807	0.00037325
28.86056900	0.00052897
28.87248993	0.00107569
28.88441086	0.00208255
28.89633179	0.00279666
28.90825272	0.00265736
28.92017365	0.00248049
28.93209457	0.00180684
28.94401550	0.00072084
28.95593643	0.00073099
28.96785736	0.00113873
28.97977829	0.00108583
28.99169922	0.00113386
29.00362015	0.00091085
29.01554108	0.00065425
29.02746201	0.00195224
29.03938293	0.00484688
29.05130386	0.00691781
29.06322479	0.00724157
29.07514572	0.00700052
29.08706665	0.00519501
29.09898758	0.00205740
29.11090851	0.00073088
29.12282944	0.00069664
29.13475037	0.00036566
29.14667130	0.00029172
29.15859222	0.00026472
29.17051315	0.00010302
29.18243408	0.00129829
29.19435501	0.00417744
29.20627594	0.00629977
29.21819687	0.00696209
29.23011780	0.00678676
29.24203873	0.00481870
29.25395966	0.00169586
29.26588058	0.00029039
29.27780151	0.00009245
29.28972244	0.00020587
29.30164337	0.00035834
29.31356430	0.00049024
29.32548523	0.00043047
29.33740616	0.00049346
29.34932709	0.00116322
29.36124802	0.00164638
29.37316895	0.00182318
29.38508987	0.00162014
29.39701080	0.00094457
29.40893173	0.00020867
29.42085266	0.00075986
29.43277359	0.00080828
29.44469452	0.00062776
29.45661545	0.00074428
29.46853638	0.00050302
29.48045731	0.00037614
29.49237823	0.00103843
29.50429916	0.00328396
29.51622009	0.00572126
29.52814102	0.00609895
29.54006195	0.00580292
29.55198288	0.00442584
29.56390381	0.00118167
29.57582474	0.00062968
29.58774567	0.00085217
29.59966660	0.00107068
29.61158752	0.00074395
29.62350845	0.00040151
29.63542938	0.00015861
29.64735031	0.00184221
29.65927124	0.00743953
29.67119217	0.01350006
29.68311310	0.01510256
29.69503403	0.01480261
29.70695496	0.01223774
29.71887589	0.00544170
29.73079681	0.00073327
29.74271774	0.00051506
29.75463867	0.00073675
29.76655960	0.00053805
29.77848053	0.00020012
29.79040146	0.00038868
29.80232239	0.00220946
29.81424332	0.00886799
29.82616425	0.01672782
29.83808517	0.01913382
29.85000610	0.01886780
29.86192703	0.01605918
29.87384796	0.00774677
29.88576889	0.00110709
29.89768982	0.00040491
29.90961075	0.00049069
29.92153168	0.00025666
29.93345261	0.00036435
29.94537354	0.00033938
29.95729446	0.00031193
29.96921539	0.00051524
29.98113632	0.00079070
29.99305725	0.00098112
30.00497818	0.00099379
30.01689911	0.00070067
30.02882004	0.00029133
30.04074097	0.00023826
30.05266190	0.00026961
30.06458282	0.00028576
30.07650375	0.00050623
30.08842468	0.00067141
30.10034561	0.00076924
30.11226654	0.00234551
30.12418747	0.01282568
30.13610840	0.02918308
30.14802933	0.03612637
30.15995026	0.03645527
30.17187119	0.03293664
30.18379211	0.01857310
30.19571304	0.00463284
30.20763397	0.00050731
30.21955490	0.00025648
30.23147583	0.00032272
30.24339676	0.00035925
30.25531769	0.00040547
30.26723862	0.00073420
30.27915955	0.00581536
30.29108047	0.01519999
30.30300140	0.01968401
30.31492233	0.02000013
30.32684326	0.01849518
30.33876419	0.01100966
30.35068512	0.00306405
30.36260605	0.00099356
30.37452698	0.00072207
30.38644791	0.00061749
30.39836884	0.00051512
30.41028976	0.00063258
30.42221069	0.00073412
30.43413162	0.00228983
30.44605255	0.00619395
30.45797348	0.00824425
30.46989441	0.00849927
30.48181534	0.00816670
30.49373627	0.00502958
30.50565720	0.00160264
30.51757813	0.00074418
30.52949905	0.00089651
30.54141998	0.00111330
30.55334091	0.00096906
30.56526184	0.00061114
30.57718277	0.00036425
30.58910370	0.00061558
30.60102463	0.00147254
30.61294556	0.00214709
30.62486649	0.00235392
30.63678741	0.00213452
30.64870834	0.00183928
30.66062927	0.00119084
30.67255020	0.00086176
30.68447113	0.00054549
30.69639206	0.00058326
30.70831299	0.00052728
30.72023392	0.00029233
30.73215485	0.00031972
30.74407578	0.00142575
30.75599670	0.00457813
30.76791763	0.00685389
30.77983856	0.00747908
30.79175949	0.00723875
30.80368042	0.00528106
30.81560135	0.00209360
30.82752228	0.00051511
30.83944321	0.00049203
30.85136414	0.00055275
30.86328506	0.00052244
30.87520599	0.00011344
30.88712692	0.00022287
30.89904785	0.00119391
30.91096878	0.00420611
30.92288971	0.00639383
30.93481064	0.00679166
30.94673157	0.00687718
30.95865250	0.00541607
30.97057343	0.00251642
30.98249435	0.00066139
30.99441528	0.00035512
31.00633621	0.00025782
31.01825714	0.00027300
31.03017807	0.00013179
31.04209900	0.00031887
31.05401993	0.00053410
31.06594086	0.00200191
31.07786179	0.00322218
31.08978271	0.00353111
31.10170364	0.00373714
31.11362457	0.00291118
31.12554550	0.00146073
31.13746643	0.00040406
31.14938736	0.00018178
31.16130829	0.00025405
31.17322922	0.00045366
31.18515015	0.00056941
31.19707108	0.00028862
31.20899200	0.00037475
31.22091293	0.00099269
31.23283386	0.00172694
31.24475479	0.00205273
31.25667572	0.00180484
31.26859665	0.00142345
31.28051758	0.00042399
31.29243851	0.00058787
31.30435944	0.00052262
31.31628036	0.00049976
31.32820129	0.00041481
31.34012222	0.00042524
31.35204315	0.00013534
31.36396408	0.00035288
31.37588501	0.00239499
31.38780594	0.00498640
31.39972687	0.00611604
31.41164780	0.00610984
31.42356873	0.00527871
31.43548965	0.00279051
31.44741058	0.00040171
31.45933151	0.00006651
31.47125244	0.00008463
31.48317337	0.00027204
31.49509430	0.00017997
31.50701523	0.00020943
31.51893616	0.00052031
31.53085709	0.00272562
31.54277802	0.00527073
31.55469894	0.00628992
31.56661987	0.00633077
31.57854080	0.00533989
31.59046173	0.00285607
31.60238266	0.00077134
31.61430359	0.00079159
31.62622452	0.00071967
31.63814545	0.00076149
31.65006638	0.00058250
31.66198730	0.00044456
31.67390823	0.00032487
31.68582916	0.00087096
31.69775009	0.00179800
31.70967102	0.00222622
31.72159195	0.00245953
31.73351288	0.00218681
31.74543381	0.00155284
31.75735474	0.00061745
31.76927567	0.00029551
31.78119659	0.00045693
31.79311752	0.00054207
31.80503845	0.00067486
31.81695938	0.00084477
31.82888031	0.00069197
31.84080124	0.00097885
31.85272217	0.00315248
31.86464310	0.00483154
31.87656403	0.00483076
31.88848495	0.00458261
31.90040588	0.00293228
31.91232681	0.00032793
31.92424774	0.00070151
31.93616867	0.00099203
31.94808960	0.00116712
31.96001053	0.00097752
31.97193146	0.00084294
31.98385239	0.00042007
31.99577332	0.00239020
32.00769424	0.00741873
32.01961517	0.01108095
32.03153610	0.01140878
32.04345703	0.01073975
32.05537796	0.00737397
32.06729889	0.00219197
32.07921982	0.00037830
32.09114075	0.00040831
32.10306168	0.00060067
32.11498260	0.00043078
32.12690353	0.00049808
32.13882446	0.00062494
32.15074539	0.00174462
32.16266632	0.00693335
32.17458725	0.01088308
32.18650818	0.01165871
32.19842911	0.01129106
32.21035004	0.00815519
32.22227097	0.00281778
32.23419189	0.00035668
32.24611282	0.00036639
32.25803375	0.00030722
32.26995468	0.00032565
32.28187561	0.00060851
32.29379654	0.00071697
32.30571747	0.00126098
32.31763840	0.00226519
32.32955933	0.00289839
32.34148026	0.00307183
32.35340118	0.00245185
32.36532211	0.00142842
32.37724304	0.00040760
32.38916397	0.00077324
32.40108490	0.00113834
32.41300583	0.00118885
32.42492676	0.00119066
32.43684769	0.00086638
32.44876862	0.00096544
32.46068954	0.00901855
32.47261047	0.03692769
32.48453140	0.06536560
32.49645233	0.07143600
32.50837326	0.07090957
32.52029419	0.05661658
32.53221512	0.02364470
32.54413605	0.00372419
32.55605698	0.00040719
32.56797791	0.00042867
32.57989883	0.00064669
32.59181976	0.00072896
32.60374069	0.00051302
32.61566162	0.00447051
32.62758255	0.02332171
32.63950348	0.04487810
32.65142441	0.05059015
32.66334534	0.05057685
32.67526627	0.04171545
32.68718719	0.01879318
32.69910812	0.00297057
32.71102905	0.00037145
32.72294998	0.00010360
32.73487091	0.00008766
32.74679184	0.00034327
32.75871277	0.00058835
32.77063370	0.00046924
32.78255463	0.00485497
32.79447556	0.01101216
32.80639648	0.01294161
32.81831741	0.01327194
32.83023834	0.01137274
32.84215927	0.00520859
32.85408020	0.00065859
32.86600113	0.00068856
32.87792206	0.00061589
32.88984299	0.00031530
32.90176392	0.00029319
32.91368484	0.00064931
32.92560577	0.00065471
32.93752670	0.00002925
32.94944763	0.00070440
32.96136856	0.00146154
32.97328949	0.00174441
32.98521042	0.00145824
32.99713135	0.00090512
33.00905228	0.00047254
33.02097321	0.00076123
33.03289413	0.00095506
33.04481506	0.00111638
33.05673599	0.00100661
33.06865692	0.00071613
33.08057785	0.00054819
33.09249878	0.00263167
33.10441971	0.00597030
33.11634064	0.00745600
33.12826157	0.00770748
33.14018250	0.00715411
33.15210342	0.00443739
33.16402435	0.00132794
33.17594528	0.00045123
33.18786621	0.00071896
33.19978714	0.00049507
33.21170807	0.00032644
33.22362900	0.00025741
33.23554993	0.00036439
33.24747086	0.00167805
33.25939178	0.00557658
33.27131271	0.00755552
33.28323364	0.00785566
33.29515457	0.00720061
33.30707550	0.00422159
33.31899643	0.00112851
33.33091736	0.00019403
33.34283829	0.00052756
33.35475922	0.00064621
33.36668015	0.00034601
33.37860107	0.00035358
33.39052200	0.00059065
33.40244293	0.00057371
33.41436386	0.00193202
33.42628479	0.00283403
33.43820572	0.00315616
33.45012665	0.00316930
33.46204758	0.00201186
33.47396851	0.00080855
33.48588943	0.00016886
33.49781036	0.00006340
33.50973129	0.00022667
33.52165222	0.00005438
33.53357315	0.00021463
33.54549408	0.00036306
33.55741501	0.00044468
33.56933594	0.00106533
33.58125687	0.00192604
33.59317780	0.00231022
33.60509872	0.00237317
33.61701965	0.00211434
33.62894058	0.00099805
33.64086151	0.00041048
33.65278244	0.00037849
33.66470337	0.00045915
33.67662430	0.00033862
33.68854523	0.00022437
33.70046616	0.00028799
33.71238708	0.00144273
33.72430801	0.00417431
33.73622894	0.00620173
33.74814987	0.00665131
33.76007080	0.00639112
33.77199173	0.00503621
33.78391266	0.00238919
33.79583359	0.00098860
33.80775452	0.00107244
33.81967545	0.00093230
33.83159637	0.00066812
33.84351730	0.00032701
33.85543823	0.00014111
33.86735916	0.00063603
33.87928009	0.00322574
33.89120102	0.00550632
33.90312195	0.00628673
33.91504288	0.00621199
33.92696381	0.00467618
33.93888474	0.00197751
33.95080566	0.00036574
33.96272659	0.00070316
33.97464752	0.00071016
33.98656845	0.00066663
33.99848938	0.00048477
34.01041031	0.00027252
34.02233124	0.00026163
34.03425217	0.00140588
34.04617310	0.00248059
34.05809402	0.00324168
34.07001495	0.00346408
34.08193588	0.00267310
34.09385681	0.00167415
34.10577774	0.00079097
34.11769867	0.00028627
34.12961960	0.00025854
34.14154053	0.00013791
34.15346146	0.00011463
34.16538239	0.00028408
34.17730331	0.00044510
34.18922424	0.00157765
34.20114517	0.00318155
34.21306610	0.00386257
34.22498703	0.00384157
34.23690796	0.00366741
34.24882889	0.00213412
34.26074982	0.00089470
34.27267075	0.00076005
34.28459167	0.00049137
34.29651260	0.00061130
34.30843353	0.00081930
34.32035446	0.00069369
34.33227539	0.00108093
34.34419632	0.00347281
34.35611725	0.00683944
34.36803818	0.00820494
34.37995911	0.00788830
34.39188004	0.00676655
34.40380096	0.00337774
34.41572189	0.00039394
34.42764282	0.00025004
34.43956375	0.00047596
34.45148468	0.00071172
34.46340561	0.00102722
34.47532654	0.00087793
34.48724747	0.00080698
34.49916840	0.00335064
34.51108932	0.00699750
34.52301025	0.00874440
34.53493118	0.00883180
34.54685211	0.00789302
34.55877304	0.00474922
34.57069397	0.00149472
34.58261490	0.00062568
34.59453583	0.00062072
34.60645676	0.00021276
34.61837769	0.00008508
34.63029861	0.00008559
34.64221954	0.00016792
34.65414047	0.00095076
34.66606140	0.00181579
34.67798233	0.00215241
34.68990326	0.00214845
34.70182419	0.00157532
34.71374512	0.00082066
34.72566605	0.00043525
34.73758698	0.00080053
34.74950790	0.00053394
34.76142883	0.00046797
34.77334976	0.00038896
34.78527069	0.00016651
34.79719162	0.00069957
34.80911255	0.00417701
34.82103348	0.01162865
34.83295441	0.01613704
34.84487534	0.01620079
34.85679626	0.01553350
34.86871719	0.01012018
34.88063812	0.00297408
34.89255905	0.00074320
34.90447998	0.00045793
34.91640091	0.00044322
34.92832184	0.00051522
34.94024277	0.00073374
34.95216370	0.00125267
34.96408463	0.01917579
34.97600555	0.06179938
34.98792648	0.09189638
34.99984741	0.09527521
35.01176834	0.09215833
35.02368927	0.06346467
35.03561020	0.02024771
35.04753113	0.00181131
35.05945206	0.00004453
35.07137299	0.00014596
35.08329391	0.00014839
35.09521484	0.00007328
35.10713577	0.00077133
35.11905670	0.00635583
35.13097763	0.02224381
35.14289856	0.03491961
35.15481949	0.03677992
35.16674042	0.03647408
35.17866135	0.02670484
35.19058228	0.00990226
35.20250320	0.00166829
35.21442413	0.00079762
35.22634506	0.00075611
35.23826599	0.00048266
35.25018692	0.00023062
35.26210785	0.00032604
35.27402878	0.00018580
35.28594971	0.00114364
35.29787064	0.00208854
35.30979156	0.00240262
35.32171249	0.00187929
35.33363342	0.00087836
35.34555435	0.00059727
35.35747528	0.00173101
35.36939621	0.00158457
35.38131714	0.00131200
35.39323807	0.00093661
35.40515900	0.00033432
35.41707993	0.00039966
35.42900085	0.00152670
35.44092178	0.00602873
35.45284271	0.01013823
35.46476364	0.01099299
35.47668457	0.01054505
35.48860550	0.00792334
35.50052643	0.00289384
35.51244736	0.00026619
35.52436829	0.00031590
35.53628922	0.00055053
35.54821014	0.00103137
35.56013107	0.00143531
35.57205200	0.00155136
35.58397293	0.00145058
35.59589386	0.00437406
35.60781479	0.00856506
35.61973572	0.00991729
35.63165665	0.01032122
35.64357758	0.00872620
35.65549850	0.00442330
35.66741943	0.00126098
35.67934036	0.00030940
35.69126129	0.00039660
35.70318222	0.00063483
35.71510315	0.00086411
35.72702408	0.00104208
35.73894501	0.00105672
35.75086594	0.00237160
35.76278687	0.00409444
35.77470779	0.00454702
35.78662872	0.00478263
35.79854965	0.00413030
35.81047058	0.00221500
35.82239151	0.00070786
35.83431244	0.00046298
35.84623337	0.00033143
35.85815430	0.00029909
35.87007523	0.00028762
35.88199615	0.00041023
35.89391708	0.00039647
35.90583801	0.00068859
35.91775894	0.00135857
35.92967987	0.00195350
35.94160080	0.00197100
35.95352173	0.00185380
35.96544266	0.00134409
35.97736359	0.00061777
35.98928452	0.00073613
36.00120544	0.00075415
36.01312637	0.00040093
36.02504730	0.00040658
36.03696823	0.00033375
36.04888916	0.00046021
36.06081009	0.00219908
36.07273102	0.00501940
36.08465195	0.00668114
36.09657288	0.00697895
36.10849380	0.00635053
36.12041473	0.00402447
36.13233566	0.00122613
36.14425659	0.00049304
36.15617752	0.00076433
36.16809845	0.00083049
36.18001938	0.00093553
36.19194031	0.00102349
36.20386124	0.00088686
36.21578217	0.00216144
36.22770309	0.00472868
36.23962402	0.00606333
36.25154495	0.00621681
36.26346588	0.00560525
36.27538681	0.00340274
36.28730774	0.00081729
36.29922867	0.00023775
36.31114960	0.00026667
36.32307053	0.00032017
36.33499146	0.00041275
36.34691238	0.00030402
36.35883331	0.00040998
36.37075424	0.00012920
36.38267517	0.00118612
36.39459610	0.00176848
36.40651703	0.00215507
36.41843796	0.00213334
36.43035889	0.00131996
36.44227982	0.00049800
36.45420074	0.00023267
36.46612167	0.00037759
36.47804260	0.00029843
36.48996353	0.00031939
36.50188446	0.00007774
36.51380539	0.00026661
36.52572632	0.00045205
36.53764725	0.00152478
36.54956818	0.00287328
36.56148911	0.00327542
36.57341003	0.00325753
36.58533096	0.00268671
36.59725189	0.00119298
36.60917282	0.00051723
36.62109375	0.00022801
36.63301468	0.00034848
36.64493561	0.00046072
36.65685654	0.00044548
36.66877747	0.00045458
36.68069839	0.00115113
36.69261932	0.00418338
36.70454025	0.00686424
36.71646118	0.00741541
36.72838211	0.00716271
36.74030304	0.00566098
36.75222397	0.00227200
36.76414490	0.00030486
36.77606583	0.00031329
36.78798676	0.00048383
36.79990768	0.00048313
36.81182861	0.00012980
36.82374954	0.00007245
36.83567047	0.00113718
36.84759140	0.00408030
36.85951233	0.00676848
36.87143326	0.00755886
36.88335419	0.00745447
36.89527512	0.00596222
36.90719604	0.00283891
36.91911697	0.00079599
36.93103790	0.00063552
36.94295883	0.00057595
36.95487976	0.00033959
36.96680069	0.00035626
36.97872162	0.00036401
36.99064255	0.00030062
37.00256348	0.00074620
37.01448441	0.00133823
37.02640533	0.00177209
37.03832626	0.00190674
37.05024719	0.00144421
37.06216812	0.00070510
37.07408905	0.00055027
37.08600998	0.00079570
37.09793091	0.00069820
37.10985184	0.00077336
37.12177277	0.00072724
37.13369370	0.00071714
37.14561462	0.00173112
37.15753555	0.00471959
37.16945648	0.00862868
37.18137741	0.00961629
37.19329834	0.00888160
37.20521927	0.00742234
37.21714020	0.00324218
37.22906113	0.00025634
37.24098206	0.00063336
37.25290298	0.00076306
37.26482391	0.00073061
37.27674484	0.00072515
37.28866577	0.00067827
37.30058670	0.00176151
37.31250763	0.00917350
37.32442856	0.02029749
37.33634949	0.02495109
37.34827042	0.02477739
37.36019135	0.02203361
37.37211227	0.01185995
37.38403320	0.00229594
37.39595413	0.00057228
37.40787506	0.00066351
37.41979599	0.00059544
37.43171692	0.00028038
37.44363785	0.00010475
37.45555878	0.00284301
37.46747971	0.02043346
37.47940063	0.04963875
37.49132156	0.06331915
37.50324249	0.06374953
37.51516342	0.05857030
37.52708435	0.03406047
37.53900528	0.00839743
37.55092621	0.00079366
37.56284714	0.00050232
37.57476807	0.00037021
37.58668900	0.00042905
37.59860992	0.00036689
37.61053085	0.00040328
37.62245178	0.00099560
37.63437271	0.00173195
37.64629364	0.00237705
37.65821457	0.00273133
37.67013550	0.00238655
37.68205643	0.00154809
37.69397736	0.00036768
37.70589828	0.00035680
37.71781921	0.00042046
37.72974014	0.00062056
37.74166107	0.00051806
37.75358200	0.00041219
37.76550293	0.00025485
37.77742386	0.00349112
37.78934479	0.01108410
37.80126572	0.01568476
37.81318665	0.01645321
37.82510757	0.01564481
37.83702850	0.01040231
37.84894943	0.00364875
37.86087036	0.00087512
37.87279129	0.00080289
37.88471222	0.00082783
37.89663315	0.00056838
37.90855408	0.00061862
37.92047501	0.00069906
37.93239594	0.00290453
37.94431686	0.00877139
37.95623779	0.01262734
37.96815872	0.01319818
37.98007965	0.01312215
37.99200058	0.00945319
38.00392151	0.00388504
38.01584244	0.00117467
38.02776337	0.00059876
38.03968430	0.00033729
38.05160522	0.00055632
38.06352615	0.00117487
38.07544708	0.00142296
38.08736801	0.00141031
38.09928894	0.00347576
38.11120987	0.00552574
38.12313080	0.00588041
38.13505173	0.00567086
38.14697266	0.00358120
38.15889359	0.00068746
38.17081451	0.00078221
38.18273544	0.00101264
38.19465637	0.00058510
38.20657730	0.00035746
38.21849823	0.00046850
38.23041916	0.00049245
38.24234009	0.00094400
38.25426102	0.00163272
38.26618195	0.00223173
38.27810287	0.00239799
38.29002380	0.00210668
38.30194473	0.00170219
38.31386566	0.00074309
38.32578659	0.00002165
38.33770752	0.00017202
38.34962845	0.00041758
38.36154938	0.00069727
38.37347031	0.00101034
38.38539124	0.00084313
38.39731216	0.00124589
38.40923309	0.00341939
38.42115402	0.00562543
38.43307495	0.00616837
38.44499588	0.00597139
38.45691681	0.00488179
38.46883774	0.00228687
38.48075867	0.00039148
38.49267960	0.00037864
38.50460052	0.00028952
38.51652145	0.00036999
38.52844238	0.00020047
38.54036331	0.00016409
38.55228424	0.00055121
38.56420517	0.00284845
38.57612610	0.00547409
38.58804703	0.00634430
38.59996796	0.00639486
38.61188889	0.00528561
38.62380981	0.00268703
38.63573074	0.00088991
38.64765167	0.00097270
38.65957260	0.00071199
38.67149353	0.00055013
38.68341446	0.00052499
38.69533539	0.00037783
38.70725632	0.00049710
38.71917725	0.00058961
38.73109818	0.00191625
38.74301910	0.00229901
38.75494003	0.00240399
38.76686096	0.00195727
38.77878189	0.00086873
38.79070282	0.00009181
38.80262375	0.00038475
38.81454468	0.00041878
38.82646561	0.00035078
38.83838654	0.00037063
38.85030746	0.00029711
38.86222839	0.00040390
38.87414932	0.00096705
38.88607025	0.00183902
38.89799118	0.00260693
38.90991211	0.00256340
38.92183304	0.00216709
38.93375397	0.00113334
38.94567490	0.00030461
38.95759583	0.00057095
38.96951675	0.00061357
38.98143768	0.00048166
38.99335861	0.00017681
39.00527954	0.00015209
39.01720047	0.00056188
39.02912140	0.00242398
39.04104233	0.00547624
39.05296326	0.00744913
39.06488419	0.00768258
39.07680511	0.00704593
39.08872604	0.00455502
39.10064697	0.00135201
39.11256790	0.00016695
39.12448883	0.00008208
39.13640976	0.00021855
39.14833069	0.00044614
39.16025162	0.00073336
39.17217255	0.00098501
39.18409348	0.00221301
39.19601440	0.00474105
39.20793533	0.00638676
39.21985626	0.00666994
39.23177719	0.00602115
39.24369812	0.00391360
39.25561905	0.00135697
39.26753998	0.00095714
39.27946091	0.00067760
39.29138184	0.00037164
39.30330276	0.00010495
39.31522369	0.00033140
39.32714462	0.00023767
39.33906555	0.00052273
39.35098648	0.00141774
39.36290741	0.00188724
39.37482834	0.00207301
39.38674927	0.00189362
39.39867020	0.00131741
39.41059113	0.00071949
39.42251205	0.00066927
39.43443298	0.00052381
39.44635391	0.00038914
39.45827484	0.00071834
39.47019577	0.00070593
39.48211670	0.00058992
39.49403763	0.00132319
39.50595856	0.00367718
39.51787949	0.00606837
39.52980042	0.00640639
39.54172134	0.00617141
39.55364227	0.00450430
39.56556320	0.00108694
39.57748413	0.00069371
39.58940506	0.00106270
39.60132599	0.00136128
39.61324692	0.00115205
39.62516785	0.00110554
39.63708878	0.00091302
39.64900970	0.00144633
39.66093063	0.00736689
39.67285156	0.01311664
39.68477249	0.01454712
39.69669342	0.01444728
39.70861435	0.01137593
39.72053528	0.00445754
39.73245621	0.00071576
39.74437714	0.00048644
39.75629807	0.00049433
39.76821899	0.00024102
39.78013992	0.00068336
39.79206085	0.00093852
39.80398178	0.00302556
39.81590271	0.00990700
39.82782364	0.01680568
39.83974457	0.01820603
39.85166550	0.01742951
39.86358643	0.01366772
39.87550735	0.00531492
39.88742828	0.00102528
39.89934921	0.00131860
39.91127014	0.00093710
39.92319107	0.00058399
39.93511200	0.00016343
39.94703293	0.00013557
39.95895386	0.00023636
39.97087479	0.00092944
39.98279572	0.00140637
39.99471664	0.00181603
40.00663757	0.00208574
40.01855850	0.00192695
40.03047943	0.00133077
40.04240036	0.00044381
40.05432129	0.00038499
40.06624222	0.00040723
40.07816315	0.00038343
40.09008408	0.00035520
40.10200500	0.00038445
40.11392593	0.00232115
40.12584686	0.01605030
40.13776779	0.03458090
40.14968872	0.04111055
40.16160965	0.04151719
40.17353058	0.03635421
40.18545151	0.01884978
40.19737244	0.00431015
40.20929337	0.00097798
40.22121429	0.00104544
40.23313522	0.00082118
40.24505615	0.00069266
40.25697708	0.00079488
40.26889801	0.00102633
40.28081894	0.00706490
40.29273987	0.01681624
40.30466080	0.02076391
40.31658173	0.02119781
40.32850266	0.01924077
40.34042358	0.01062312
40.35234451	0.00256788
40.36426544	0.00033075
40.37618637	0.00021997
40.38810730	0.00013092
40.40002823	0.00020243
40.41194916	0.00007725
40.42387009	0.00015359
40.43579102	0.00202863
40.44771194	0.00607307
40.45963287	0.00791545
40.47155380	0.00813247
40.48347473	0.00751293
40.49539566	0.00407901
40.50731659	0.00071596
40.51923752	0.00053849
40.53115845	0.00037242
40.54307938	0.00040331
40.55500031	0.00049461
40.56692123	0.00035056
40.57884216	0.00018025
40.59076309	0.00049222
40.60268402	0.00113133
40.61460495	0.00162299
40.62652588	0.00161666
40.63844681	0.00135179
40.65036774	0.00102484
40.66228867	0.00044032
40.67420959	0.00034727
40.68613052	0.00025778
40.69805145	0.00015418
40.70997238	0.00018682
40.72189331	0.00018475
40.73381424	0.00037038
40.74573517	0.00201035
40.75765610	0.00510439
40.76957703	0.00699487
40.78149796	0.00722939
40.79341888	0.00651991
40.80533981	0.00427823
40.81726074	0.00144862
40.82918167	0.00042693
40.84110260	0.00059524
40.85302353	0.00067660
40.86494446	0.00056459
40.87686539	0.00044351
40.88878632	0.00039069
40.90070724	0.00164823
40.91262817	0.00475458
40.92454910	0.00691542
40.93647003	0.00755814
40.94839096	0.00737158
40.96031189	0.00513933
40.97223282	0.00198859
40.98415375	0.00034975
40.99607468	0.00025548
41.00799561	0.00046065
41.01991653	0.00054210
41.03183746	0.00082620
41.04375839	0.00074024
41.05567932	0.00085896
41.06760025	0.00203576
41.07952118	0.00256738
41.09144211	0.00253837
41.10336304	0.00260379
41.11528397	0.00177417
41.12720490	0.00085053
41.13912582	0.00054540
41.15104675	0.00053405
41.16296768	0.00068497
41.17488861	0.00069533
41.18680954	0.00064127
41.19873047	0.00048851
41.21065140	0.00087547
41.22257233	0.00166664
41.23449326	0.00242231
41.24641418	0.00237249
41.25833511	0.00174481
41.27025604	0.00118467
41.28217697	0.00043377
41.29409790	0.00100269
41.30601883	0.00088826
41.31793976	0.00102672
41.32986069	0.00112310
41.34178162	0.00089588
41.35370255	0.00072135
41.36562347	0.00033494
41.37754440	0.00252289
41.38946533	0.00509846
41.40138626	0.00598403
41.41330719	0.00588782
41.42522812	0.00507303
41.43714905	0.00271077
41.44906998	0.00082533
41.46099091	0.00057513
41.47291183	0.00053268
41.48483276	0.00049578
41.49675369	0.00030909
41.50867462	0.00004531
41.52059555	0.00046941
41.53251648	0.00304666
41.54443741	0.00584677
41.55635834	0.00697727
41.56827927	0.00699654
41.58020020	0.00575214
41.59212112	0.00296161
41.60404205	0.00082560
41.61596298	0.00051545
41.62788391	0.00033725
41.63980484	0.00029469
41.65172577	0.00023871
41.66364670	0.00017351
41.67556763	0.00010485
41.68748856	0.00087559
41.69940948	0.00183605
41.71133041	0.00209465
41.72325134	0.00214028
41.73517227	0.00166894
41.74709320	0.00096328
41.75901413	0.00046874
41.77093506	0.00030752
41.78285599	0.00036335
41.79477692	0.00025925
41.80669785	0.00029618
41.81861877	0.00035237
41.83053970	0.00065921
41.84246063	0.00170600
41.85438156	0.00361928
41.86630249	0.00448853
41.87822342	0.00416737
41.89014435	0.00401182
41.90206528	0.00254513
41.91398621	0.00086519
41.92590714	0.00055822
41.93782806	0.00027069
41.94974899	0.00001400
41.96166992	0.00027261
41.97359085	0.00076628
41.98551178	0.00050971
41.99743271	0.00231713
42.00935364	0.00705849
42.02127457	0.01001525
42.03319550	0.01042143
42.04511642	0.01000579
42.05703735	0.00662834
42.06895828	0.00224044
42.08087921	0.00083661
42.09280014	0.00071348
42.10472107	0.00041135
42.11664200	0.00034149
42.12856293	0.00032249
42.14048386	0.00031318
42.15240479	0.00234190
42.16432571	0.00740935
42.17624664	0.01081723
42.18816757	0.01134555
42.20008850	0.01080785
42.21200943	0.00752314
42.22393036	0.00271205
42.23585129	0.00080052
42.24777222	0.00104857
42.25969315	0.00110864
42.27161407	0.00104661
42.28353500	0.00103443
42.29545593	0.00113570
42.30737686	0.00075595
42.31929779	0.00054853
42.33121872	0.00110557
42.34313965	0.00170250
42.35506058	0.00186273
42.36698151	0.00159466
42.37890244	0.00108486
42.39082336	0.00072305
42.40274429	0.00091382
42.41466522	0.00078704
42.42658615	0.00045002
42.43850708	0.00056196
42.45042801	0.00037215
42.46234894	0.00851398
42.47426987	0.03171253
42.48619080	0.05156933
42.49811172	0.05463061
42.51003265	0.05377677
42.52195358	0.04029476
42.53387451	0.01496107
42.54579544	0.00218077
42.55771637	0.00086423
42.56963730	0.00060246
42.58155823	0.00026332
42.59347916	0.00068097
42.60540009	0.00147975
42.61732101	0.00882167
42.62924194	0.03331508
42.64116287	0.05651534
42.65308380	0.06093199
42.66500473	0.06024304
42.67692566	0.04691900
42.68884659	0.01922977
42.70076752	0.00300828
42.71268845	0.00068449
42.72460938	0.00073294
42.73653030	0.00079869
42.74845123	0.00082231
42.76037216	0.00086804
42.77229309	0.00183245
42.78421402	0.00710211
42.79613495	0.01283869
42.80805588	0.01417494
42.81997681	0.01435513
42.83189774	0.01171025
42.84381866	0.00530775
42.85573959	0.00135724
42.86766052	0.00039380
42.87958145	0.00049586
42.89150238	0.00063289
42.90342331	0.00033883
42.91534424	0.00028961
42.92726517	0.00014239
42.93918610	0.00097361
42.95110703	0.00171972
42.96302795	0.00211753
42.97494888	0.00180799
42.98686981	0.00118045
42.99879074	0.00026308
43.01071167	0.00068768
43.02263260	0.00073316
43.03455353	0.00054075
43.04647446	0.00037249
43.05839539	0.00005159
43.07031631	0.00029133
43.08223724	0.00065421
43.09415817	0.00327858
43.10607910	0.00672681
43.11800003	0.00817291
43.12992096	0.00819052
43.14184189	0.00694445
43.15376282	0.00366814
43.16568375	0.00076684
43.17760468	0.00034174
43.18952560	0.00008212
43.20144653	0.00021244
43.21336746	0.00018186
43.22528839	0.00011108
43.23720932	0.00028060
43.24913025	0.00253955
43.26105118	0.00636745
43.27297211	0.00811827
43.28489304	0.00867580
43.29681396	0.00799370
43.30873489	0.00483428
43.32065582	0.00153301
43.33257675	0.00015134
43.34449768	0.00001891
43.35641861	0.00035418
43.36833954	0.00066339
43.38026047	0.00050950
43.39218140	0.00057566
43.40410233	0.00036446
43.41602325	0.00224012
43.42794418	0.00309115
43.43986511	0.00345173
43.45178604	0.00309786
43.46370697	0.00153604
43.47562790	0.00036120
43.48754883	0.00106262
43.49946976	0.00115280
43.51139069	0.00096326
43.52331161	0.00107679
43.53523254	0.00081809
43.54715347	0.00067676
43.55907440	0.00114367
43.57099533	0.00173355
43.58291626	0.00229313
43.59483719	0.00241233
43.60675812	0.00233691
43.61867905	0.00191734
43.63059998	0.00089747
43.64252090	0.00054505
43.65444183	0.00058238
43.66636276	0.00033247
43.67828369	0.00024044
43.69020462	0.00014708
43.70212555	0.00056275
43.71404648	0.00054073
43.72596741	0.00338947
43.73788834	0.00564324
43.74980927	0.00634877
43.76173019	0.00625916
43.77365112	0.00461969
43.78557205	0.00193251
43.79749298	0.00091048
43.80941391	0.00098205
43.82133484	0.00088243
43.83325577	0.00087327
43.84517670	0.00081356
43.85709763	0.00050582
43.86901855	0.00127495
43.88093948	0.00398740
43.89286041	0.00594245
43.90478134	0.00647450
43.91670227	0.00628160
43.92862320	0.00451428
43.94054413	0.00167881
43.95246506	0.00005029
43.96438599	0.00023680
43.97630692	0.00033427
43.98822784	0.00052335
44.00014877	0.00078202
44.01206970	0.00073191
44.02399063	0.00064697
44.03591156	0.00109526
44.04783249	0.00106385
44.05975342	0.00085364
44.07167435	0.00068856
44.08359528	0.00034380
44.09551620	0.00030967
44.10743713	0.00053018
44.11935806	0.00052853
44.13127899	0.00026900
44.14319992	0.00032604
44.15512085	0.00038894
44.16704178	0.00052860
44.17896271	0.00078949
44.19088364	0.00192480
44.20280457	0.00347602
44.21472549	0.00382263
44.22664642	0.00352606
44.23856735	0.00306067
44.25048828	0.00135363
44.26240921	0.00018971
44.27433014	0.00024878
44.28625107	0.00034648
44.29817200	0.00041249
44.31009293	0.00040294
44.32201385	0.00052406
44.33393478	0.00052591
44.34585571	0.00323699
44.35777664	0.00699048
44.36969757	0.00844891
44.38161850	0.00831127
44.39353943	0.00696725
44.40546036	0.00303914
44.41738129	0.00031330
44.42930222	0.00057790
44.44122314	0.00061369
44.45314407	0.00043841
44.46506500	0.00020762
44.47698593	0.00028937
44.48890686	0.00096512
44.50082779	0.00384327
44.51274872	0.00725989
44.52466965	0.00835685
44.53659058	0.00793567
44.54851151	0.00657612
44.56043243	0.00318530
44.57235336	0.00058539
44.58427429	0.00104271
44.59619522	0.00118054
44.60811615	0.00118761
44.62003708	0.00092067
44.63195801	0.00049756
44.64387894	0.00010910
44.65579987	0.00098398
44.66772079	0.00174095
44.67964172	0.00206932
44.69156265	0.00223030
44.70348358	0.00174960
44.71540451	0.00102995
44.72732544	0.00067160
44.73924637	0.00080857
44.75116730	0.00075445
44.76308823	0.00058134
44.77500916	0.00038802
44.78693008	0.00027219
44.79885101	0.00075041
44.81077194	0.00461808
44.82269287	0.01159717
44.83461380	0.01501976
44.84653473	0.01483660
44.85845566	0.01378181
44.87037659	0.00804782
44.88229752	0.00179732
44.89421844	0.00051046
44.90613937	0.00063923
44.91806030	0.00052984
44.92998123	0.00017663
44.94190216	0.00005532
44.95382309	0.00224709
44.96574402	0.01906738
44.97766495	0.05274822
44.98958588	0.07233857
45.00150681	0.07361519
45.01342773	0.06990368
45.02534866	0.04444927
45.03726959	0.01232755
45.04919052	0.00072301
45.06111145	0.00032279
45.07303238	0.00047182
45.08495331	0.00026376
45.09687424	0.00050417
45.10879517	0.00139628
45.12071609	0.00986164
45.13263702	0.02979522
45.14455795	0.04267984
45.15647888	0.04369417
45.16839981	0.04208997
45.18032074	0.02803396
45.19224167	0.00856932
45.20416260	0.00068845
45.21608353	0.00001066
45.22800446	0.00031493
45.23992538	0.00041627
45.25184631	0.00057963
45.26376724	0.00081102
45.27568817	0.00019841
45.28760910	0.00076274
45.29953003	0.00139632
45.31145096	0.00182286
45.32337189	0.00177062
45.33529282	0.00127285
45.34721375	0.00056177
45.35913467	0.00056870
45.37105560	0.00065333
45.38297653	0.00070513
45.39489746	0.00055969
45.40681839	0.00032716
45.41873932	0.00045261
45.43066025	0.00084641
45.44258118	0.00538623
45.45450211	0.00924490
45.46642303	0.01034119
45.47834396	0.01055818
45.49026489	0.00818992
45.50218582	0.00353688
45.51410675	0.00110507
45.52602768	0.00121179
45.53794861	0.00132813
45.54986954	0.00096918
45.56179047	0.00074404
45.57371140	0.00033060
45.58563232	0.00097989
45.59755325	0.00502980
45.60947418	0.00910852
45.62139511	0.01036358
45.63331604	0.01058880
45.64523697	0.00834203
45.65715790	0.00373684
45.66907883	0.00060711
45.68099976	0.00025251
45.69292068	0.00016769
45.70484161	0.00033448
45.71676254	0.00054432
45.72868347	0.00066345
45.74060440	0.00068097
45.75252533	0.00171718
45.76444626	0.00377149
45.77636719	0.00445244
45.78828812	0.00486884
45.80020905	0.00401466
45.81212997	0.00191720
45.82405090	0.00072091
45.83597183	0.00052006
45.84789276	0.00029187
45.85981369	0.00043944
45.87173462	0.00066493
45.88365555	0.00086716
45.89557648	0.00086514
45.90749741	0.00060113
45.91941833	0.00091393
45.93133926	0.00156844
45.94326019	0.00189192
45.95518112	0.00200916
45.96710205	0.00135913
45.97902298	0.00050052
45.99094391	0.00040534
46.00286484	0.00037141
46.01478577	0.00052609
46.02670670	0.00058691
46.03862762	0.00049139
46.05054855	0.00063207
46.06246948	0.00260841
46.07439041	0.00515091
46.08631134	0.00626364
46.09823227	0.00615255
46.11015320	0.00519765
46.12207413	0.00280303
46.13399506	0.00043653
46.14591599	0.00048985
46.15783691	0.00054310
46.16975784	0.00078272
46.18167877	0.00066395
46.19359970	0.00052679
46.20552063	0.00042351
46.21744156	0.00237417
46.22936249	0.00534829
46.24128342	0.00666462
46.25320435	0.00682701
46.26512527	0.00595874
46.27704620	0.00338667
46.28896713	0.00076921
46.30088806	0.00062665
46.31280899	0.00061154
46.32472992	0.00044891
46.33665085	0.00046616
46.34857178	0.00076461
46.36049271	0.00075858
46.37241364	0.00127202
46.38433456	0.00227369
46.39625549	0.00256578
46.40817642	0.00270440
46.42009735	0.00232546
46.43201828	0.00117261
46.44393921	0.00011438
46.45586014	0.00050161
46.46778107	0.00048714
46.47970200	0.00047776
46.49162292	0.00071146
46.50354385	0.00065545
46.51546478	0.00089029
46.52738571	0.00155970
46.53930664	0.00259118
46.55122757	0.00344806
46.56314850	0.00321930
46.57506943	0.00277126
46.58699036	0.00180750
46.59891129	0.00034601
46.61083221	0.00059477
46.62275314	0.00074557
46.63467407	0.00093287
46.64659500	0.00077850
46.65851593	0.00076018
46.67043686	0.00068591
46.68235779	0.00186409
46.69427872	0.00492627
46.70619965	0.00715561
46.71812057	0.00734351
46.73004150	0.00678075
46.74196243	0.00470342
46.75388336	0.00128277
46.76580429	0.00050720
46.77772522	0.00059506
46.78964615	0.00072917
46.80156708	0.00051771
46.81348801	0.00031439
46.82540894	0.00044059
46.83732986	0.00206954
46.84925079	0.00548971
46.86117172	0.00804846
46.87309265	0.00849408
46.88501358	0.00779716
46.89693451	0.00559544
46.90885544	0.00210949
46.92077637	0.00047408
46.93269730	0.00073923
46.94461823	0.00077017
46.95653915	0.00045614
46.96846008	0.00008851
46.98038101	0.00030010
46.99230194	0.00045353
47.00422287	0.00110177
47.01614380	0.00165637
47.02806473	0.00206085
47.03998566	0.00199660
47.05190659	0.00132681
47.06382751	0.00065082
47.07574844	0.00016778
47.08766937	0.00039571
47.09959030	0.00094183
47.11151123	0.00112377
47.12343216	0.00136076
47.13535309	0.00128188
47.14727402	0.00077442
47.15919495	0.00383648
47.17111588	0.00783539
47.18303680	0.00900394
47.19495773	0.00891667
47.20687866	0.00739744
47.21879959	0.00306690
47.23072052	0.00034608
47.24264145	0.00028059
47.25456238	0.00023495
47.26648331	0.00038130
47.27840424	0.00055459
47.29032516	0.00050843
47.30224609	0.00224870
47.31416702	0.00982368
47.32608795	0.01955380
47.33800888	0.02277693
47.34992981	0.02264805
47.36185074	0.01951640
47.37377167	0.00950879
47.38569260	0.00156097
47.39761353	0.00014178
47.40953445	0.00016467
47.42145538	0.00033927
47.43337631	0.00059408
47.44529724	0.00080414
47.45721817	0.00367393
47.46913910	0.01948149
47.48106003	0.04199498
47.49298096	0.05050812
47.50490189	0.05036544
47.51682281	0.04432132
47.52874374	0.02300186
47.54066467	0.00435442
47.55258560	0.00023778
47.56450653	0.00010876
47.57642746	0.00022563
47.58834839	0.00062551
47.60026932	0.00089294
47.61219025	0.00107549
47.62411118	0.00180628
47.63603210	0.00236156
47.64795303	0.00246221
47.65987396	0.00201103
47.67179489	0.00133280
47.68371582	0.00104624
47.69563675	0.00107962
47.70755768	0.00115916
47.71947861	0.00136885
47.73139954	0.00140722
47.74332047	0.00145521
47.75524139	0.00141280
47.76716232	0.00166967
47.77908325	0.00581574
47.79100418	0.01342206
47.80292511	0.01734865
47.81484604	0.01775507
47.82676697	0.01638710
47.83868790	0.01005884
47.85060883	0.00291785
47.86252975	0.00040613
47.87445068	0.00037866
47.88637161	0.00053122
47.89829254	0.00063761
47.91021347	0.00087705
47.92213440	0.00097223
47.93405533	0.00375853
47.94597626	0.00997994
47.95789719	0.01355167
47.96981812	0.01398894
47.98173904	0.01329440
47.99365997	0.00865572
48.00558090	0.00280075
48.01750183	0.00027698
48.02942276	0.00028051
48.04134369	0.00037777
48.05326462	0.00070806
48.06518555	0.00062967
48.07710648	0.00037621
48.08902740	0.00090537
48.10094833	0.00405361
48.11286926	0.00584878
48.12479019	0.00603497
48.13671112	0.00589146
48.14863205	0.00373432
48.16055298	0.00111770
48.17247391	0.00023716
48.18439484	0.00033727
48.19631577	0.00018819
48.20823669	0.00019721
48.22015762	0.00054683
48.23207855	0.00080370
48.24399948	0.00056736
48.25592041	0.00069672
48.26784134	0.00123595
48.27976227	0.00161940
48.29168320	0.00153368
48.30360413	0.00141530
48.31552505	0.00097036
48.32744598	0.00079752
48.33936691	0.00069250
48.35128784	0.00044319
48.36320877	0.00042987
48.37512970	0.00058640
48.38705063	0.00049971
48.39897156	0.00136385
48.41089249	0.00402571
48.42281342	0.00629512
48.43473434	0.00684908
48.44665527	0.00628861
48.45857620	0.00441481
48.47049713	0.00155376
48.48241806	0.00022284
48.49433899	0.00019186
48.50625992	0.00017478
48.51818085	0.00035876
48.53010178	0.00051845
48.54202271	0.00034064
48.55394363	0.00050658
48.56586456	0.00300830
48.57778549	0.00533879
48.58970642	0.00607977
48.60162735	0.00613277
48.61354828	0.00475036
48.62546921	0.00207667
48.63739014	0.00057701
48.64931107	0.00063988
48.66123199	0.00061692
48.67315292	0.00067289
48.68507385	0.00067754
48.69699478	0.00059948
48.70891571	0.00053329
48.72083664	0.00093273
48.73275757	0.00187029
48.74467850	0.00212923
48.75659943	0.00223089
48.76852036	0.00184203
48.78044128	0.00116156
48.79236221	0.00067575
48.80428314	0.00058011
48.81620407	0.00078789
