Частота	Канал A
(kГц)	(В)

0.00000000	0.07906344
0.01192093	0.05508346
0.02384186	0.03749900
0.03576279	0.01167348
0.04768372	0.00250607
0.05960464	0.00288275
0.07152557	0.00310286
0.08344650	0.00326560
0.09536743	0.00333132
0.10728836	0.00306682
0.11920929	0.00267909
0.13113022	0.00255252
0.14305115	0.00262777
0.15497208	0.00231629
0.16689301	0.02342617
0.17881393	0.06305822
0.19073486	0.08279905
0.20265579	0.08391935
0.21457672	0.07826734
0.22649765	0.04606904
0.23841858	0.01070185
0.25033951	0.00196092
0.26226044	0.00216503
0.27418137	0.00182859
0.28610229	0.00140847
0.29802322	0.00136025
0.30994415	0.00149290
0.32186508	0.00164498
0.33378601	0.00201830
0.34570694	0.00196975
0.35762787	0.00453500
0.36954880	0.03205431
0.38146973	0.07019164
0.39339066	0.08355296
0.40531158	0.08362340
0.41723251	0.07310670
0.42915344	0.03644879
0.44107437	0.00606060
0.45299530	0.00175114
0.46491623	0.00180849
0.47683716	0.00181193
0.48875809	0.00199943
0.50067902	0.00207904
0.51259995	0.00207864
0.52452087	0.00203751
0.53644180	0.00185416
0.54836273	0.00148895
0.56028366	0.00882461
0.57220459	0.04171991
0.58412552	0.07635563
0.59604645	0.08450050
0.60796738	0.08378989
0.61988831	0.06685247
0.63180923	0.02719374
0.64373016	0.00225060
0.65565109	0.00256159
0.66757202	0.00223120
0.67949295	0.00148996
0.69141388	0.00139192
0.70333481	0.00170196
0.71525574	0.00186118
0.72717667	0.00202666
0.73909760	0.00201002
0.75101852	0.00136776
0.76293945	0.01346192
0.77486038	0.05017715
0.78678131	0.07916994
0.79870224	0.08291798
0.81062317	0.08094414
0.82254410	0.05797567
0.83446503	0.01898231
0.84638596	0.00279387
0.85830688	0.00338240
0.87022781	0.00328964
0.88214874	0.00304734
0.89406967	0.00271960
0.90599060	0.00243310
0.91791153	0.00221930
0.92983246	0.00194286
0.94175339	0.00174379
0.95367432	0.00204800
0.96559525	0.02018685
0.97751617	0.05850299
0.98943710	0.08090337
1.00135803	0.08256644
1.01327896	0.07848440
1.02519989	0.04946695
1.03712082	0.01285170
1.04904175	0.00193668
1.06096268	0.00225290
1.07288361	0.00201985
1.08480453	0.00190527
1.09672546	0.00192448
1.10864639	0.00186571
1.12056732	0.00167208
1.13248825	0.00126355
1.14440918	0.00107382
1.15633011	0.00346666
1.16825104	0.02743596
1.18017197	0.06540626
1.19209290	0.08158652
1.20401382	0.08240603
1.21593475	0.07459336
1.22785568	0.04048824
1.23977661	0.00809301
1.25169754	0.00203380
1.26361847	0.00256358
1.27553940	0.00266827
1.28746033	0.00259333
1.29938126	0.00251596
1.31130219	0.00216723
1.32322311	0.00174410
1.33514404	0.00157794
1.34706497	0.00133052
1.35898590	0.00618437
1.37090683	0.03552414
1.38282776	0.07087838
1.39474869	0.08101185
1.40666962	0.08076032
1.41859055	0.06761638
1.43051147	0.03027281
1.44243240	0.00391947
1.45435333	0.00291146
1.46627426	0.00288167
1.47819519	0.00256693
1.49011612	0.00231830
1.50203705	0.00222712
1.51395798	0.00205852
1.52587891	0.00203895
1.53779984	0.00218550
1.54972076	0.00183919
1.56164169	0.01026211
1.57356262	0.04389138
1.58548355	0.07458898
1.59740448	0.08011061
1.60932541	0.07911953
1.62124634	0.06012613
1.63316727	0.02207376
1.64508820	0.00292147
1.65700912	0.00321455
1.66893005	0.00278381
1.68085098	0.00189987
1.69277191	0.00145326
1.70469284	0.00154500
1.71661377	0.00155460
1.72853470	0.00170523
1.74045563	0.00171509
1.75237656	0.00122991
1.76429749	0.01647416
1.77621841	0.05306448
1.78813934	0.07802692
1.80006027	0.08053508
1.81198120	0.07761588
1.82390213	0.05207082
1.83582306	0.01513343
1.84774399	0.00232754
1.85966492	0.00277929
1.87158585	0.00245532
1.88350677	0.00192851
1.89542770	0.00149283
1.90734863	0.00093566
1.91926956	0.00019097
1.93119049	0.00035354
1.94311142	0.00058903
1.95503235	0.00239846
1.96695328	0.02280750
1.97887421	0.05922944
1.99079514	0.07723022
2.00271606	0.07821123
2.01463699	0.07290763
2.02655792	0.04283470
2.03847885	0.01006068
2.05039978	0.00124543
2.06232071	0.00169548
2.07424164	0.00183131
2.08616257	0.00186134
2.09808350	0.00165213
2.11000443	0.00131682
2.12192535	0.00101058
2.13384628	0.00044887
2.14576721	0.00051796
2.15768814	0.00473466
2.16960907	0.03023948
2.18153000	0.06488680
2.19345093	0.07684018
2.20537186	0.07693071
2.21729279	0.06696626
2.22921371	0.03256423
2.24113464	0.00452684
2.25305557	0.00293992
2.26497650	0.00284909
2.27689743	0.00226270
2.28881836	0.00194667
2.30073929	0.00219439
2.31266022	0.00207948
2.32458115	0.00155662
2.33650208	0.00082278
2.34842300	0.00035311
2.36034393	0.00881247
2.37226486	0.03849259
2.38418579	0.06946703
2.39610672	0.07672555
2.40802765	0.07649796
2.41994858	0.06149636
2.43186951	0.02550840
2.44379044	0.00369557
2.45571136	0.00336573
2.46763229	0.00312000
2.47955322	0.00236881
2.49147415	0.00172152
2.50339508	0.00121448
2.51531601	0.00097911
2.52723694	0.00094360
2.53915787	0.00092777
2.55107880	0.00028006
2.56299973	0.01201492
2.57492065	0.04485901
2.58684158	0.07101223
2.59876251	0.07503406
2.61068344	0.07382439
2.62260437	0.05323536
2.63452530	0.01788911
2.64644623	0.00280325
2.65836716	0.00297306
2.67028809	0.00260804
2.68220901	0.00193398
2.69412994	0.00156081
2.70605087	0.00129253
2.71797180	0.00125342
2.72989273	0.00123714
2.74181366	0.00089646
2.75373459	0.00285587
2.76565552	0.01952984
2.77757645	0.05308774
2.78949738	0.07250978
2.80141830	0.07400747
2.81333923	0.07033519
2.82526016	0.04425176
2.83718109	0.01177153
2.84910202	0.00247993
2.86102295	0.00283240
2.87294388	0.00266348
2.88486481	0.00238199
2.89678574	0.00225617
2.90870667	0.00186125
2.92062759	0.00139881
2.93254852	0.00097754
2.94446945	0.00069617
2.95639038	0.00298612
2.96831131	0.02418566
2.98023224	0.05740986
2.99215317	0.07160305
3.00407410	0.07236317
3.01599503	0.06543597
3.02791595	0.03519318
3.03983688	0.00717375
3.05175781	0.00355705
3.06367874	0.00321773
3.07559967	0.00248086
3.08752060	0.00193965
3.09944153	0.00175528
3.11136246	0.00109434
3.12328339	0.00048055
3.13520432	0.00072811
3.14712524	0.00104798
3.15904617	0.00714058
3.17096710	0.03201555
3.18288803	0.06154331
3.19480896	0.06986436
3.20672989	0.06973496
3.21865082	0.05828766
3.23057175	0.02599636
3.24249268	0.00367879
3.25441360	0.00295627
3.26633453	0.00269533
3.27825546	0.00200471
3.29017639	0.00141355
3.30209732	0.00108799
3.31401825	0.00112921
3.32593918	0.00151139
3.33786011	0.00135273
3.34978104	0.00149857
3.36170197	0.01024269
3.37362289	0.03838440
3.38554382	0.06405436
3.39746475	0.06888693
3.40938568	0.06837336
3.42130661	0.05209620
3.43322754	0.01944715
3.44514847	0.00295513
3.45706940	0.00289986
3.46899033	0.00273888
3.48091125	0.00228018
3.49283218	0.00191352
3.50475311	0.00147374
3.51667404	0.00162586
3.52859497	0.00221179
3.54051590	0.00196371
3.55243683	0.00276151
3.56435776	0.01520199
3.57627869	0.04465308
3.58819962	0.06462035
3.60012054	0.06685814
3.61204147	0.06495734
3.62396240	0.04382030
3.63588333	0.01312919
3.64780426	0.00259393
3.65972519	0.00233989
3.67164612	0.00179282
3.68356705	0.00085053
3.69548798	0.00040638
3.70740891	0.00029334
3.71932983	0.00032043
3.73125076	0.00079769
3.74317169	0.00099479
3.75509262	0.00307172
3.76701355	0.01943992
3.77893448	0.04891202
3.79085541	0.06353735
3.80277634	0.06457051
3.81469727	0.06032360
3.82661819	0.03520820
3.83853912	0.00818132
3.85046005	0.00318912
3.86238098	0.00305353
3.87430191	0.00247831
3.88622284	0.00160324
3.89814377	0.00106246
3.91006470	0.00056205
3.92198563	0.00095361
3.93390656	0.00120438
3.94582748	0.00147078
3.95774841	0.00541336
3.96966934	0.02568767
3.98159027	0.05347754
3.99351120	0.06307513
4.00543213	0.06325173
4.01735306	0.05518698
4.02927399	0.02694246
4.04119492	0.00409140
4.05311584	0.00243001
4.06503677	0.00268931
4.07695770	0.00240287
4.08887863	0.00151605
4.10079956	0.00112460
4.11272049	0.00112536
4.12464142	0.00108982
4.13656235	0.00060420
4.14848328	0.00100364
4.16040421	0.00742715
4.17232513	0.03106723
4.18424606	0.05577393
4.19616699	0.06155201
4.20808792	0.06111160
4.22000885	0.04848266
4.23192978	0.01931433
4.24385071	0.00297720
4.25577164	0.00306059
4.26769257	0.00260191
4.27961349	0.00200632
4.29153442	0.00168887
4.30345535	0.00116703
4.31537628	0.00057276
4.32729721	0.00097763
4.33921814	0.00160033
4.35113907	0.00244141
4.36306000	0.01097032
4.37498093	0.03625848
4.38690186	0.05637996
4.39882278	0.05925997
4.41074371	0.05806705
4.42266464	0.04140995
4.43458557	0.01328840
4.44650650	0.00217404
4.45842743	0.00287431
4.47034836	0.00279308
4.48226929	0.00189191
4.49419022	0.00090968
4.50611115	0.00032281
4.51803207	0.00077758
4.52995300	0.00142113
4.54187393	0.00174638
4.55379486	0.00294874
4.56571579	0.01526432
4.57763672	0.04128187
4.58955765	0.05662770
4.60147858	0.05808268
4.61339951	0.05543471
4.62532043	0.03495090
4.63724136	0.00926215
4.64916229	0.00228030
4.66108322	0.00260677
4.67300415	0.00243519
4.68492508	0.00165767
4.69684601	0.00086024
4.70876694	0.00051620
4.72068787	0.00141339
4.73260880	0.00199857
4.74452972	0.00229113
4.75645065	0.00430852
4.76837158	0.01961798
4.78029251	0.04436873
4.79221344	0.05469875
4.80413437	0.05509945
4.81605530	0.04981942
4.82797623	0.02660034
4.83989716	0.00468395
4.85181808	0.00159416
4.86373901	0.00154070
4.87565994	0.00105148
4.88758087	0.00030642
4.89950180	0.00038921
4.91142273	0.00010562
4.92334366	0.00095814
4.93526459	0.00177787
4.94718552	0.00219629
4.95910645	0.00609790
4.97102737	0.02428077
4.98294830	0.04643413
4.99486923	0.05279890
5.00679016	0.05269201
5.01871109	0.04401011
5.03063202	0.01946590
5.04255295	0.00199095
5.05447388	0.00170174
5.06639481	0.00184884
5.07831573	0.00121523
5.09023666	0.00029381
5.10215759	0.00017246
5.11407852	0.00060792
5.12599945	0.00129068
5.13792038	0.00159137
5.14984131	0.00212861
5.16176224	0.00885995
5.17368317	0.02954993
5.18560410	0.04820479
5.19752502	0.05159443
5.20944595	0.05102483
5.22136688	0.03880751
5.23328781	0.01470220
5.24520874	0.00302703
5.25712967	0.00230203
5.26905060	0.00161907
5.28097153	0.00054642
5.29289246	0.00041178
5.30481339	0.00091527
5.31673431	0.00146421
5.32865524	0.00216464
5.34057617	0.00231053
5.35249710	0.00315040
5.36441803	0.01204464
5.37633896	0.03344111
5.38825989	0.04798296
5.40018082	0.04962686
5.41210175	0.04791765
5.42402267	0.03198446
5.43594360	0.00932205
5.44786453	0.00263478
5.45978546	0.00286066
5.47170639	0.00239835
5.48362732	0.00126551
5.49554825	0.00067076
5.50746918	0.00080093
5.51939011	0.00074943
5.53131104	0.00171224
5.54323196	0.00234115
5.55515289	0.00414054
5.56707382	0.01547631
5.57899475	0.03603297
5.59091568	0.04616959
5.60283661	0.04671126
5.61475754	0.04344203
5.62667847	0.02540055
5.63859940	0.00578062
5.65052032	0.00109295
5.66244125	0.00150614
5.67436218	0.00126095
5.68628311	0.00055039
5.69820404	0.00067966
5.71012497	0.00055981
5.72204590	0.00077208
5.73396683	0.00173990
5.74588776	0.00267285
5.75780869	0.00552393
5.76972961	0.01950231
5.78165054	0.03869086
5.79357147	0.04504621
5.80549240	0.04464475
5.81741333	0.03832268
5.82933426	0.01813065
5.84125519	0.00192149
5.85317612	0.00210354
5.86509705	0.00213638
5.87701797	0.00162490
5.88893890	0.00093622
5.90085983	0.00103835
5.91278076	0.00141274
5.92470169	0.00177478
5.93662262	0.00196317
5.94854355	0.00236482
5.96046448	0.00674136
5.97238541	0.02249549
5.98430634	0.03885271
5.99622726	0.04250600
6.00814819	0.04213917
6.02006912	0.03365549
6.03199005	0.01395193
6.04391098	0.00182051
6.05583191	0.00087798
6.06775284	0.00122727
6.07967377	0.00130247
6.09159470	0.00108090
6.10351563	0.00111399
6.11543655	0.00166798
6.12735748	0.00242537
6.13927841	0.00281010
6.15119934	0.00350418
6.16312027	0.00920093
6.17504120	0.02543249
6.18696213	0.03837856
6.19888306	0.04035044
6.21080399	0.03962633
6.22272491	0.02843549
6.23464584	0.00966824
6.24656677	0.00190407
6.25848770	0.00173248
6.27040863	0.00150169
6.28232956	0.00091551
6.29425049	0.00089632
6.30617142	0.00126227
6.31809235	0.00189337
6.33001328	0.00255493
6.34193420	0.00300281
6.35385513	0.00403251
6.36577606	0.01175985
6.37769699	0.02837646
6.38961792	0.03812398
6.40153885	0.03876473
6.41345978	0.03653965
6.42538071	0.02260906
6.43730164	0.00547337
6.44922256	0.00117570
6.46114349	0.00145215
6.47306442	0.00111346
6.48498535	0.00033516
6.49690628	0.00093232
6.50882721	0.00150465
6.52074814	0.00227246
6.53266907	0.00283593
6.54459000	0.00283011
6.55651093	0.00414652
6.56843185	0.01375176
6.58035278	0.02914239
6.59227371	0.03577787
6.60419464	0.03627224
6.61611557	0.03289540
6.62803650	0.01812228
6.63995743	0.00415945
6.65187836	0.00054695
6.66379929	0.00082670
6.67572021	0.00090481
6.68764114	0.00095226
6.69956207	0.00130147
6.71148300	0.00182657
6.72340393	0.00267251
6.73532486	0.00314332
6.74724579	0.00317729
6.75916672	0.00540919
6.77108765	0.01618836
6.78300858	0.02937293
6.79492950	0.03319780
6.80685043	0.03321679
6.81877136	0.02790554
6.83069229	0.01294607
6.84261322	0.00216344
6.85453415	0.00011029
6.86645508	0.00054186
6.87837601	0.00086235
6.89029694	0.00135809
6.90221786	0.00182229
6.91413879	0.00203845
6.92605972	0.00248015
6.93798065	0.00291804
6.94990158	0.00334256
6.96182251	0.00698144
6.97374344	0.01871520
6.98566437	0.02948335
6.99758530	0.03136272
7.00950623	0.03092235
7.02142715	0.02357470
7.03334808	0.00899182
7.04526901	0.00111705
7.05718994	0.00074971
7.06911087	0.00133489
7.08103180	0.00178132
7.09295273	0.00209003
7.10487366	0.00219503
7.11679459	0.00218183
7.12871552	0.00232308
7.14063644	0.00255787
7.15255737	0.00311402
7.16447830	0.00767314
7.17639923	0.01955551
7.18832016	0.02791543
7.20024109	0.02931331
7.21216202	0.02872391
7.22408295	0.01981847
7.23600388	0.00673525
7.24792480	0.00116644
7.25984573	0.00044512
7.27176666	0.00049500
7.28368759	0.00042780
7.29560852	0.00126853
7.30752945	0.00184699
7.31945038	0.00173551
7.33137131	0.00171493
7.34329224	0.00207790
7.35521317	0.00304598
7.36713409	0.00929782
7.37905502	0.02083961
7.39097595	0.02673911
7.40289688	0.02722193
7.41481781	0.02528244
7.42673874	0.01509000
7.43865967	0.00406457
7.45058060	0.00039124
7.46250153	0.00057279
7.47442245	0.00133494
7.48634338	0.00191577
7.49826431	0.00232318
7.51018524	0.00256049
7.52210617	0.00283103
7.53402710	0.00308932
7.54594803	0.00317957
7.55786896	0.00425636
7.56978989	0.01088374
7.58171082	0.02058638
7.59363174	0.02397789
7.60555267	0.02396867
7.61747360	0.02097839
7.62939453	0.01076897
7.64131546	0.00233869
7.65323639	0.00070505
7.66515732	0.00121416
7.67707825	0.00151759
7.68899918	0.00162761
7.70092010	0.00183053
7.71284103	0.00190959
7.72476196	0.00219962
7.73668289	0.00269958
7.74860382	0.00277986
7.76052475	0.00448281
7.77244568	0.01192965
7.78436661	0.01972575
7.79628754	0.02157824
7.80820847	0.02156895
7.82012939	0.01736784
7.83205032	0.00764475
7.84397125	0.00161626
7.85589218	0.00068824
7.86781311	0.00092661
7.87973404	0.00142538
7.89165497	0.00179533
7.90357590	0.00199003
7.91549683	0.00234006
7.92741776	0.00294887
7.93933868	0.00325515
7.95125961	0.00351009
7.96318054	0.00580546
7.97510147	0.01280777
7.98702240	0.01860779
7.99894333	0.01972027
8.01086426	0.01948928
8.02278519	0.01419671
8.03470612	0.00545830
8.04662704	0.00149241
8.05854797	0.00120661
8.07046890	0.00148019
8.08238983	0.00175254
8.09431076	0.00164790
8.10623169	0.00158402
8.11815262	0.00175394
8.13007355	0.00222658
8.14199448	0.00280360
8.15391541	0.00347471
8.16583633	0.00636576
8.17775726	0.01308533
8.18967819	0.01715990
8.20159912	0.01738855
8.21352005	0.01637815
8.22544098	0.01044058
8.23736191	0.00318292
8.24928284	0.00146912
8.26120377	0.00164343
8.27312469	0.00173821
8.28504562	0.00202719
8.29696655	0.00241813
8.30888748	0.00278160
8.32080841	0.00333252
8.33272934	0.00385254
8.34465027	0.00394427
8.35657120	0.00420760
8.36849213	0.00747580
8.38041306	0.01318661
8.39233398	0.01552816
8.40425491	0.01560319
8.41617584	0.01400071
8.42809677	0.00786065
8.44001770	0.00235508
8.45193863	0.00095226
8.46385956	0.00078550
8.47578049	0.00107902
8.48770142	0.00167891
8.49962234	0.00216624
8.51154327	0.00241367
8.52346420	0.00262513
8.53538513	0.00274715
8.54730606	0.00272079
8.55922699	0.00338230
8.57114792	0.00721990
8.58306885	0.01212796
8.59498978	0.01354448
8.60691071	0.01361787
8.61883163	0.01162409
8.63075256	0.00583408
8.64267349	0.00170982
8.65459442	0.00118018
8.66651535	0.00152027
8.67843628	0.00200877
8.69035721	0.00218069
8.70227814	0.00212847
8.71419907	0.00194696
8.72612000	0.00184604
8.73804092	0.00190042
8.74996185	0.00213767
8.76188278	0.00327380
8.77380371	0.00699604
8.78572464	0.01072399
8.79764557	0.01171674
8.80956650	0.01171381
8.82148743	0.00925070
8.83340836	0.00450555
8.84532928	0.00196502
8.85725021	0.00169987
8.86917114	0.00186780
8.88109207	0.00221720
8.89301300	0.00243205
8.90493393	0.00255902
8.91685486	0.00270264
8.92877579	0.00273186
8.94069672	0.00279230
8.95261765	0.00308810
8.96453857	0.00412403
8.97645950	0.00698188
8.98838043	0.00917679
9.00030136	0.00941682
9.01222229	0.00896120
9.02414322	0.00635030
9.03606415	0.00273201
9.04798508	0.00140115
9.05990601	0.00120676
9.07182693	0.00111319
9.08374786	0.00144655
9.09566879	0.00185286
9.10758972	0.00222245
9.11951065	0.00260006
9.13143158	0.00277855
9.14335251	0.00275053
9.15527344	0.00271792
9.16719437	0.00349797
9.17911530	0.00565879
9.19103622	0.00700954
9.20295715	0.00734252
9.21487808	0.00712150
9.22679901	0.00508274
9.23871994	0.00300167
9.25064087	0.00252277
9.26256180	0.00241030
9.27448273	0.00214958
9.28640366	0.00205409
9.29832458	0.00196469
9.31024551	0.00176560
9.32216644	0.00171047
9.33408737	0.00155165
9.34600830	0.00150421
9.35792923	0.00174763
9.36985016	0.00280282
9.38177109	0.00463378
9.39369202	0.00564154
9.40561295	0.00595270
9.41753387	0.00524067
9.42945480	0.00330776
9.44137573	0.00214004
9.45329666	0.00217574
9.46521759	0.00253475
9.47713852	0.00278805
9.48905945	0.00275756
9.50098038	0.00257377
9.51290131	0.00228321
9.52482224	0.00212917
9.53674316	0.00221093
9.54866409	0.00238352
9.56058502	0.00249883
9.57250595	0.00259206
9.58442688	0.00300551
9.59634781	0.00319383
9.60826874	0.00304717
9.62018967	0.00259664
9.63211060	0.00204288
9.64403152	0.00211369
9.65595245	0.00264014
9.66787338	0.00295196
9.67979431	0.00303052
9.69171524	0.00316764
9.70363617	0.00325044
9.71555710	0.00310541
9.72747803	0.00309483
9.73939896	0.00319903
9.75131989	0.00298228
9.76324081	0.00251123
9.77516174	0.00204703
9.78708267	0.00180311
9.79900360	0.00183013
9.81092453	0.00195209
9.82284546	0.00217765
9.83476639	0.00253219
9.84668732	0.00284058
9.85860825	0.00296246
9.87052917	0.00276633
9.88245010	0.00230591
9.89437103	0.00185512
9.90629196	0.00156601
9.91821289	0.00145864
9.93013382	0.00162932
9.94205475	0.00196632
9.95397568	0.00200902
9.96589661	0.00156549
9.97781754	0.00084516
9.98973846	0.00038464
10.00165939	0.00080362
10.01358032	0.00105705
10.02550125	0.00110597
10.03742218	0.00156203
10.04934311	0.00196547
10.06126404	0.00226639
10.07318497	0.00243389
10.08510590	0.00270296
10.09702682	0.00284154
10.10894775	0.00256406
10.12086868	0.00222308
10.13278961	0.00211871
10.14471054	0.00216884
10.15663147	0.00201881
10.16855240	0.00131549
10.18047333	0.00138598
10.19239426	0.00159589
10.20431519	0.00138694
10.21623611	0.00131148
10.22815704	0.00149041
10.24007797	0.00251869
10.25199890	0.00285808
10.26391983	0.00263899
10.27584076	0.00212669
10.28776169	0.00172798
10.29968262	0.00180377
10.31160355	0.00198374
10.32352448	0.00200212
10.33544540	0.00193378
10.34736633	0.00175449
10.35928726	0.00144333
10.37120819	0.00146215
10.38312912	0.00289661
10.39505005	0.00310610
10.40697098	0.00303627
10.41889191	0.00249515
10.43081284	0.00114742
10.44273376	0.00213944
10.45465469	0.00246131
10.46657562	0.00239228
10.47849655	0.00240660
10.49041748	0.00238461
10.50233841	0.00217411
10.51425934	0.00199310
10.52618027	0.00166624
10.53810120	0.00149202
10.55002213	0.00152811
10.56194305	0.00073270
10.57386398	0.00176713
10.58578491	0.00389923
10.59770584	0.00423042
10.60962677	0.00431103
10.62154770	0.00318897
10.63346863	0.00241312
10.64538956	0.00337745
10.65731049	0.00358111
10.66923141	0.00353566
10.68115234	0.00292182
10.69307327	0.00217952
10.70499420	0.00172183
10.71691513	0.00142850
10.72883606	0.00121652
10.74075699	0.00119631
10.75267792	0.00119844
10.76459885	0.00114294
10.77651978	0.00398046
10.78844070	0.00598290
10.80036163	0.00603252
10.81228256	0.00592118
10.82420349	0.00359752
10.83612442	0.00172945
10.84804535	0.00285755
10.85996628	0.00303510
10.87188721	0.00297830
10.88380814	0.00274007
10.89572906	0.00242353
10.90764999	0.00176737
10.91957092	0.00099913
10.93149185	0.00065354
10.94341278	0.00104460
10.95533371	0.00099572
10.96725464	0.00130396
10.97917557	0.00521047
10.99109650	0.00702944
11.00301743	0.00723299
11.01493835	0.00671674
11.02685928	0.00327594
11.03878021	0.00217704
11.05070114	0.00323082
11.06262207	0.00335308
11.07454300	0.00314103
11.08646393	0.00272594
11.09838486	0.00230527
11.11030579	0.00185612
11.12222672	0.00155488
11.13414764	0.00150601
11.14606857	0.00158376
11.15798950	0.00111963
11.16991043	0.00333660
11.18183136	0.00752534
11.19375229	0.00862997
11.20567322	0.00841600
11.21759415	0.00701640
11.22951508	0.00229533
11.24143600	0.00173313
11.25335693	0.00231184
11.26527786	0.00199934
11.27719879	0.00116083
11.28911972	0.00049025
11.30104065	0.00106084
11.31296158	0.00128711
11.32488251	0.00122550
11.33680344	0.00106794
11.34872437	0.00098801
11.36064529	0.00039557
11.37256622	0.00421711
11.38448715	0.00850486
11.39640808	0.00962880
11.40832901	0.00985844
11.42024994	0.00764946
11.43217087	0.00259098
11.44409180	0.00235675
11.45601273	0.00257284
11.46793365	0.00247133
11.47985458	0.00230318
11.49177551	0.00231522
11.50369644	0.00238989
11.51561737	0.00226225
11.52753830	0.00185810
11.53945923	0.00127144
11.55138016	0.00069380
11.56330109	0.00136492
11.57522202	0.00644976
11.58714294	0.01036614
11.59906387	0.01083946
11.61098480	0.01066333
11.62290573	0.00721723
11.63482666	0.00210967
11.64674759	0.00271367
11.65866852	0.00292325
11.67058945	0.00281075
11.68251038	0.00253801
11.69443130	0.00248522
11.70635223	0.00232084
11.71827316	0.00192910
11.73019409	0.00149658
11.74211502	0.00086854
11.75403595	0.00032310
11.76595688	0.00279710
11.77787781	0.00837455
11.78979874	0.01137937
11.80171967	0.01154410
11.81364059	0.01104786
11.82556152	0.00611626
11.83748245	0.00216707
11.84940338	0.00338203
11.86132431	0.00329143
11.87324524	0.00273558
11.88516617	0.00187036
11.89708710	0.00140101
11.90900803	0.00120052
11.92092896	0.00100663
11.93284988	0.00079743
11.94477081	0.00073839
11.95669174	0.00023503
11.96861267	0.00421554
11.98053360	0.01011334
11.99245453	0.01247927
12.00437546	0.01257571
12.01629639	0.01107039
12.02821732	0.00498232
12.04013824	0.00284127
12.05205917	0.00375239
12.06398010	0.00350031
12.07590103	0.00280267
12.08782196	0.00198247
12.09974289	0.00156151
12.11166382	0.00122333
12.12358475	0.00089709
12.13550568	0.00046577
12.14742661	0.00028897
12.15934753	0.00092872
12.17126846	0.00604944
12.18318939	0.01210665
12.19511032	0.01382053
12.20703125	0.01397916
12.21895218	0.01162076
12.23087311	0.00503745
12.24279404	0.00350717
12.25471497	0.00356064
12.26663589	0.00329440
12.27855682	0.00280368
12.29047775	0.00247381
12.30239868	0.00235900
12.31431961	0.00192123
12.32624054	0.00145606
12.33816147	0.00150308
12.35008240	0.00143367
12.36200333	0.00134873
12.37392426	0.00765122
12.38584518	0.01348514
12.39776611	0.01481388
12.40968704	0.01484449
12.42160797	0.01091363
12.43352890	0.00363940
12.44544983	0.00323725
12.45737076	0.00345230
12.46929169	0.00309337
12.48121262	0.00233826
12.49313354	0.00187099
12.50505447	0.00152682
12.51697540	0.00113605
12.52889633	0.00082076
12.54081726	0.00064903
12.55273819	0.00064334
12.56465912	0.00304635
12.57658005	0.01013909
12.58850098	0.01472776
12.60042191	0.01504656
12.61234283	0.01431058
12.62426376	0.00853592
12.63618469	0.00168827
12.64810562	0.00359729
12.66002655	0.00391577
12.67194748	0.00357781
12.68386841	0.00248554
12.69578934	0.00144714
12.70771027	0.00073382
12.71963120	0.00037901
12.73155212	0.00018343
12.74347305	0.00032274
12.75539398	0.00074450
12.76731491	0.00485049
12.77923584	0.01220683
12.79115677	0.01588148
12.80307770	0.01609304
12.81499863	0.01458993
12.82691956	0.00740079
12.83884048	0.00164112
12.85076141	0.00323949
12.86268234	0.00321311
12.87460327	0.00277381
12.88652420	0.00187868
12.89844513	0.00108530
12.91036606	0.00068975
12.92228699	0.00085463
12.93420792	0.00096305
12.94612885	0.00116513
12.95804977	0.00159404
12.96997070	0.00652410
12.98189163	0.01370988
12.99381256	0.01640506
13.00573349	0.01673189
13.01765442	0.01432809
13.02957535	0.00639414
13.04149628	0.00313133
13.05341721	0.00377246
13.06533813	0.00367725
13.07725906	0.00283263
13.08917999	0.00174418
13.10110092	0.00127659
13.11302185	0.00098415
13.12494278	0.00064217
13.13686371	0.00042639
13.14878464	0.00046019
13.16070557	0.00243933
13.17262650	0.00903624
13.18454742	0.01565152
13.19646835	0.01690766
13.20838928	0.01667353
13.22031021	0.01276204
13.23223114	0.00414742
13.24415207	0.00300870
13.25607300	0.00306693
13.26799393	0.00244048
13.27991486	0.00177054
13.29183578	0.00160344
13.30375671	0.00141186
13.31567764	0.00113501
13.32759857	0.00106057
13.33951950	0.00059859
13.35144043	0.00060694
13.36336136	0.00295958
13.37528229	0.01004926
13.38720322	0.01569214
13.39912415	0.01648966
13.41104507	0.01635023
13.42296600	0.01124884
13.43488693	0.00305547
13.44680786	0.00291437
13.45872879	0.00280717
13.47064972	0.00240126
13.48257065	0.00157611
13.49449158	0.00104267
13.50641251	0.00064427
13.51833344	0.00070089
13.53025436	0.00095183
13.54217529	0.00083465
13.55409622	0.00119280
13.56601715	0.00490261
13.57793808	0.01269513
13.58985901	0.01718740
13.60177994	0.01776241
13.61370087	0.01710770
13.62562180	0.01032857
13.63754272	0.00263323
13.64946365	0.00255742
13.66138458	0.00253160
13.67330551	0.00232894
13.68522644	0.00145535
13.69714737	0.00102936
13.70906830	0.00096151
13.72098923	0.00090974
13.73291016	0.00056219
13.74483109	0.00023254
13.75675201	0.00092926
13.76867294	0.00595288
13.78059387	0.01431694
13.79251480	0.01785586
13.80443573	0.01809568
13.81635666	0.01626002
13.82827759	0.00807088
13.84019852	0.00289260
13.85211945	0.00357712
13.86404037	0.00317867
13.87596130	0.00232412
13.88788223	0.00111348
13.89980316	0.00072299
13.91172409	0.00051464
13.92364502	0.00051600
13.93556595	0.00095622
13.94748688	0.00141112
13.95940781	0.00310116
13.97132874	0.00900264
13.98324966	0.01592759
13.99517059	0.01765846
14.00709152	0.01758191
14.01901245	0.01428705
14.03093338	0.00553266
14.04285431	0.00298443
14.05477524	0.00327365
14.06669617	0.00272075
14.07861710	0.00159708
14.09053802	0.00050714
14.10245895	0.00038604
14.11437988	0.00014556
14.12630081	0.00041786
14.13822174	0.00053339
14.15014267	0.00100235
14.16206360	0.00285263
14.17398453	0.01000822
14.18590546	0.01666961
14.19782639	0.01814435
14.20974731	0.01806372
14.22166824	0.01316501
14.23358917	0.00420824
14.24551010	0.00282168
14.25743103	0.00281920
14.26935196	0.00238435
14.28127289	0.00156192
14.29319382	0.00123466
14.30511475	0.00089363
14.31703568	0.00018682
14.32895660	0.00084001
14.34087753	0.00122436
14.35279846	0.00185574
14.36471939	0.00489272
14.37664032	0.01238704
14.38856125	0.01738114
14.40048218	0.01802446
14.41240311	0.01759532
14.42432404	0.01138044
14.43624496	0.00283328
14.44816589	0.00196698
14.46008682	0.00198053
14.47200775	0.00165452
14.48392868	0.00089172
14.49584961	0.00081002
14.50777054	0.00045651
14.51969147	0.00041347
14.53161240	0.00116523
14.54353333	0.00157444
14.55545425	0.00223582
14.56737518	0.00596558
14.57929611	0.01344132
14.59121704	0.01710704
14.60313797	0.01738633
14.61505890	0.01604998
14.62697983	0.00866271
14.63890076	0.00260710
14.65082169	0.00298503
14.66274261	0.00287385
14.67466354	0.00256589
14.68658447	0.00175527
14.69850540	0.00129687
14.71042633	0.00149555
14.72234726	0.00197023
14.73426819	0.00183876
14.74618912	0.00143473
14.75811005	0.00250236
14.77003098	0.00781662
14.78195190	0.01523590
14.79387283	0.01808772
14.80579376	0.01846371
14.81771469	0.01588048
14.82963562	0.00711562
14.84155655	0.00194343
14.85347748	0.00284834
14.86539841	0.00296548
14.87731934	0.00237922
14.88924026	0.00131659
14.90116119	0.00074584
14.91308212	0.00080595
14.92500305	0.00130013
14.93692398	0.00136826
14.94884491	0.00154435
14.96076584	0.00343384
14.97268677	0.00967012
14.98460770	0.01607018
14.99652863	0.01741640
15.00844955	0.01709670
15.02037048	0.01298059
15.03229141	0.00408991
15.04421234	0.00279206
15.05613327	0.00349633
15.06805420	0.00339376
15.07997513	0.00262499
15.09189606	0.00141377
15.10381699	0.00060640
15.11573792	0.00090970
15.12765884	0.00161080
15.13957977	0.00189358
15.15150070	0.00248511
15.16342163	0.00480189
15.17534256	0.01129114
15.18726349	0.01641980
15.19918442	0.01701491
15.21110535	0.01647390
15.22302628	0.01108479
15.23494720	0.00261319
15.24686813	0.00252719
15.25878906	0.00280067
15.27070999	0.00271625
15.28263092	0.00179259
15.29455185	0.00051336
15.30647278	0.00086957
15.31839371	0.00143736
15.33031464	0.00190013
15.34223557	0.00217268
15.35415649	0.00272134
15.36607742	0.00615344
15.37799835	0.01343365
15.38991928	0.01749864
15.40184021	0.01786247
15.41376114	0.01691941
15.42568207	0.01015956
15.43760300	0.00261470
15.44952393	0.00208710
15.46144485	0.00192113
15.47336578	0.00151448
15.48528671	0.00037829
15.49720764	0.00037713
15.50912857	0.00045124
15.52104950	0.00144839
15.53297043	0.00217736
15.54489136	0.00231305
15.55681229	0.00301799
15.56873322	0.00698307
15.58065414	0.01353376
15.59257507	0.01649287
15.60449600	0.01698621
15.61641693	0.01557968
15.62833786	0.00849195
15.64025879	0.00208560
15.65217972	0.00123536
15.66410065	0.00100146
15.67602158	0.00051927
15.68794250	0.00087555
15.69986343	0.00168599
15.71178436	0.00179865
15.72370529	0.00188511
15.73562622	0.00227254
15.74754715	0.00231959
15.75946808	0.00309480
15.77138901	0.00790895
15.78330994	0.01398800
15.79523087	0.01591104
15.80715179	0.01615286
15.81907272	0.01333150
15.83099365	0.00547838
15.84291458	0.00091793
15.85483551	0.00118720
15.86675644	0.00114175
15.87867737	0.00082883
15.89059830	0.00131182
15.90251923	0.00177708
15.91444016	0.00193702
15.92636108	0.00234440
15.93828201	0.00278742
15.95020294	0.00298442
15.96212387	0.00448308
15.97404480	0.01030562
15.98596573	0.01570356
15.99788666	0.01648865
16.00980759	0.01597054
16.02172852	0.01171664
16.03364944	0.00390355
16.04557037	0.00114938
16.05749130	0.00120265
16.06941223	0.00103285
16.08133316	0.00043348
16.09325409	0.00024658
16.10517502	0.00055248
16.11709595	0.00072850
16.12901688	0.00125442
16.14093781	0.00134285
16.15285873	0.00154114
16.16477966	0.00403428
16.17670059	0.01038030
16.18862152	0.01491041
16.20054245	0.01577246
16.21246338	0.01542070
16.22438431	0.01017673
16.23630524	0.00281537
16.24822617	0.00104398
16.26014709	0.00126850
16.27206802	0.00131276
16.28398895	0.00070726
16.29590988	0.00026399
16.30783081	0.00043569
16.31975174	0.00120186
16.33167267	0.00201604
16.34359360	0.00248688
16.35551453	0.00326802
16.36743546	0.00629681
16.37935638	0.01209197
16.39127731	0.01504142
16.40319824	0.01514381
16.41511917	0.01393638
16.42704010	0.00819139
16.43896103	0.00265739
16.45088196	0.00179455
16.46280289	0.00140225
16.47472382	0.00067174
16.48664474	0.00049292
16.49856567	0.00086116
16.51048660	0.00117498
16.52240753	0.00187069
16.53432846	0.00266460
16.54624939	0.00305943
16.55817032	0.00376204
16.57009125	0.00744147
16.58201218	0.01270948
16.59393311	0.01466769
16.60585403	0.01505083
16.61777496	0.01336242
16.62969589	0.00711893
16.64161682	0.00235805
16.65353775	0.00115757
16.66545868	0.00047201
16.67737961	0.00055042
16.68930054	0.00143807
16.70122147	0.00190245
16.71314240	0.00193732
16.72506332	0.00226794
16.73698425	0.00283122
16.74890518	0.00351332
16.76082611	0.00458444
16.77274704	0.00827419
16.78466797	0.01277251
16.79658890	0.01390078
16.80850983	0.01390712
16.82043076	0.01121728
16.83235168	0.00493914
16.84427261	0.00130913
16.85619354	0.00082159
16.86811447	0.00058041
16.88003540	0.00068731
16.89195633	0.00124305
16.90387726	0.00142006
16.91579819	0.00155291
16.92771912	0.00221392
16.93964005	0.00262456
16.95156097	0.00305608
16.96348190	0.00464348
16.97540283	0.00900114
16.98732376	0.01260891
16.99924469	0.01326309
17.01116562	0.01297112
17.02308655	0.00916461
17.03500748	0.00306629
17.04692841	0.00073463
17.05884933	0.00061063
17.07077026	0.00080845
17.08269119	0.00088715
17.09461212	0.00110225
17.10653305	0.00137365
17.11845398	0.00197176
17.13037491	0.00277630
17.14229584	0.00323465
17.15421677	0.00352887
17.16613770	0.00504852
17.17805862	0.00889744
17.18997955	0.01133585
17.20190048	0.01160484
17.21382141	0.01107290
17.22574234	0.00705819
17.23766327	0.00221004
17.24958420	0.00053130
17.26150513	0.00019083
17.27342606	0.00052130
17.28534698	0.00084283
17.29726791	0.00126567
17.30918884	0.00154115
17.32110977	0.00191641
17.33303070	0.00255755
17.34495163	0.00307920
17.35687256	0.00367874
17.36879349	0.00595536
17.38071442	0.00998582
17.39263535	0.01155092
17.40455627	0.01152019
17.41647720	0.01025449
17.42839813	0.00543614
17.44031906	0.00126057
17.45223999	0.00030818
17.46416092	0.00023640
17.47608185	0.00088762
17.48800278	0.00143635
17.49992371	0.00184034
17.51184464	0.00216196
17.52376556	0.00222922
17.53568649	0.00226574
17.54760742	0.00247724
17.55952835	0.00284386
17.57144928	0.00521867
17.58337021	0.00872170
17.59529114	0.00979703
17.60721207	0.01000920
17.61913300	0.00865587
17.63105392	0.00429551
17.64297485	0.00126270
17.65489578	0.00030950
17.66681671	0.00057641
17.67873764	0.00084715
17.69065857	0.00080214
17.70257950	0.00080070
17.71450043	0.00105466
17.72642136	0.00176844
17.73834229	0.00236462
17.75026321	0.00291836
17.76218414	0.00407291
17.77410507	0.00695922
17.78602600	0.00985576
17.79794693	0.01051108
17.80986786	0.01031454
17.82178879	0.00784902
17.83370972	0.00328054
17.84563065	0.00105114
17.85755157	0.00098439
17.86947250	0.00094869
17.88139343	0.00109516
17.89331436	0.00130989
17.90523529	0.00153316
17.91715622	0.00211601
17.92907715	0.00283738
17.94099808	0.00304477
17.95291901	0.00317956
17.96483994	0.00452271
17.97676086	0.00742742
17.98868179	0.00938928
18.00060272	0.00959841
18.01252365	0.00908379
18.02444458	0.00610053
18.03636551	0.00204504
18.04828644	0.00027457
18.06020737	0.00042541
18.07212830	0.00086898
18.08404922	0.00136810
18.09597015	0.00195728
18.10789108	0.00227487
18.11981201	0.00254973
18.13173294	0.00300305
18.14365387	0.00330737
18.15557480	0.00352487
18.16749573	0.00440839
18.17941666	0.00655941
18.19133759	0.00794411
18.20325851	0.00833419
18.21517944	0.00783218
18.22710037	0.00483815
18.23902130	0.00173801
18.25094223	0.00055804
18.26286316	0.00013098
18.27478409	0.00043278
18.28670502	0.00052236
18.29862595	0.00075080
18.31054688	0.00075401
18.32246780	0.00093220
18.33438873	0.00145045
18.34630966	0.00195594
18.35823059	0.00266957
18.37015152	0.00439018
18.38207245	0.00666324
18.39399338	0.00753258
18.40591431	0.00758138
18.41783524	0.00661512
18.42975616	0.00381082
18.44167709	0.00166676
18.45359802	0.00125088
18.46551895	0.00149599
18.47743988	0.00191556
18.48936081	0.00216757
18.50128174	0.00215805
18.51320267	0.00176947
18.52512360	0.00158544
18.53704453	0.00182306
18.54896545	0.00207065
18.56088638	0.00253932
18.57280731	0.00396316
18.58472824	0.00558817
18.59664917	0.00596926
18.60857010	0.00589888
18.62049103	0.00492216
18.63241196	0.00263517
18.64433289	0.00139770
18.65625381	0.00128076
18.66817474	0.00114303
18.68009567	0.00121972
18.69201660	0.00139080
18.70393753	0.00158562
18.71585846	0.00173146
18.72777939	0.00196460
18.73970032	0.00238853
18.75162125	0.00272838
18.76354218	0.00325792
18.77546310	0.00452718
18.78738403	0.00556806
18.79930496	0.00569763
18.81122589	0.00535123
18.82314682	0.00399641
18.83506775	0.00223257
18.84698868	0.00161715
18.85890961	0.00168000
18.87083054	0.00191954
18.88275146	0.00225480
18.89467239	0.00243645
18.90659332	0.00242427
18.91851425	0.00227734
18.93043518	0.00207112
18.94235611	0.00203702
18.95427704	0.00230603
18.96619797	0.00301398
18.97811890	0.00434530
18.99003983	0.00521685
19.00196075	0.00529091
19.01388168	0.00502057
19.02580261	0.00398477
19.03772354	0.00285452
19.04964447	0.00254743
19.06156540	0.00253784
19.07348633	0.00238984
19.08540726	0.00229942
19.09732819	0.00232114
19.10924911	0.00226539
19.12117004	0.00219264
19.13309097	0.00213979
19.14501190	0.00206946
19.15693283	0.00207573
19.16885376	0.00238551
19.18077469	0.00310877
19.19269562	0.00354661
19.20461655	0.00360663
19.21653748	0.00329573
19.22845840	0.00242689
19.24037933	0.00171267
19.25230026	0.00148057
19.26422119	0.00153740
19.27614212	0.00187218
19.28806305	0.00219506
19.29998398	0.00244232
19.31190491	0.00253468
19.32382584	0.00257942
19.33574677	0.00256484
19.34766769	0.00231524
19.35958862	0.00214899
19.37150955	0.00211725
19.38343048	0.00230327
19.39535141	0.00258959
19.40727234	0.00279115
19.41919327	0.00270439
19.43111420	0.00248617
19.44303513	0.00257495
19.45495605	0.00265286
19.46687698	0.00266680
19.47879791	0.00295957
19.49071884	0.00325427
19.50263977	0.00320784
19.51456070	0.00289528
19.52648163	0.00257690
19.53840256	0.00244139
19.55032349	0.00235551
19.56224442	0.00222761
19.57416534	0.00197855
19.58608627	0.00170573
19.59800720	0.00154197
19.60992813	0.00132441
19.62184906	0.00129109
19.63376999	0.00182099
19.64569092	0.00239884
19.65761185	0.00268433
19.66953278	0.00271907
19.68145370	0.00246691
19.69337463	0.00234408
19.70529556	0.00254027
19.71721649	0.00260293
19.72913742	0.00252569
19.74105835	0.00240439
19.75297928	0.00208712
19.76490021	0.00174212
19.77682114	0.00136652
19.78874207	0.00113062
19.80066299	0.00121601
19.81258392	0.00140831
19.82450485	0.00200072
19.83642578	0.00266805
19.84834671	0.00281541
19.86026764	0.00264253
19.87218857	0.00239441
19.88410950	0.00218252
19.89603043	0.00205618
19.90795135	0.00163542
19.91987228	0.00108759
19.93179321	0.00073541
19.94371414	0.00062596
19.95563507	0.00079124
19.96755600	0.00069166
19.97947693	0.00036014
19.99139786	0.00040624
20.00331879	0.00052077
20.01523972	0.00086351
20.02716064	0.00191607
20.03908157	0.00311557
20.05100250	0.00361399
20.06292343	0.00374275
20.07484436	0.00362288
20.08676529	0.00306307
20.09868622	0.00242618
20.11060715	0.00205753
20.12252808	0.00174965
20.13444901	0.00144060
20.14636993	0.00156862
20.15829086	0.00155012
20.17021179	0.00094020
20.18213272	0.00105620
20.19405365	0.00114433
20.20597458	0.00099093
20.21789551	0.00037789
20.22981644	0.00130152
20.24173737	0.00275165
20.25365829	0.00319112
20.26557922	0.00310034
20.27750015	0.00274570
20.28942108	0.00259877
20.30134201	0.00276103
20.31326294	0.00301559
20.32518387	0.00322235
20.33710480	0.00322201
20.34902573	0.00284326
20.36094666	0.00212289
20.37286758	0.00178189
20.38478851	0.00200582
20.39670944	0.00163129
20.40863037	0.00144913
20.42055130	0.00145237
20.43247223	0.00249945
20.44439316	0.00333867
20.45631409	0.00333919
20.46823502	0.00317427
20.48015594	0.00293723
20.49207687	0.00287642
20.50399780	0.00288470
20.51591873	0.00283831
20.52783966	0.00268164
20.53976059	0.00253857
20.55168152	0.00226585
20.56360245	0.00157458
20.57552338	0.00164375
20.58744431	0.00215216
20.59936523	0.00182175
20.61128616	0.00159226
20.62320709	0.00084353
20.63512802	0.00247982
20.64704895	0.00349501
20.65896988	0.00355189
20.67089081	0.00335735
20.68281174	0.00292621
20.69473267	0.00266759
20.70665359	0.00259962
20.71857452	0.00225515
20.73049545	0.00180094
20.74241638	0.00154649
20.75433731	0.00113820
20.76625824	0.00042989
20.77817917	0.00201380
20.79010010	0.00276824
20.80202103	0.00256243
20.81394196	0.00231605
20.82586288	0.00116515
20.83778381	0.00267641
20.84970474	0.00348768
20.86162567	0.00341732
20.87354660	0.00304694
20.88546753	0.00236185
20.89738846	0.00175713
20.90930939	0.00130508
20.92123032	0.00123408
20.93315125	0.00152270
20.94507217	0.00195784
20.95699310	0.00176675
20.96891403	0.00022081
20.98083496	0.00241185
20.99275589	0.00320401
21.00467682	0.00327139
21.01659775	0.00288969
21.02851868	0.00146799
21.04043961	0.00292719
21.05236053	0.00345057
21.06428146	0.00350004
21.07620239	0.00325749
21.08812332	0.00273155
21.10004425	0.00240995
21.11196518	0.00196085
21.12388611	0.00129731
21.13580704	0.00070824
21.14772797	0.00075035
21.15964890	0.00055880
21.17156982	0.00104536
21.18349075	0.00319168
21.19541168	0.00395457
21.20733261	0.00425519
21.21925354	0.00343982
21.23117447	0.00147504
21.24309540	0.00299339
21.25501633	0.00358103
21.26693726	0.00369965
21.27885818	0.00332597
21.29077911	0.00268049
21.30270004	0.00222695
21.31462097	0.00185405
21.32654190	0.00160809
21.33846283	0.00161548
21.35038376	0.00133930
21.36230469	0.00036717
21.37422562	0.00277998
21.38614655	0.00502723
21.39806747	0.00539258
21.40998840	0.00535234
21.42190933	0.00365275
21.43383026	0.00215815
21.44575119	0.00327239
21.45767212	0.00309460
21.46959305	0.00260743
21.48151398	0.00206302
21.49343491	0.00203991
21.50535583	0.00203349
21.51727676	0.00198471
21.52919769	0.00191735
21.54111862	0.00153762
21.55303955	0.00110849
21.56496048	0.00132077
21.57688141	0.00405169
21.58880234	0.00574400
21.60072327	0.00577868
21.61264420	0.00535539
21.62456512	0.00251586
21.63648605	0.00288130
21.64840698	0.00430430
21.66032791	0.00421735
21.67224884	0.00366160
21.68416977	0.00254752
21.69609070	0.00183625
21.70801163	0.00173976
21.71993256	0.00170873
21.73185349	0.00134601
21.74377441	0.00111194
21.75569534	0.00085256
21.76761627	0.00165338
21.77953720	0.00505283
21.79145813	0.00676633
21.80337906	0.00700195
21.81529999	0.00636462
21.82722092	0.00314557
21.83914185	0.00335764
21.85106277	0.00401410
21.86298370	0.00370596
21.87490463	0.00304708
21.88682556	0.00241845
21.89874649	0.00233260
21.91066742	0.00213441
21.92258835	0.00164491
21.93450928	0.00112439
21.94643021	0.00074309
21.95835114	0.00030413
21.97027206	0.00193222
21.98219299	0.00513607
21.99411392	0.00606210
22.00603485	0.00618838
22.01795578	0.00532702
22.02987671	0.00265420
22.04179764	0.00410273
22.05371857	0.00436286
22.06563950	0.00407532
22.07756042	0.00358473
22.08948135	0.00289748
22.10140228	0.00244194
22.11332321	0.00218528
22.12524414	0.00186559
22.13716507	0.00112895
22.14908600	0.00050096
22.16100693	0.00104677
22.17292786	0.00427342
22.18484879	0.00737512
22.19676971	0.00801909
22.20869064	0.00784122
22.22061157	0.00565623
22.23253250	0.00255405
22.24445343	0.00357365
22.25637436	0.00354370
22.26829529	0.00310747
22.28021622	0.00200440
22.29213715	0.00146499
22.30405807	0.00149100
22.31597900	0.00119346
22.32789993	0.00085284
22.33982086	0.00068204
22.35174179	0.00033176
22.36366272	0.00141237
22.37558365	0.00522515
22.38750458	0.00796024
22.39942551	0.00810982
22.41134644	0.00768673
22.42326736	0.00463199
22.43518829	0.00211672
22.44710922	0.00405767
22.45903015	0.00420515
22.47095108	0.00380490
22.48287201	0.00293255
22.49479294	0.00214442
22.50671387	0.00172868
22.51863480	0.00142007
22.53055573	0.00106265
22.54247665	0.00072957
22.55439758	0.00041205
22.56631851	0.00206168
22.57823944	0.00581869
22.59016037	0.00776860
22.60208130	0.00791486
22.61400223	0.00772831
22.62592316	0.00439951
22.63784409	0.00246899
22.64976501	0.00292691
22.66168594	0.00270275
22.67360687	0.00236966
22.68552780	0.00179815
22.69744873	0.00173641
22.70936966	0.00155472
22.72129059	0.00125438
22.73321152	0.00075153
22.74513245	0.00040533
22.75705338	0.00103781
22.76897430	0.00338394
22.78089523	0.00723100
22.79281616	0.00876061
22.80473709	0.00875065
22.81665802	0.00741728
22.82857895	0.00297490
22.84049988	0.00327258
22.85242081	0.00403648
22.86434174	0.00354829
22.87626266	0.00247409
22.88818359	0.00126117
22.90010452	0.00098110
22.91202545	0.00087073
22.92394638	0.00054073
22.93586731	0.00011937
22.94778824	0.00067816
22.95970917	0.00081744
22.97163010	0.00342207
22.98355103	0.00745401
22.99547195	0.00890741
23.00739288	0.00944252
23.01931381	0.00779771
23.03123474	0.00331758
23.04315567	0.00355103
23.05507660	0.00372766
23.06699753	0.00337923
23.07891846	0.00242194
23.09083939	0.00168607
23.10276031	0.00140145
23.11468124	0.00101225
23.12660217	0.00058580
23.13852310	0.00009994
23.15044403	0.00035695
23.16236496	0.00181457
23.17428589	0.00583590
23.18620682	0.00928791
23.19812775	0.00993921
23.21004868	0.00986461
23.22196960	0.00672733
23.23389053	0.00207028
23.24581146	0.00350882
23.25773239	0.00348162
23.26965332	0.00301405
23.28157425	0.00194356
23.29349518	0.00084907
23.30541611	0.00057442
23.31733704	0.00114409
23.32925797	0.00160975
23.34117889	0.00131608
23.35309982	0.00135967
23.36502075	0.00286214
23.37694168	0.00670342
23.38886261	0.00938894
23.40078354	0.00997832
23.41270447	0.01002099
23.42462540	0.00657795
23.43654633	0.00289177
23.44846725	0.00331867
23.46038818	0.00330544
23.47230911	0.00303436
23.48423004	0.00219259
23.49615097	0.00162720
23.50807190	0.00147735
23.51999283	0.00145968
23.53191376	0.00122980
23.54383469	0.00072894
23.55575562	0.00090389
23.56767654	0.00338258
23.57959747	0.00766388
23.59151840	0.00964368
23.60343933	0.00989825
23.61536026	0.00934868
23.62728119	0.00525602
23.63920212	0.00365117
23.65112305	0.00407572
23.66304398	0.00394652
23.67496490	0.00345920
23.68688583	0.00220917
23.69880676	0.00123497
23.71072769	0.00068156
23.72264862	0.00072809
23.73456955	0.00099988
23.74649048	0.00127112
23.75841141	0.00194467
23.77033234	0.00478164
23.78225327	0.00878574
23.79417419	0.01008338
23.80609512	0.01026601
23.81801605	0.00883627
23.82993698	0.00372510
23.84185791	0.00243226
23.85377884	0.00301968
23.86569977	0.00301746
23.87762070	0.00238125
23.88954163	0.00128781
23.90146255	0.00078176
23.91338348	0.00061565
23.92530441	0.00081137
23.93722534	0.00092583
23.94914627	0.00115811
23.96106720	0.00260410
23.97298813	0.00659437
23.98490906	0.01048906
23.99682999	0.01120312
24.00875092	0.01092047
24.02067184	0.00798291
24.03259277	0.00273150
24.04451370	0.00345364
24.05643463	0.00337650
24.06835556	0.00285214
24.08027649	0.00160172
24.09219742	0.00072940
24.10411835	0.00065537
24.11603928	0.00036003
24.12796021	0.00040878
24.13988113	0.00036902
24.15180206	0.00060968
24.16372299	0.00226943
24.17564392	0.00652194
24.18756485	0.00981820
24.19948578	0.01028155
24.21140671	0.00987797
24.22332764	0.00618805
24.23524857	0.00228364
24.24716949	0.00368038
24.25909042	0.00339134
24.27101135	0.00267736
24.28293228	0.00170154
24.29485321	0.00170294
24.30677414	0.00174598
24.31869507	0.00141820
24.33061600	0.00127876
24.34253693	0.00087175
24.35445786	0.00116775
24.36637878	0.00370473
24.37829971	0.00828573
24.39022064	0.01084020
24.40214157	0.01116805
24.41406250	0.01068611
24.42598343	0.00640742
24.43790436	0.00288472
24.44982529	0.00320572
24.46174622	0.00301379
24.47366714	0.00256008
24.48558807	0.00151473
24.49750900	0.00065385
24.50942993	0.00076762
24.52135086	0.00169102
24.53327179	0.00221937
24.54519272	0.00201270
24.55711365	0.00225210
24.56903458	0.00482757
24.58095551	0.00896868
24.59287643	0.01069036
24.60479736	0.01091984
24.61671829	0.00975889
24.62863922	0.00473486
24.64056015	0.00263711
24.65248108	0.00304130
24.66440201	0.00275837
24.67632294	0.00194489
24.68824387	0.00066109
24.70016479	0.00042104
24.71208572	0.00036250
24.72400665	0.00054342
24.73592758	0.00065956
24.74784851	0.00078372
24.75976944	0.00181117
24.77169037	0.00514958
24.78361130	0.00929541
24.79553223	0.01063022
24.80745316	0.01062481
24.81937408	0.00847071
24.83129501	0.00329843
24.84321594	0.00257485
24.85513687	0.00242719
24.86705780	0.00192122
24.87897873	0.00094133
24.89089966	0.00010748
24.90282059	0.00022802
24.91474152	0.00073791
24.92666245	0.00134717
24.93858337	0.00150048
24.95050430	0.00164284
24.96242523	0.00265027
24.97434616	0.00627720
24.98626709	0.00981528
24.99818802	0.01057283
25.01010895	0.01050912
25.02202988	0.00769686
25.03395081	0.00274811
25.04587173	0.00248602
25.05779266	0.00244814
25.06971359	0.00211455
25.08163452	0.00122101
25.09355545	0.00046933
25.10547638	0.00038387
25.11739731	0.00037775
25.12931824	0.00098778
25.14123917	0.00119270
25.15316010	0.00145364
25.16508102	0.00341112
25.17700195	0.00785431
25.18892288	0.01075699
25.20084381	0.01101990
25.21276474	0.01061601
25.22468567	0.00683448
25.23660660	0.00235705
25.24852753	0.00236459
25.26044846	0.00203184
25.27236938	0.00171621
25.28429031	0.00099618
25.29621124	0.00041044
25.30813217	0.00065228
25.32005310	0.00144633
25.33197403	0.00193368
25.34389496	0.00210534
25.35581589	0.00236184
25.36773682	0.00434811
25.37965775	0.00848637
25.39157867	0.01068495
25.40349960	0.01096147
25.41542053	0.01006240
25.42734146	0.00554667
25.43926239	0.00213596
25.45118332	0.00196849
25.46310425	0.00174839
25.47502518	0.00127254
25.48694611	0.00038156
25.49886703	0.00032823
25.51078796	0.00051299
25.52270889	0.00106975
25.53462982	0.00148498
25.54655075	0.00172236
25.55847168	0.00261639
25.57039261	0.00541650
25.58231354	0.00914039
25.59423447	0.01055905
25.60615540	0.01070821
25.61807632	0.00909448
25.62999725	0.00447784
25.64191818	0.00310966
25.65383911	0.00337332
25.66576004	0.00320377
25.67768097	0.00246881
25.68960190	0.00121200
25.70152283	0.00042303
25.71344376	0.00014096
25.72536469	0.00089145
25.73728561	0.00145988
25.74920654	0.00186743
25.76112747	0.00283569
25.77304840	0.00579925
25.78496933	0.00899458
25.79689026	0.00968608
25.80881119	0.00958107
25.82073212	0.00724310
25.83265305	0.00225364
25.84457397	0.00161241
25.85649490	0.00165886
25.86841583	0.00147197
25.88033676	0.00091572
25.89225769	0.00116058
25.90417862	0.00159454
25.91609955	0.00175015
25.92802048	0.00219145
25.93994141	0.00252491
25.95186234	0.00287904
25.96378326	0.00389997
25.97570419	0.00678928
25.98762512	0.00939689
25.99954605	0.01005212
26.01146698	0.01004566
26.02338791	0.00707343
26.03530884	0.00275388
26.04722977	0.00199373
26.05915070	0.00167774
26.07107162	0.00128056
26.08299255	0.00050706
26.09491348	0.00084198
26.10683441	0.00136466
26.11875534	0.00200537
26.13067627	0.00272543
26.14259720	0.00315628
26.15451813	0.00352268
26.16643906	0.00472711
26.17835999	0.00782815
26.19028091	0.00977301
26.20220184	0.00988443
26.21412277	0.00917654
26.22604370	0.00535784
26.23796463	0.00143906
26.24988556	0.00147042
26.26180649	0.00130042
26.27372742	0.00131849
26.28564835	0.00099630
26.29756927	0.00151115
26.30949020	0.00192130
26.32141113	0.00196578
26.33333206	0.00192070
26.34525299	0.00178462
26.35717392	0.00207782
26.36909485	0.00418898
26.38101578	0.00753929
26.39293671	0.00903009
26.40485764	0.00949711
26.41677856	0.00876949
26.42869949	0.00477979
26.44062042	0.00128762
26.45254135	0.00035412
26.46446228	0.00033788
26.47638321	0.00036085
26.48830414	0.00048681
26.50022507	0.00096636
26.51214600	0.00118714
26.52406693	0.00159123
26.53598785	0.00217061
26.54790878	0.00254282
26.55982971	0.00290483
26.57175064	0.00487711
26.58367157	0.00776598
26.59559250	0.00875633
26.60751343	0.00883854
26.61943436	0.00712836
26.63135529	0.00279933
26.64327621	0.00017610
26.65519714	0.00079545
26.66711807	0.00091267
26.67903900	0.00085179
26.69095993	0.00095649
26.70288086	0.00117651
26.71480179	0.00182060
26.72672272	0.00263473
26.73864365	0.00318854
26.75056458	0.00358724
26.76248550	0.00391379
26.77440643	0.00562631
26.78632736	0.00816299
26.79824829	0.00900384
26.81016922	0.00923353
26.82209015	0.00726993
26.83401108	0.00316452
26.84593201	0.00130426
26.85785294	0.00089879
26.86977386	0.00106132
26.88169479	0.00098894
26.89361572	0.00121563
26.90553665	0.00152703
26.91745758	0.00173570
26.92937851	0.00203867
26.94129944	0.00213289
26.95322037	0.00238500
26.96514130	0.00349090
26.97706223	0.00619424
26.98898315	0.00822825
27.00090408	0.00855955
27.01282501	0.00808226
27.02474594	0.00517211
27.03666687	0.00155331
27.04858780	0.00040346
27.06050873	0.00040830
27.07242966	0.00064831
27.08435059	0.00074318
27.09627151	0.00106820
27.10819244	0.00111686
27.12011337	0.00114949
27.13203430	0.00181410
27.14395523	0.00242622
27.15587616	0.00317919
27.16779709	0.00475342
27.17971802	0.00714388
27.19163895	0.00829100
27.20355988	0.00829567
27.21548080	0.00753907
27.22740173	0.00440984
27.23932266	0.00124257
27.25124359	0.00016387
27.26316452	0.00068409
27.27508545	0.00140868
27.28700638	0.00196540
27.29892731	0.00240078
27.31084824	0.00280116
27.32276917	0.00304148
27.33469009	0.00292870
27.34661102	0.00268057
27.35853195	0.00263131
27.37045288	0.00364204
27.38237381	0.00570647
27.39429474	0.00660012
27.40621567	0.00678494
27.41813660	0.00606114
27.43005753	0.00318040
27.44197845	0.00089735
27.45389938	0.00026267
27.46582031	0.00035425
27.47774124	0.00094278
27.48966217	0.00145730
27.50158310	0.00188906
27.51350403	0.00212075
27.52542496	0.00245914
27.53734589	0.00257096
27.54926682	0.00245890
27.56118774	0.00264290
27.57310867	0.00401531
27.58502960	0.00581596
27.59695053	0.00659809
27.60887146	0.00695217
27.62079239	0.00576593
27.63271332	0.00290795
27.64463425	0.00118681
27.65655518	0.00086327
27.66847610	0.00092390
27.68039703	0.00123427
27.69231796	0.00165529
27.70423889	0.00202730
27.71615982	0.00216577
27.72808075	0.00237870
27.74000168	0.00252795
27.75192261	0.00254153
27.76384354	0.00283700
27.77576447	0.00420340
27.78768539	0.00563523
27.79960632	0.00599692
27.81152725	0.00585979
27.82344818	0.00408923
27.83536911	0.00151699
27.84729004	0.00097221
27.85921097	0.00116056
27.87113190	0.00112230
27.88305283	0.00132317
27.89497375	0.00164614
27.90689468	0.00195305
27.91881561	0.00232096
27.93073654	0.00254627
27.94265747	0.00256884
27.95457840	0.00244587
27.96649933	0.00252733
27.97842026	0.00385440
27.99034119	0.00518887
28.00226212	0.00555994
28.01418304	0.00536207
28.02610397	0.00365147
28.03802490	0.00145847
28.04994583	0.00063838
28.06186676	0.00071607
28.07378769	0.00099019
28.08570862	0.00113031
28.09762955	0.00124860
28.10955048	0.00160626
28.12147141	0.00203982
28.13339233	0.00245780
28.14531326	0.00273342
28.15723419	0.00286242
28.16915512	0.00334294
28.18107605	0.00462047
28.19299698	0.00536094
28.20491791	0.00553157
28.21683884	0.00518190
28.22875977	0.00341456
28.24068069	0.00164340
28.25260162	0.00112993
28.26452255	0.00126351
28.27644348	0.00161851
28.28836441	0.00178903
28.30028534	0.00183904
28.31220627	0.00180681
28.32412720	0.00189791
28.33604813	0.00244116
28.34796906	0.00283441
28.35988998	0.00302955
28.37181091	0.00384916
28.38373184	0.00500345
28.39565277	0.00549018
28.40757370	0.00555833
28.41949463	0.00461771
28.43141556	0.00252863
28.44333649	0.00116127
28.45525742	0.00088559
28.46717834	0.00099915
28.47909927	0.00127097
28.49102020	0.00168025
28.50294113	0.00204364
28.51486206	0.00216446
28.52678299	0.00217265
28.53870392	0.00231775
28.55062485	0.00263791
28.56254578	0.00293488
28.57446671	0.00342003
28.58638763	0.00407222
28.59830856	0.00431991
28.61022949	0.00432706
28.62215042	0.00382305
28.63407135	0.00302534
28.64599228	0.00284583
28.65791321	0.00283915
28.66983414	0.00260501
28.68175507	0.00248802
28.69367599	0.00249757
28.70559692	0.00246164
28.71751785	0.00243113
28.72943878	0.00253264
28.74135971	0.00276470
28.75328064	0.00288134
28.76520157	0.00294335
28.77712250	0.00327246
28.78904343	0.00351771
28.80096436	0.00352177
28.81288528	0.00337494
28.82480621	0.00270004
28.83672714	0.00191710
28.84864807	0.00167958
28.86056900	0.00163998
28.87248993	0.00157140
28.88441086	0.00152143
28.89633179	0.00159020
28.90825272	0.00172244
28.92017365	0.00172319
28.93209457	0.00198287
28.94401550	0.00245378
28.95593643	0.00279826
28.96785736	0.00321398
28.97977829	0.00358032
28.99169922	0.00365168
29.00362015	0.00345613
29.01554108	0.00290047
29.02746201	0.00183283
29.03938293	0.00103459
29.05130386	0.00119771
29.06322479	0.00140168
29.07514572	0.00175301
29.08706665	0.00219904
29.09898758	0.00242418
29.11090851	0.00239905
29.12282944	0.00227155
29.13475037	0.00235050
29.14667130	0.00244237
29.15859222	0.00237492
29.17051315	0.00247069
29.18243408	0.00265450
29.19435501	0.00276940
29.20627594	0.00291925
29.21819687	0.00295115
29.23011780	0.00271802
29.24203873	0.00254560
29.25395966	0.00236987
29.26588058	0.00213787
29.27780151	0.00224805
29.28972244	0.00245054
29.30164337	0.00247684
29.31356430	0.00227712
29.32548523	0.00198069
29.33740616	0.00202676
29.34932709	0.00217214
29.36124802	0.00207400
29.37316895	0.00184723
29.38508987	0.00157907
29.39701080	0.00146400
29.40893173	0.00162866
29.42085266	0.00192658
29.43277359	0.00215309
29.44469452	0.00229224
29.45661545	0.00239185
29.46853638	0.00223431
29.48045731	0.00197685
29.49237823	0.00185284
29.50429916	0.00167061
29.51622009	0.00178784
29.52814102	0.00212368
29.54006195	0.00234033
29.55198288	0.00243270
29.56390381	0.00203797
29.57582474	0.00132647
29.58774567	0.00117351
29.59966660	0.00145286
29.61158752	0.00168071
29.62350845	0.00209180
29.63542938	0.00279087
29.64735031	0.00321410
29.65927124	0.00303976
29.67119217	0.00262588
29.68311310	0.00237745
29.69503403	0.00240818
29.70695496	0.00238525
29.71887589	0.00225538
29.73079681	0.00224909
29.74271774	0.00223915
29.75463867	0.00202232
29.76655960	0.00169659
29.77848053	0.00135525
29.79040146	0.00119630
29.80232239	0.00118150
29.81424332	0.00128912
29.82616425	0.00199755
29.83808517	0.00272272
29.85000610	0.00285521
29.86192703	0.00253335
29.87384796	0.00213314
29.88576889	0.00199499
29.89768982	0.00228556
29.90961075	0.00243717
29.92153168	0.00209276
29.93345261	0.00192121
29.94537354	0.00202235
29.95729446	0.00182845
29.96921539	0.00131720
29.98113632	0.00059076
29.99305725	0.00030388
30.00497818	0.00059246
30.01689911	0.00081763
30.02882004	0.00161860
30.04074097	0.00243022
30.05266190	0.00235653
30.06458282	0.00206908
30.07650375	0.00188249
30.08842468	0.00195711
30.10034561	0.00227415
30.11226654	0.00237373
30.12418747	0.00206354
30.13610840	0.00178530
30.14802933	0.00186965
30.15995026	0.00179199
30.17187119	0.00102118
30.18379211	0.00018881
30.19571304	0.00041866
30.20763397	0.00107166
30.21955490	0.00182251
30.23147583	0.00301327
30.24339676	0.00373782
30.25531769	0.00345097
30.26723862	0.00282127
30.27915955	0.00228242
30.29108047	0.00229158
30.30300140	0.00261361
30.31492233	0.00297763
30.32684326	0.00300761
30.33876419	0.00256763
30.35068512	0.00215398
30.36260605	0.00153660
30.37452698	0.00084457
30.38644791	0.00111390
30.39836884	0.00085415
30.41028976	0.00061428
30.42221069	0.00069162
30.43413162	0.00248855
30.44605255	0.00344848
30.45797348	0.00352336
30.46989441	0.00340647
30.48181534	0.00286965
30.49373627	0.00250510
30.50565720	0.00243969
30.51757813	0.00232999
30.52949905	0.00226811
30.54141998	0.00233000
30.55334091	0.00205111
30.56526184	0.00135058
30.57718277	0.00069031
30.58910370	0.00060262
30.60102463	0.00073188
30.61294556	0.00096399
30.62486649	0.00165045
30.63678741	0.00336259
30.64870834	0.00401330
30.66062927	0.00377662
30.67255020	0.00325517
30.68447113	0.00244211
30.69639206	0.00192909
30.70831299	0.00189179
30.72023392	0.00200013
30.73215485	0.00201979
30.74407578	0.00202849
30.75599670	0.00179915
30.76791763	0.00090233
30.77983856	0.00165192
30.79175949	0.00208730
30.80368042	0.00193647
30.81560135	0.00152059
30.82752228	0.00135057
30.83944321	0.00355871
30.85136414	0.00430412
30.86328506	0.00427870
30.87520599	0.00368871
30.88712692	0.00274251
30.89904785	0.00210261
30.91096878	0.00177052
30.92288971	0.00151989
30.93481064	0.00131222
30.94673157	0.00135250
30.95865250	0.00118801
30.97057343	0.00074826
30.98249435	0.00213604
30.99441528	0.00274189
31.00633621	0.00307909
31.01825714	0.00277741
31.03017807	0.00193513
31.04209900	0.00324170
31.05401993	0.00368274
31.06594086	0.00373336
31.07786179	0.00341051
31.08978271	0.00287829
31.10170364	0.00257841
31.11362457	0.00226616
31.12554550	0.00185754
31.13746643	0.00157092
31.14938736	0.00158460
31.16130829	0.00124272
31.17322922	0.00141420
31.18515015	0.00277782
31.19707108	0.00328469
31.20899200	0.00368311
31.22091293	0.00287937
31.23283386	0.00276960
31.24475479	0.00432029
31.25667572	0.00463591
31.26859665	0.00438421
31.28051758	0.00344286
31.29243851	0.00268062
31.30435944	0.00240542
31.31628036	0.00213497
31.32820129	0.00163229
31.34012222	0.00082663
31.35204315	0.00020419
31.36396408	0.00064740
31.37588501	0.00221760
31.38780594	0.00339184
31.39972687	0.00349076
31.41164780	0.00360810
31.42356873	0.00321125
31.43548965	0.00445028
31.44741058	0.00528196
31.45933151	0.00490520
31.47125244	0.00401231
31.48317337	0.00286573
31.49509430	0.00230062
31.50701523	0.00192430
31.51893616	0.00150428
31.53085709	0.00106464
31.54277802	0.00090148
31.55469894	0.00092964
31.56661987	0.00012675
31.57854080	0.00181990
31.59046173	0.00296432
31.60238266	0.00336158
31.61430359	0.00354959
31.62622452	0.00227580
31.63814545	0.00329520
31.65006638	0.00377426
31.66198730	0.00349012
31.67390823	0.00313446
31.68582916	0.00279497
31.69775009	0.00279298
31.70967102	0.00245025
31.72159195	0.00207033
31.73351288	0.00160911
31.74543381	0.00093291
31.75735474	0.00038652
31.76927567	0.00175564
31.78119659	0.00381256
31.79311752	0.00442810
31.80503845	0.00459931
31.81695938	0.00395171
31.82888031	0.00237231
31.84080124	0.00373812
31.85272217	0.00391122
31.86464310	0.00365554
31.87656403	0.00326188
31.88848495	0.00285428
31.90040588	0.00255619
31.91232681	0.00238513
31.92424774	0.00217788
31.93616867	0.00152387
31.94808960	0.00089486
31.96001053	0.00068606
31.97193146	0.00248784
31.98385239	0.00461891
31.99577332	0.00473868
32.00769424	0.00457502
32.01961517	0.00365913
32.03153610	0.00213524
32.04345703	0.00365772
32.05537796	0.00376059
32.06729889	0.00356783
32.07921982	0.00284350
32.09114075	0.00184512
32.10306168	0.00119749
32.11498260	0.00068496
32.12690353	0.00024099
32.13882446	0.00064773
32.15074539	0.00112884
32.16266632	0.00039656
32.17458725	0.00213040
32.18650818	0.00408240
32.19842911	0.00480375
32.21035004	0.00515653
32.22227097	0.00348956
32.23419189	0.00251048
32.24611282	0.00376250
32.25803375	0.00388045
32.26995468	0.00364552
32.28187561	0.00250813
32.29379654	0.00165398
32.30571747	0.00133578
32.31763840	0.00105501
32.32955933	0.00090428
32.34148026	0.00070453
32.35340118	0.00037581
32.36532211	0.00099464
32.37724304	0.00381124
32.38916397	0.00553972
32.40108490	0.00563831
32.41300583	0.00533021
32.42492676	0.00274355
32.43684769	0.00316830
32.44876862	0.00436773
32.46068954	0.00436705
32.47261047	0.00396373
32.48453140	0.00255845
32.49645233	0.00162827
32.50837326	0.00133103
32.52029419	0.00128209
32.53221512	0.00113513
32.54413605	0.00090000
32.55605698	0.00045182
32.56797791	0.00137767
32.57989883	0.00433003
32.59181976	0.00578983
32.60374069	0.00595890
32.61566162	0.00526789
32.62758255	0.00240057
32.63950348	0.00366449
32.65142441	0.00435148
32.66334534	0.00397205
32.67526627	0.00317295
32.68718719	0.00198233
32.69910812	0.00133090
32.71102905	0.00103268
32.72294998	0.00087383
32.73487091	0.00040212
32.74679184	0.00048701
32.75871277	0.00123255
32.77063370	0.00289612
32.78255463	0.00530510
32.79447556	0.00607258
32.80639648	0.00597897
32.81831741	0.00488998
32.83023834	0.00194875
32.84215927	0.00325039
32.85408020	0.00375311
32.86600113	0.00358520
32.87792206	0.00292527
32.88984299	0.00208574
32.90176392	0.00157074
32.91368484	0.00111936
32.92560577	0.00089969
32.93752670	0.00055123
32.94944763	0.00101149
32.96136856	0.00138699
32.97328949	0.00342910
32.98521042	0.00599645
32.99713135	0.00674907
33.00905228	0.00684528
33.02097321	0.00483206
33.03289413	0.00219169
33.04481506	0.00396399
33.05673599	0.00419549
33.06865692	0.00385613
33.08057785	0.00271568
33.09249878	0.00186620
33.10441971	0.00152291
33.11634064	0.00127692
33.12826157	0.00114257
33.14018250	0.00078908
33.15210342	0.00114089
33.16402435	0.00182972
33.17594528	0.00378379
33.18786621	0.00565562
33.19978714	0.00607264
33.21170807	0.00615362
33.22362900	0.00400137
33.23554993	0.00305109
33.24747086	0.00402738
33.25939178	0.00382492
33.27131271	0.00334077
33.28323364	0.00210510
33.29515457	0.00173579
33.30707550	0.00190100
33.31899643	0.00180555
33.33091736	0.00138900
33.34283829	0.00082469
33.35475922	0.00062025
33.36668015	0.00234452
33.37860107	0.00522514
33.39052200	0.00658387
33.40244293	0.00679083
33.41436386	0.00656895
33.42628479	0.00373298
33.43820572	0.00344626
33.45012665	0.00418063
33.46204758	0.00413038
33.47396851	0.00373867
33.48588943	0.00244983
33.49781036	0.00140142
33.50973129	0.00112152
33.52165222	0.00140217
33.53357315	0.00151455
33.54549408	0.00145743
33.55741501	0.00156353
33.56933594	0.00293678
33.58125687	0.00585178
33.59317780	0.00702226
33.60509872	0.00699545
33.61701965	0.00579877
33.62894058	0.00195289
33.64086151	0.00313861
33.65278244	0.00362676
33.66470337	0.00332193
33.67662430	0.00244015
33.68854523	0.00125981
33.70046616	0.00107776
33.71238708	0.00092121
33.72430801	0.00051605
33.73622894	0.00045009
33.74814987	0.00075585
33.76007080	0.00170865
33.77199173	0.00409822
33.78391266	0.00664105
33.79583359	0.00754473
33.80775452	0.00793988
33.81967545	0.00643607
33.83159637	0.00288037
33.84351730	0.00326970
33.85543823	0.00372107
33.86735916	0.00387503
33.87928009	0.00293734
33.89120102	0.00151201
33.90312195	0.00090070
33.91504288	0.00048596
33.92696381	0.00058829
33.93888474	0.00069763
33.95080566	0.00104704
33.96272659	0.00201420
33.97464752	0.00464213
33.98656845	0.00695465
33.99848938	0.00738982
34.01041031	0.00743595
34.02233124	0.00526782
34.03425217	0.00287321
34.04617310	0.00369072
34.05809402	0.00340399
34.07001495	0.00301791
34.08193588	0.00187503
34.09385681	0.00065971
34.10577774	0.00034012
34.11769867	0.00087579
34.12961960	0.00136527
34.14154053	0.00158304
34.15346146	0.00186726
34.16538239	0.00234033
34.17730331	0.00475994
34.18922424	0.00693470
34.20114517	0.00772484
34.21306610	0.00818542
34.22498703	0.00567373
34.23690796	0.00284700
34.24882889	0.00310301
34.26074982	0.00304386
34.27267075	0.00276874
34.28459167	0.00139176
34.29651260	0.00028636
34.30843353	0.00068514
34.32035446	0.00057600
34.33227539	0.00042090
34.34419632	0.00040697
34.35611725	0.00062575
34.36803818	0.00251889
34.37995911	0.00573519
34.39188004	0.00727980
34.40380096	0.00766004
34.41572189	0.00712611
34.42764282	0.00384073
34.43956375	0.00308278
34.45148468	0.00318395
34.46340561	0.00288941
34.47532654	0.00245466
34.48724747	0.00141241
34.49916840	0.00069055
34.51108932	0.00045393
34.52301025	0.00098185
34.53493118	0.00111735
34.54685211	0.00121700
34.55877304	0.00157476
34.57069397	0.00327107
34.58261490	0.00605719
34.59453583	0.00733151
34.60645676	0.00768620
34.61837769	0.00641009
34.63029861	0.00305887
34.64221954	0.00369387
34.65414047	0.00415954
34.66606140	0.00398981
34.67798233	0.00300391
34.68990326	0.00151843
34.70182419	0.00055236
34.71374512	0.00062234
34.72566605	0.00130541
34.73758698	0.00163629
34.74950790	0.00171076
34.76142883	0.00231547
34.77334976	0.00460553
34.78527069	0.00699202
34.79719162	0.00747943
34.80911255	0.00748541
34.82103348	0.00564022
34.83295441	0.00276548
34.84487534	0.00358547
34.85679626	0.00369899
34.86871719	0.00337455
34.88063812	0.00209899
34.89255905	0.00068120
34.90447998	0.00026153
34.91640091	0.00102799
34.92832184	0.00170186
34.94024277	0.00220243
34.95216370	0.00252713
34.96408463	0.00314520
34.97600555	0.00571424
34.98792648	0.00809938
34.99984741	0.00873955
35.01176834	0.00858717
35.02368927	0.00590503
35.03561020	0.00329517
35.04753113	0.00358389
35.05945206	0.00337302
35.07137299	0.00280546
35.08329391	0.00152811
35.09521484	0.00085091
35.10713577	0.00058293
35.11905670	0.00083459
35.13097763	0.00171631
35.14289856	0.00212390
35.15481949	0.00245208
35.16674042	0.00368484
35.17866135	0.00626270
35.19058228	0.00785313
35.20250320	0.00802963
35.21442413	0.00741635
35.22634506	0.00397305
35.23826599	0.00227247
35.25018692	0.00307972
35.26210785	0.00300077
35.27402878	0.00242019
35.28594971	0.00103330
35.29787064	0.00072888
35.30979156	0.00099367
35.32171249	0.00124151
35.33363342	0.00171736
35.34555435	0.00204168
35.35747528	0.00241264
35.36939621	0.00368160
35.38131714	0.00608887
35.39323807	0.00732902
35.40515900	0.00766527
35.41707993	0.00692996
35.42900085	0.00366862
35.44092178	0.00248061
35.45284271	0.00276919
35.46476364	0.00271228
35.47668457	0.00224459
35.48860550	0.00109655
35.50052643	0.00006385
35.51244736	0.00096228
35.52436829	0.00166675
35.53628922	0.00221103
35.54821014	0.00248520
35.56013107	0.00254159
35.57205200	0.00394228
35.58397293	0.00644170
35.59589386	0.00734762
35.60781479	0.00760089
35.61973572	0.00630695
35.63165665	0.00276672
35.64357758	0.00247339
35.65549850	0.00279397
35.66741943	0.00259332
35.67934036	0.00153722
35.69126129	0.00069936
35.70318222	0.00086305
35.71510315	0.00051648
35.72702408	0.00102409
35.73894501	0.00162325
35.75086594	0.00212712
35.76278687	0.00300657
35.77470779	0.00497410
35.78662872	0.00698278
35.79854965	0.00775774
35.81047058	0.00786596
35.82239151	0.00553747
35.83431244	0.00243378
35.84623337	0.00284306
35.85815430	0.00266359
35.87007523	0.00224658
35.88199615	0.00117274
35.89391708	0.00106801
35.90583801	0.00149412
35.91775894	0.00154267
35.92967987	0.00182463
35.94160080	0.00185378
35.95352173	0.00178792
35.96544266	0.00244465
35.97736359	0.00458738
35.98928452	0.00625411
36.00120544	0.00673260
36.01312637	0.00679492
36.02504730	0.00443612
36.03696823	0.00175216
36.04888916	0.00165751
36.06081009	0.00163981
36.07273102	0.00141653
36.08465195	0.00025179
36.09657288	0.00084685
36.10849380	0.00124339
36.12041473	0.00178288
36.13233566	0.00249067
36.14425659	0.00290950
36.15617752	0.00350084
36.16809845	0.00463848
36.18001938	0.00630311
36.19194031	0.00692741
36.20386124	0.00661894
36.21578217	0.00567300
36.22770309	0.00259770
36.23962402	0.00153841
36.25154495	0.00190503
36.26346588	0.00161751
36.27538681	0.00104737
36.28730774	0.00059258
36.29922867	0.00120753
36.31114960	0.00144496
36.32307053	0.00177216
36.33499146	0.00233096
36.34691238	0.00263409
36.35883331	0.00294604
36.37075424	0.00435306
36.38267517	0.00662114
36.39459610	0.00774195
36.40651703	0.00812084
36.41843796	0.00724561
36.43035889	0.00409952
36.44227982	0.00168927
36.45420074	0.00088000
36.46612167	0.00020109
36.47804260	0.00055088
36.48996353	0.00125798
36.50188446	0.00156348
36.51380539	0.00155160
36.52572632	0.00170274
36.53764725	0.00197039
36.54956818	0.00206194
36.56148911	0.00215793
36.57341003	0.00332081
36.58533096	0.00492584
36.59725189	0.00541078
36.60917282	0.00553226
36.62109375	0.00424461
36.63301468	0.00143930
36.64493561	0.00067149
36.65685654	0.00053513
36.66877747	0.00064505
36.68069839	0.00030531
36.69261932	0.00021412
36.70454025	0.00023330
36.71646118	0.00050603
36.72838211	0.00100559
36.74030304	0.00140266
36.75222397	0.00191304
36.76414490	0.00273900
36.77606583	0.00470763
36.78798676	0.00652906
36.79990768	0.00685180
36.81182861	0.00633636
36.82374954	0.00401708
36.83567047	0.00131314
36.84759140	0.00119281
36.85951233	0.00092167
36.87143326	0.00067142
36.88335419	0.00092661
36.89527512	0.00146035
36.90719604	0.00154068
36.91911697	0.00160949
36.93103790	0.00194324
36.94295883	0.00220487
36.95487976	0.00250875
36.96680069	0.00319772
36.97872162	0.00488442
36.99064255	0.00601034
37.00256348	0.00607160
37.01448441	0.00552729
37.02640533	0.00310649
37.03832626	0.00086478
37.05024719	0.00082367
37.06216812	0.00078705
37.07408905	0.00111311
37.08600998	0.00127808
37.09793091	0.00146867
37.10985184	0.00194539
37.12177277	0.00273138
37.13369370	0.00326321
37.14561462	0.00352867
37.15753555	0.00381894
37.16945648	0.00413560
37.18137741	0.00486280
37.19329834	0.00526081
37.20521927	0.00529954
37.21714020	0.00456565
37.22906113	0.00223919
37.24098206	0.00115758
37.25290298	0.00137065
37.26482391	0.00150294
37.27674484	0.00126213
37.28866577	0.00071334
37.30058670	0.00086106
37.31250763	0.00130798
37.32442856	0.00204649
37.33634949	0.00255815
37.34827042	0.00267518
37.36019135	0.00272886
37.37211227	0.00347672
37.38403320	0.00473251
37.39595413	0.00517876
37.40787506	0.00541817
37.41979599	0.00474163
37.43171692	0.00231647
37.44363785	0.00059164
37.45555878	0.00009896
37.46747971	0.00048731
37.47940063	0.00081478
37.49132156	0.00125159
37.50324249	0.00154692
37.51516342	0.00155959
37.52708435	0.00168984
37.53900528	0.00207244
37.55092621	0.00232568
37.56284714	0.00269582
37.57476807	0.00380136
37.58668900	0.00513542
37.59860992	0.00570300
37.61053085	0.00567053
37.62245178	0.00434252
37.63437271	0.00206862
37.64629364	0.00085153
37.65821457	0.00056993
37.67013550	0.00111431
37.68205643	0.00157057
37.69397736	0.00199468
37.70589828	0.00214356
37.71781921	0.00183448
37.72974014	0.00165639
37.74166107	0.00176492
37.75358200	0.00211358
37.76550293	0.00277617
37.77742386	0.00378645
37.78934479	0.00456535
37.80126572	0.00476558
37.81318665	0.00447795
37.82510757	0.00303157
37.83702850	0.00130480
37.84894943	0.00053217
37.86087036	0.00018482
37.87279129	0.00024047
37.88471222	0.00065842
37.89663315	0.00116317
37.90855408	0.00151959
37.92047501	0.00168714
37.93239594	0.00192005
37.94431686	0.00210475
37.95623779	0.00247137
37.96815872	0.00319056
37.98007965	0.00412355
37.99200058	0.00463965
38.00392151	0.00470205
38.01584244	0.00427101
38.02776337	0.00276386
38.03968430	0.00119023
38.05160522	0.00088106
38.06352615	0.00142303
38.07544708	0.00190089
38.08736801	0.00215407
38.09928894	0.00217247
38.11120987	0.00193267
38.12313080	0.00196882
38.13505173	0.00235891
38.14697266	0.00280574
38.15889359	0.00313597
38.17081451	0.00346948
38.18273544	0.00417658
38.19465637	0.00457001
38.20657730	0.00457970
38.21849823	0.00414639
38.23041916	0.00266702
38.24234009	0.00148112
38.25426102	0.00127502
38.26618195	0.00115100
38.27810287	0.00133195
38.29002380	0.00159042
38.30194473	0.00172159
38.31386566	0.00181102
38.32578659	0.00175330
38.33770752	0.00155207
38.34962845	0.00144206
38.36154938	0.00177676
38.37347031	0.00262207
38.38539124	0.00362730
38.39731216	0.00409078
38.40923309	0.00399042
38.42115402	0.00338358
38.43307495	0.00241821
38.44499588	0.00207523
38.45691681	0.00205452
38.46883774	0.00165595
38.48075867	0.00137862
38.49267960	0.00145748
38.50460052	0.00178805
38.51652145	0.00200642
38.52844238	0.00202657
38.54036331	0.00198355
38.55228424	0.00193744
38.56420517	0.00219178
38.57612610	0.00287601
38.58804703	0.00342164
38.59996796	0.00335426
38.61188889	0.00288472
38.62380981	0.00192437
38.63573074	0.00092039
38.64765167	0.00105200
38.65957260	0.00175654
38.67149353	0.00216181
38.68341446	0.00236125
38.69533539	0.00250317
38.70725632	0.00253399
38.71917725	0.00248998
38.73109818	0.00245277
38.74301910	0.00235830
38.75494003	0.00217856
38.76686096	0.00206731
38.77878189	0.00227891
38.79070282	0.00251951
38.80262375	0.00243246
38.81454468	0.00217659
38.82646561	0.00177111
38.83838654	0.00133883
38.85030746	0.00146824
38.86222839	0.00162948
38.87414932	0.00164307
38.88607025	0.00172161
38.89799118	0.00177668
38.90991211	0.00180921
38.92183304	0.00172927
38.93375397	0.00182069
38.94567490	0.00234268
38.95759583	0.00272636
38.96951675	0.00284739
38.98143768	0.00285284
38.99335861	0.00266130
39.00527954	0.00264152
39.01720047	0.00272698
39.02912140	0.00267154
39.04104233	0.00284787
39.05296326	0.00304224
39.06488419	0.00305780
39.07680511	0.00309401
39.08872604	0.00318653
39.10064697	0.00323808
39.11256790	0.00303143
39.12448883	0.00264627
39.13640976	0.00249053
39.14833069	0.00262561
39.16025162	0.00250058
39.17217255	0.00219876
39.18409348	0.00209910
39.19601440	0.00215372
39.20793533	0.00230968
39.21985626	0.00244605
39.23177719	0.00266321
39.24369812	0.00283460
39.25561905	0.00265865
39.26753998	0.00240790
39.27946091	0.00211833
39.29138184	0.00186898
39.30330276	0.00196479
39.31522369	0.00214492
39.32714462	0.00228045
39.33906555	0.00246442
39.35098648	0.00252046
39.36290741	0.00223139
39.37482834	0.00166790
39.38674927	0.00118803
39.39867020	0.00100767
39.41059113	0.00104262
39.42251205	0.00140546
39.43443298	0.00203642
39.44635391	0.00252227
39.45827484	0.00269553
39.47019577	0.00254252
39.48211670	0.00226827
39.49403763	0.00231834
39.50595856	0.00234129
39.51787949	0.00213206
39.52980042	0.00194688
39.54172134	0.00179455
39.55364227	0.00189425
39.56556320	0.00191223
39.57748413	0.00148972
39.58940506	0.00119927
39.60132599	0.00127119
39.61324692	0.00158346
39.62516785	0.00228925
39.63708878	0.00287561
39.64900970	0.00295092
39.66093063	0.00282054
39.67285156	0.00260926
39.68477249	0.00252209
39.69669342	0.00260320
39.70861435	0.00262356
39.72053528	0.00255186
39.73245621	0.00231381
39.74437714	0.00197590
39.75629807	0.00159724
39.76821899	0.00117006
39.78013992	0.00090038
39.79206085	0.00083558
39.80398178	0.00079709
39.81590271	0.00110200
39.82782364	0.00238473
39.83974457	0.00366153
39.85166550	0.00387201
39.86358643	0.00346856
39.87550735	0.00294864
39.88742828	0.00233027
39.89934921	0.00181643
39.91127014	0.00165707
39.92319107	0.00153939
39.93511200	0.00110093
39.94703293	0.00085342
39.95895386	0.00089798
39.97087479	0.00069993
39.98279572	0.00035718
39.99471664	0.00011753
40.00663757	0.00011492
40.01855850	0.00048809
40.03047943	0.00141012
40.04240036	0.00213212
40.05432129	0.00232343
40.06624222	0.00232793
40.07816315	0.00196732
40.09008408	0.00184870
40.10200500	0.00189683
40.11392593	0.00183020
40.12584686	0.00178767
40.13776779	0.00183153
40.14968872	0.00192591
40.16160965	0.00154377
40.17353058	0.00066423
40.18545151	0.00006277
40.19737244	0.00054980
40.20929337	0.00078859
40.22121429	0.00105327
40.23313522	0.00232527
40.24505615	0.00312605
40.25697708	0.00307413
40.26889801	0.00303578
40.28081894	0.00290857
40.29273987	0.00276692
40.30466080	0.00272542
40.31658173	0.00263127
40.32850266	0.00235227
40.34042358	0.00224228
40.35234451	0.00204456
40.36426544	0.00137538
40.37618637	0.00044450
40.38810730	0.00049910
40.40002823	0.00084384
40.41194916	0.00134267
40.42387009	0.00117826
40.43579102	0.00236497
40.44771194	0.00328661
40.45963287	0.00340510
40.47155380	0.00318366
40.48347473	0.00270988
40.49539566	0.00262093
40.50731659	0.00268071
40.51923752	0.00272235
40.53115845	0.00261256
40.54307938	0.00208073
40.55500031	0.00156720
40.56692123	0.00141278
40.57884216	0.00137836
40.59076309	0.00100597
40.60268402	0.00047292
40.61460495	0.00044160
40.62652588	0.00232229
40.63844681	0.00464659
40.65036774	0.00562292
40.66228867	0.00572912
40.67420959	0.00502576
40.68613052	0.00392689
40.69805145	0.00322648
40.70997238	0.00275536
40.72189331	0.00243816
40.73381424	0.00187497
40.74573517	0.00131724
40.75765610	0.00107028
40.76957703	0.00046343
40.78149796	0.00058704
40.79341888	0.00087383
40.80533981	0.00070195
40.81726074	0.00078884
40.82918167	0.00225072
40.84110260	0.00376547
40.85302353	0.00389929
40.86494446	0.00367800
40.87686539	0.00305731
40.88878632	0.00237768
40.90070724	0.00203881
40.91262817	0.00169305
40.92454910	0.00143988
40.93647003	0.00101594
40.94839096	0.00076299
40.96031189	0.00081034
40.97223282	0.00094604
40.98415375	0.00158512
40.99607468	0.00153224
41.00799561	0.00138755
41.01991653	0.00086964
41.03183746	0.00315812
41.04375839	0.00475237
41.05567932	0.00469819
41.06760025	0.00419795
41.07952118	0.00305847
41.09144211	0.00244730
41.10336304	0.00254385
41.11528397	0.00252626
41.12720490	0.00219460
41.13912582	0.00166903
41.15104675	0.00116575
41.16296768	0.00062918
41.17488861	0.00092274
41.18680954	0.00174062
41.19873047	0.00202955
41.21065140	0.00242604
41.22257233	0.00201523
41.23449326	0.00331688
41.24641418	0.00433942
41.25833511	0.00422930
41.27025604	0.00402064
41.28217697	0.00308560
41.29409790	0.00209316
41.30601883	0.00165949
41.31793976	0.00138576
41.32986069	0.00091772
41.34178162	0.00077999
41.35370255	0.00072670
41.36562347	0.00048059
41.37754440	0.00205039
41.38946533	0.00285984
41.40138626	0.00269070
41.41330719	0.00245865
41.42522812	0.00226217
41.43714905	0.00453624
41.44906998	0.00541617
41.46099091	0.00503158
41.47291183	0.00417164
41.48483276	0.00277057
41.49675369	0.00203387
41.50867462	0.00200870
41.52059555	0.00210661
41.53251648	0.00203264
41.54443741	0.00174358
41.55635834	0.00130075
41.56827927	0.00084555
41.58020020	0.00202235
41.59212112	0.00276477
41.60404205	0.00289908
41.61596298	0.00272664
41.62788391	0.00257816
41.63980484	0.00409530
41.65172577	0.00428966
41.66364670	0.00397192
41.67556763	0.00333168
41.68748856	0.00244755
41.69940948	0.00208433
41.71133041	0.00169720
41.72325134	0.00136867
41.73517227	0.00098678
41.74709320	0.00058422
41.75901413	0.00078169
41.77093506	0.00213494
41.78285599	0.00358312
41.79477692	0.00380140
41.80669785	0.00361705
41.81861877	0.00262686
41.83053970	0.00224622
41.84246063	0.00445535
41.85438156	0.00473413
41.86630249	0.00452961
41.87822342	0.00343340
41.89014435	0.00237032
41.90206528	0.00221602
41.91398621	0.00175196
41.92590714	0.00113168
41.93782806	0.00065719
41.94974899	0.00060197
41.96166992	0.00025766
41.97359085	0.00149472
41.98551178	0.00324647
41.99743271	0.00368754
42.00935364	0.00396537
42.02127457	0.00300951
42.03319550	0.00302325
42.04511642	0.00464624
42.05703735	0.00478081
42.06895828	0.00458824
42.08087921	0.00361465
42.09280014	0.00260122
42.10472107	0.00202393
42.11664200	0.00154501
42.12856293	0.00112262
42.14048386	0.00110770
42.15240479	0.00090021
42.16432571	0.00045802
42.17624664	0.00288727
42.18816757	0.00466526
42.20008850	0.00486335
42.21200943	0.00454625
42.22393036	0.00252476
42.23585129	0.00340801
42.24777222	0.00478791
42.25969315	0.00471807
42.27161407	0.00447234
42.28353500	0.00339166
42.29545593	0.00268904
42.30737686	0.00255578
42.31929779	0.00216915
42.33121872	0.00148755
42.34313965	0.00116664
42.35506058	0.00081564
42.36698151	0.00035578
42.37890244	0.00226825
42.39082336	0.00330934
42.40274429	0.00346127
42.41466522	0.00318795
42.42658615	0.00216102
42.43850708	0.00462498
42.45042801	0.00559761
42.46234894	0.00540262
42.47426987	0.00463945
42.48619080	0.00341575
42.49811172	0.00249288
42.51003265	0.00175531
42.52195358	0.00136741
42.53387451	0.00063374
42.54579544	0.00033824
42.55771637	0.00058702
42.56963730	0.00084740
42.58155823	0.00294176
42.59347916	0.00410581
42.60540009	0.00437848
42.61732101	0.00374112
42.62924194	0.00281706
42.64116287	0.00514242
42.65308380	0.00574168
42.66500473	0.00537936
42.67692566	0.00407955
42.68884659	0.00221513
42.70076752	0.00118602
42.71268845	0.00057971
42.72460938	0.00015734
42.73653030	0.00041616
42.74845123	0.00106792
42.76037216	0.00098640
42.77229309	0.00148839
42.78421402	0.00337251
42.79613495	0.00425398
42.80805588	0.00449065
42.81997681	0.00320203
42.83189774	0.00245915
42.84381866	0.00434431
42.85573959	0.00453800
42.86766052	0.00412759
42.87958145	0.00274954
42.89150238	0.00157565
42.90342331	0.00130736
42.91534424	0.00100802
42.92726517	0.00077698
42.93918610	0.00029890
42.95110703	0.00014755
42.96302795	0.00096772
42.97494888	0.00299287
42.98686981	0.00473084
42.99879074	0.00527353
43.01071167	0.00531064
43.02263260	0.00326408
43.03455353	0.00281578
43.04647446	0.00444151
43.05839539	0.00459637
43.07031631	0.00419230
43.08223724	0.00269286
43.09415817	0.00160738
43.10607910	0.00130772
43.11800003	0.00110936
43.12992096	0.00087992
43.14184189	0.00044659
43.15376282	0.00025858
43.16568375	0.00128030
43.17760468	0.00367590
43.18952560	0.00500045
43.20144653	0.00507838
43.21336746	0.00477875
43.22528839	0.00280867
43.23720932	0.00416852
43.24913025	0.00500708
43.26105118	0.00468497
43.27297211	0.00406236
43.28489304	0.00256841
43.29681396	0.00155480
43.30873489	0.00099376
43.32065582	0.00055413
43.33257675	0.00040512
43.34449768	0.00109235
43.35641861	0.00168720
43.36833954	0.00252670
43.38026047	0.00451826
43.39218140	0.00566920
43.40410233	0.00593078
43.41602325	0.00541261
43.42794418	0.00354372
43.43986511	0.00500962
43.45178604	0.00562449
43.46370697	0.00535337
43.47562790	0.00422065
43.48754883	0.00210720
43.49946976	0.00093497
43.51139069	0.00060406
43.52331161	0.00034009
43.53523254	0.00011052
43.54715347	0.00007696
43.55907440	0.00041584
43.57099533	0.00224084
43.58291626	0.00451249
43.59483719	0.00525743
43.60675812	0.00553329
43.61867905	0.00481212
43.63059998	0.00346627
43.64252090	0.00506977
43.65444183	0.00524560
43.66636276	0.00483352
43.67828369	0.00347838
43.69020462	0.00139303
43.70212555	0.00045657
43.71404648	0.00074516
43.72596741	0.00104190
43.73788834	0.00108446
43.74980927	0.00111463
43.76173019	0.00198160
43.77365112	0.00402133
43.78557205	0.00583881
43.79749298	0.00601152
43.80941391	0.00590348
43.82133484	0.00440605
43.83325577	0.00279856
43.84517670	0.00439626
43.85709763	0.00473249
43.86901855	0.00469756
43.88093948	0.00330334
43.89286041	0.00152617
43.90478134	0.00113666
43.91670227	0.00092874
43.92862320	0.00041572
43.94054413	0.00044913
43.95246506	0.00084827
43.96438599	0.00171168
43.97630692	0.00402793
43.98822784	0.00586178
44.00014877	0.00627176
44.01206970	0.00611469
44.02399063	0.00331446
44.03591156	0.00242293
44.04783249	0.00408139
44.05975342	0.00430760
44.07167435	0.00404889
44.08359528	0.00246424
44.09551620	0.00107396
44.10743713	0.00069504
44.11935806	0.00119833
44.13127899	0.00162536
44.14319992	0.00164288
44.15512085	0.00186171
44.16704178	0.00271198
44.17896271	0.00470537
44.19088364	0.00588042
44.20280457	0.00598410
44.21472549	0.00535244
44.22664642	0.00263536
44.23856735	0.00392657
44.25048828	0.00479125
44.26240921	0.00447783
44.27433014	0.00355347
44.28625107	0.00174986
44.29817200	0.00078873
44.31009293	0.00053025
44.32201385	0.00058719
44.33393478	0.00068537
44.34585571	0.00055952
44.35777664	0.00128601
44.36969757	0.00293248
44.38161850	0.00518948
44.39353943	0.00612843
44.40546036	0.00630755
44.41738129	0.00542948
44.42930222	0.00236222
44.44122314	0.00368683
44.45314407	0.00426851
44.46506500	0.00424820
44.47698593	0.00332914
44.48890686	0.00183675
44.50082779	0.00127922
44.51274872	0.00084435
44.52466965	0.00108476
44.53659058	0.00145639
44.54851151	0.00165279
44.56043243	0.00211031
44.57235336	0.00340181
44.58427429	0.00503314
44.59619522	0.00545210
44.60811615	0.00539770
44.62003708	0.00416297
44.63195801	0.00260429
44.64387894	0.00408376
44.65579987	0.00421210
44.66772079	0.00392510
44.67964172	0.00269688
44.69156265	0.00106461
44.70348358	0.00039167
44.71540451	0.00057644
44.72732544	0.00100106
44.73924637	0.00108546
44.75116730	0.00113579
44.76308823	0.00186786
44.77500916	0.00394724
44.78693008	0.00572626
44.79885101	0.00595897
44.81077194	0.00573845
44.82269287	0.00377696
44.83461380	0.00317347
44.84653473	0.00449275
44.85845566	0.00438660
44.87037659	0.00417832
44.88229752	0.00299588
44.89421844	0.00168018
44.90613937	0.00109683
44.91806030	0.00074748
44.92998123	0.00071425
44.94190216	0.00082420
44.95382309	0.00163041
44.96574402	0.00259792
44.97766495	0.00427707
44.98958588	0.00564123
45.00150681	0.00603468
45.01342773	0.00578100
45.02534866	0.00295663
45.03726959	0.00189921
45.04919052	0.00308927
45.06111145	0.00318851
45.07303238	0.00290510
45.08495331	0.00162081
45.09687424	0.00131446
45.10879517	0.00090822
45.12071609	0.00040554
45.13263702	0.00147008
45.14455795	0.00223032
45.15647888	0.00258832
45.16839981	0.00354544
45.18032074	0.00529685
45.19224167	0.00622908
45.20416260	0.00660821
45.21608353	0.00637864
45.22800446	0.00399069
45.23992538	0.00298432
45.25184631	0.00305215
45.26376724	0.00298430
45.27568817	0.00247530
45.28760910	0.00090505
45.29953003	0.00034518
45.31145096	0.00068598
45.32337189	0.00072309
45.33529282	0.00098833
45.34721375	0.00127321
45.35913467	0.00176964
45.37105560	0.00317383
45.38297653	0.00531692
45.39489746	0.00616295
45.40681839	0.00631928
45.41873932	0.00531574
45.43066025	0.00234509
45.44258118	0.00246372
45.45450211	0.00265920
45.46642303	0.00268358
45.47834396	0.00208648
45.49026489	0.00101289
45.50218582	0.00057703
45.51410675	0.00018416
45.52602768	0.00101745
45.53794861	0.00154845
45.54986954	0.00207470
45.56179047	0.00303477
45.57371140	0.00475168
45.58563232	0.00642259
45.59755325	0.00670398
45.60947418	0.00625507
45.62139511	0.00433451
45.63331604	0.00271202
45.64523697	0.00387755
45.65715790	0.00380018
45.66907883	0.00330552
45.68099976	0.00203487
45.69292068	0.00076430
45.70484161	0.00067946
45.71676254	0.00091520
45.72868347	0.00109544
45.74060440	0.00130168
45.75252533	0.00193338
45.76444626	0.00253366
45.77636719	0.00389877
45.78828812	0.00526752
45.80020905	0.00548827
45.81212997	0.00529548
45.82405090	0.00317526
45.83597183	0.00167866
45.84789276	0.00255145
45.85981369	0.00239405
45.87173462	0.00217566
45.88365555	0.00107304
45.89557648	0.00019165
45.90749741	0.00052592
45.91941833	0.00094525
45.93133926	0.00155187
45.94326019	0.00176277
45.95518112	0.00183147
45.96710205	0.00232594
45.97902298	0.00372736
45.99094391	0.00469733
46.00286484	0.00496148
46.01478577	0.00473705
46.02670670	0.00263541
46.03862762	0.00211832
46.05054855	0.00270510
46.06246948	0.00262313
46.07439041	0.00218018
46.08631134	0.00102391
46.09823227	0.00067191
46.11015320	0.00129779
46.12207413	0.00185561
46.13399506	0.00212164
46.14591599	0.00212063
46.15783691	0.00239463
46.16975784	0.00331571
46.18167877	0.00475672
46.19359970	0.00545677
46.20552063	0.00570665
46.21744156	0.00502036
46.22936249	0.00260045
46.24128342	0.00183002
46.25320435	0.00184618
46.26512527	0.00172101
46.27704620	0.00121602
46.28896713	0.00103666
46.30088806	0.00154102
46.31280899	0.00160616
46.32472992	0.00151326
46.33665085	0.00175236
46.34857178	0.00217872
46.36049271	0.00278029
46.37241364	0.00377268
46.38433456	0.00499356
46.39625549	0.00537990
46.40817642	0.00524716
46.42009735	0.00385290
46.43201828	0.00113668
46.44393921	0.00143847
46.45586014	0.00154608
46.46778107	0.00151444
46.47970200	0.00127678
46.49162292	0.00124814
46.50354385	0.00135126
46.51546478	0.00141629
46.52738571	0.00181880
46.53930664	0.00204138
46.55122757	0.00207260
46.56314850	0.00228378
46.57506943	0.00316265
46.58699036	0.00436485
46.59891129	0.00498033
46.61083221	0.00537410
46.62275314	0.00433897
46.63467407	0.00255918
46.64659500	0.00227744
46.65851593	0.00200862
46.67043686	0.00140092
46.68235779	0.00040266
46.69427872	0.00122736
46.70619965	0.00168587
46.71812057	0.00172863
46.73004150	0.00170733
46.74196243	0.00169867
46.75388336	0.00177435
46.76580429	0.00209491
46.77772522	0.00349460
46.78964615	0.00479503
46.80156708	0.00522086
46.81348801	0.00519157
46.82540894	0.00344651
46.83732986	0.00154219
46.84925079	0.00106850
46.86117172	0.00077508
46.87309265	0.00102033
46.88501358	0.00132195
46.89693451	0.00182910
46.90885544	0.00195419
46.92077637	0.00199819
46.93269730	0.00203667
46.94461823	0.00206097
46.95653915	0.00225963
46.96846008	0.00284263
46.98038101	0.00388452
46.99230194	0.00457119
47.00422287	0.00486767
47.01614380	0.00454429
47.02806473	0.00268154
47.03998566	0.00138489
47.05190659	0.00115593
47.06382751	0.00096775
47.07574844	0.00077159
47.08766937	0.00092658
47.09959030	0.00174808
47.11151123	0.00222769
47.12343216	0.00261026
47.13535309	0.00281799
47.14727402	0.00266700
47.15919495	0.00247154
47.17111588	0.00280020
47.18303680	0.00377183
47.19495773	0.00421787
47.20687866	0.00430779
47.21879959	0.00357710
47.23072052	0.00185455
47.24264145	0.00133775
47.25456238	0.00093672
47.26648331	0.00055488
47.27840424	0.00046174
47.29032516	0.00110057
47.30224609	0.00154878
47.31416702	0.00167742
47.32608795	0.00156983
47.33800888	0.00146485
47.34992981	0.00142454
47.36185074	0.00148996
47.37377167	0.00229273
47.38569260	0.00351653
47.39761353	0.00399933
47.40953445	0.00398818
47.42145538	0.00307593
47.43337631	0.00146188
47.44529724	0.00097277
47.45721817	0.00091897
47.46913910	0.00101517
47.48106003	0.00104613
47.49298096	0.00154194
47.50490189	0.00196346
47.51682281	0.00220897
47.52874374	0.00245427
47.54066467	0.00256956
47.55258560	0.00268998
47.56450653	0.00288329
47.57642746	0.00352071
47.58834839	0.00419483
47.60026932	0.00419851
47.61219025	0.00375815
47.62411118	0.00230926
47.63603210	0.00061870
47.64795303	0.00034461
47.65987396	0.00057532
47.67179489	0.00093574
47.68371582	0.00152926
47.69563675	0.00191201
47.70755768	0.00201658
47.71947861	0.00218215
47.73139954	0.00229608
47.74332047	0.00235410
47.75524139	0.00249894
47.76716232	0.00263991
47.77908325	0.00287122
47.79100418	0.00304917
47.80292511	0.00312057
47.81484604	0.00303736
47.82676697	0.00210371
47.83868790	0.00111196
47.85060883	0.00114664
47.86252975	0.00133789
47.87445068	0.00145348
47.88637161	0.00197574
47.89829254	0.00221188
47.91021347	0.00209459
47.92213440	0.00229971
47.93405533	0.00268506
47.94597626	0.00284013
47.95789719	0.00291000
47.96981812	0.00303421
47.98173904	0.00327050
47.99365997	0.00331931
48.00558090	0.00314103
48.01750183	0.00272304
48.02942276	0.00183008
48.04134369	0.00109975
48.05326462	0.00094591
48.06518555	0.00079128
48.07710648	0.00093347
48.08902740	0.00122416
48.10094833	0.00148518
48.11286926	0.00170717
48.12479019	0.00188626
48.13671112	0.00221852
48.14863205	0.00244576
48.16055298	0.00228429
48.17247391	0.00223339
48.18439484	0.00262103
48.19631577	0.00283172
48.20823669	0.00290530
48.22015762	0.00255413
48.23207855	0.00159312
48.24399948	0.00116811
48.25592041	0.00151853
48.26784134	0.00168846
48.27976227	0.00179990
48.29168320	0.00210529
48.30360413	0.00243103
48.31552505	0.00235840
48.32744598	0.00221333
48.33936691	0.00226958
48.35128784	0.00221682
48.36320877	0.00244491
48.37512970	0.00302155
48.38705063	0.00357021
48.39897156	0.00387355
48.41089249	0.00393040
48.42281342	0.00364342
48.43473434	0.00308877
48.44665527	0.00279580
48.45857620	0.00258268
48.47049713	0.00222006
48.48241806	0.00214358
48.49433899	0.00229439
48.50625992	0.00242410
48.51818085	0.00249120
48.53010178	0.00249609
48.54202271	0.00253495
48.55394363	0.00253911
48.56586456	0.00258420
48.57778549	0.00318879
48.58970642	0.00403367
48.60162735	0.00442023
48.61354828	0.00403905
48.62546921	0.00314670
48.63739014	0.00238563
48.64931107	0.00217675
48.66123199	0.00249236
48.67315292	0.00275708
48.68507385	0.00285744
48.69699478	0.00304989
48.70891571	0.00298784
48.72083664	0.00261912
48.73275757	0.00231961
48.74467850	0.00204978
48.75659943	0.00194532
48.76852036	0.00209096
48.78044128	0.00251324
48.79236221	0.00310592
48.80428314	0.00342629
48.81620407	0.00347572
