Частота	Канал A
(kГц)	(В)

0.00000000	0.69708610
0.01192093	0.48415650
0.02384186	0.33028490
0.03576279	0.10523820
0.04768372	0.00991400
0.05960464	0.00039167
0.07152557	0.00051731
0.08344650	0.00074941
0.09536743	0.00093264
0.10728836	0.00144084
0.11920929	0.00321372
0.13113022	0.00876572
0.14305115	0.01305717
0.15497208	0.01340541
0.16689301	0.01255556
0.17881393	0.00885876
0.19073486	0.00285967
0.20265579	0.00089188
0.21457672	0.00075630
0.22649765	0.00038653
0.23841858	0.00021317
0.25033951	0.00050947
0.26226044	0.00075956
0.27418137	0.00191406
0.28610229	0.00552232
0.29802322	0.00869814
0.30994415	0.00930887
0.32186508	0.00905163
0.33378601	0.00673467
0.34570694	0.00232832
0.35762787	0.00031423
0.36954880	0.00083811
0.38146973	0.00086818
0.39339066	0.00080155
0.40531158	0.00086183
0.41723251	0.00093375
0.42915344	0.00073075
0.44107437	0.00146822
0.45299530	0.00319748
0.46491623	0.00381665
0.47683716	0.00399506
0.48875809	0.00325963
0.50067902	0.00117265
0.51259995	0.00046975
0.52452087	0.00072753
0.53644180	0.00062449
0.54836273	0.00044562
0.56028366	0.00025444
0.57220459	0.00050520
0.58412552	0.00073046
0.59604645	0.00110062
0.60796738	0.00164830
0.61988831	0.00170780
0.63180923	0.00149437
0.64373016	0.00139731
0.65565109	0.00113991
0.66757202	0.00097808
0.67949295	0.00095122
0.69141388	0.00092551
0.70333481	0.00096145
0.71525574	0.00096895
0.72717667	0.00079604
0.73909760	0.00079410
0.75101852	0.00233521
0.76293945	0.00508165
0.77486038	0.00618884
0.78678131	0.00637721
0.79870224	0.00569739
0.81062317	0.00299908
0.82254410	0.00071703
0.83446503	0.00019421
0.84638596	0.00021612
0.85830688	0.00024843
0.87022781	0.00008292
0.88214874	0.00019987
0.89406967	0.00027869
0.90599060	0.00253911
0.91791153	0.00656532
0.92983246	0.00819642
0.94175339	0.00844474
0.95367432	0.00760158
0.96559525	0.00380440
0.97751617	0.00038343
0.98943710	0.00050572
1.00135803	0.00027895
1.01327896	0.00029668
1.02519989	0.00044703
1.03712082	0.00057494
1.04904175	0.00020412
1.06096268	0.00250593
1.07288361	0.00621212
1.08480453	0.00765878
1.09672546	0.00770988
1.10864639	0.00666069
1.12056732	0.00361315
1.13248825	0.00062083
1.14440918	0.00051818
1.15633011	0.00040349
1.16825104	0.00020754
1.18017197	0.00007517
1.19209290	0.00068199
1.20401382	0.01602444
1.21593475	0.13527170
1.22785568	0.37138940
1.23977661	0.50367870
1.25169754	0.51284170
1.26361847	0.48470050
1.27553940	0.30339520
1.28746033	0.08368280
1.29938126	0.00575980
1.31130219	0.00103563
1.32322311	0.00080123
1.33514404	0.00052098
1.34706497	0.00031675
1.35898590	0.00016589
1.37090683	0.00331422
1.38282776	0.01052407
1.39474869	0.01511554
1.40666962	0.01540601
1.41859055	0.01471604
1.43051147	0.00963932
1.44243240	0.00244426
1.45435333	0.00036861
1.46627426	0.00031721
1.47819519	0.00023244
1.49011612	0.00046730
1.50203705	0.00044878
1.51395798	0.00063922
1.52587891	0.00191861
1.53779984	0.00550914
1.54972076	0.00817926
1.56164169	0.00854630
1.57356262	0.00834461
1.58548355	0.00623378
1.59740448	0.00248323
1.60932541	0.00066293
1.62124634	0.00047759
1.63316727	0.00059934
1.64508820	0.00050046
1.65700912	0.00061301
1.66893005	0.00061428
1.68085098	0.00036645
1.69277191	0.00111085
1.70469284	0.00186963
1.71661377	0.00216259
1.72853470	0.00209973
1.74045563	0.00155760
1.75237656	0.00062653
1.76429749	0.00023271
1.77621841	0.00040739
1.78813934	0.00045955
1.80006027	0.00051685
1.81198120	0.00040309
1.82390213	0.00025398
1.83582306	0.00047708
1.84774399	0.00213738
1.85966492	0.00369455
1.87158585	0.00408908
1.88350677	0.00404530
1.89542770	0.00310517
1.90734863	0.00119446
1.91926956	0.00012160
1.93119049	0.00016083
1.94311142	0.00029284
1.95503235	0.00036699
1.96695328	0.00030036
1.97887421	0.00021033
1.99079514	0.00094786
2.00271606	0.00335401
2.01463699	0.00598100
2.02655792	0.00642015
2.03847885	0.00630503
2.05039978	0.00520890
2.06232071	0.00234438
2.07424164	0.00084921
2.08616257	0.00082832
2.09808350	0.00068258
2.11000443	0.00043884
2.12192535	0.00028852
2.13384628	0.00077645
2.14576721	0.00153721
2.15768814	0.00390107
2.16960907	0.00701368
2.18153000	0.00801036
2.19345093	0.00808539
2.20537186	0.00704714
2.21729279	0.00388672
2.22921371	0.00133941
2.24113464	0.00097021
2.25305557	0.00114107
2.26497650	0.00131997
2.27689743	0.00118784
2.28881836	0.00091611
2.30073929	0.00064544
2.31266022	0.00055003
2.32458115	0.00066933
2.33650208	0.00072833
2.34842300	0.00076668
2.36034393	0.00050636
2.37226486	0.00024214
2.38418579	0.00018691
2.39610672	0.00023154
2.40802765	0.00026665
2.41994858	0.00062391
2.43186951	0.00027875
2.44379044	0.00069386
2.45571136	0.02137869
2.46763229	0.15183160
2.47955322	0.36949260
2.49147415	0.46825990
2.50339508	0.47225150
2.51531601	0.43286820
2.52723694	0.24685830
2.53915787	0.05861182
2.55107880	0.00326592
2.56299973	0.00049681
2.57492065	0.00026803
2.58684158	0.00006053
2.59876251	0.00026854
2.61068344	0.00076117
2.62260437	0.00505817
2.63452530	0.01322171
2.64644623	0.01768236
2.65836716	0.01808701
2.67028809	0.01725209
2.68220901	0.01100179
2.69412994	0.00367600
2.70605087	0.00115407
2.71797180	0.00075298
2.72989273	0.00052482
2.74181366	0.00047583
2.75373459	0.00035967
2.76565552	0.00026319
2.77757645	0.00150366
2.78949738	0.00427745
2.80141830	0.00599117
2.81333923	0.00598096
2.82526016	0.00539786
2.83718109	0.00328895
2.84910202	0.00061845
2.86102295	0.00063017
2.87294388	0.00060129
2.88486481	0.00038858
2.89678574	0.00022028
2.90870667	0.00031829
2.92062759	0.00022555
2.93254852	0.00030473
2.94446945	0.00063692
2.95639038	0.00097693
2.96831131	0.00099653
2.98023224	0.00092845
2.99215317	0.00059688
3.00407410	0.00009377
3.01599503	0.00043795
3.02791595	0.00053085
3.03983688	0.00049736
3.05175781	0.00050515
3.06367874	0.00054441
3.07559967	0.00056149
3.08752060	0.00123581
3.09944153	0.00336107
3.11136246	0.00510253
3.12328339	0.00537554
3.13520432	0.00530288
3.14712524	0.00380312
3.15904617	0.00137317
3.17096710	0.00025777
3.18288803	0.00049660
3.19480896	0.00080405
3.20672989	0.00065539
3.21865082	0.00029013
3.23057175	0.00021464
3.24249268	0.00074700
3.25441360	0.00318961
3.26633453	0.00571727
3.27825546	0.00657353
3.29017639	0.00699374
3.30209732	0.00580238
3.31401825	0.00282115
3.32593918	0.00105537
3.33786011	0.00073108
3.34978104	0.00068966
3.36170197	0.00057723
3.37362289	0.00027315
3.38554382	0.00011695
3.39746475	0.00064148
3.40938568	0.00226010
3.42130661	0.00391201
3.43322754	0.00400801
3.44514847	0.00362520
3.45706940	0.00258241
3.46899033	0.00064361
3.48091125	0.00052533
3.49283218	0.00055410
3.50475311	0.00035244
3.51667404	0.00023929
3.52859497	0.00042354
3.54051590	0.00073697
3.55243683	0.00110992
3.56435776	0.00295053
3.57627869	0.00521816
3.58819962	0.00605009
3.60012054	0.00603766
3.61204147	0.00520042
3.62396240	0.00272075
3.63588333	0.00141503
3.64780426	0.00096586
3.65972519	0.00099541
3.67164612	0.00042317
3.68356705	0.00017661
3.69548798	0.00141815
3.70740891	0.02772059
3.71932983	0.15931760
3.73125076	0.34430920
3.74317169	0.41128970
3.75509262	0.41250080
3.76701355	0.36366810
3.77893448	0.18818100
3.79085541	0.03864759
3.80277634	0.00189193
3.81469727	0.00014854
3.82661819	0.00055713
3.83853912	0.00079204
3.85046005	0.00078816
3.86238098	0.00078324
3.87430191	0.00528691
3.88622284	0.01232506
3.89814377	0.01549144
3.91006470	0.01554464
3.92198563	0.01417787
3.93390656	0.00791432
3.94582748	0.00202006
3.95774841	0.00037250
3.96966934	0.00032732
3.98159027	0.00032428
3.99351120	0.00024881
4.00543213	0.00033011
4.01735306	0.00027751
4.02927399	0.00076996
4.04119492	0.00204517
4.05311584	0.00257464
4.06503677	0.00259394
4.07695770	0.00248563
4.08887863	0.00154636
4.10079956	0.00051425
4.11272049	0.00025053
4.12464142	0.00046702
4.13656235	0.00068003
4.14848328	0.00073562
4.16040421	0.00074801
4.17232513	0.00081237
4.18424606	0.00108578
4.19616699	0.00269046
4.20808792	0.00388511
4.22000885	0.00405913
4.23192978	0.00394977
4.24385071	0.00266282
4.25577164	0.00106907
4.26769257	0.00055807
4.27961349	0.00067492
4.29153442	0.00059642
4.30345535	0.00058071
4.31537628	0.00051623
4.32729721	0.00035204
4.33921814	0.00123792
4.35113907	0.00408634
4.36306000	0.00607592
4.37498093	0.00632159
4.38690186	0.00614218
4.39882278	0.00412493
4.41074371	0.00124361
4.42266464	0.00027955
4.43458557	0.00048979
4.44650650	0.00072916
4.45842743	0.00085527
4.47034836	0.00062915
4.48226929	0.00020275
4.49419022	0.00106927
4.50611115	0.00358721
4.51803207	0.00548098
4.52995300	0.00561493
4.54187393	0.00543085
4.55379486	0.00393147
4.56571579	0.00129208
4.57763672	0.00044320
4.58955765	0.00058351
4.60147858	0.00060581
4.61339951	0.00049205
4.62532043	0.00043045
4.63724136	0.00050061
4.64916229	0.00054255
4.66108322	0.00080294
4.67300415	0.00107988
4.68492508	0.00104565
4.69684601	0.00092428
4.70876694	0.00052984
4.72068787	0.00031532
4.73260880	0.00070197
4.74452972	0.00105243
4.75645065	0.00102390
4.76837158	0.00087739
4.78029251	0.00073539
4.79221344	0.00040453
4.80413437	0.00085550
4.81605530	0.00507030
4.82797623	0.00942533
4.83989716	0.01057755
4.85181808	0.01063776
4.86373901	0.00860788
4.87565994	0.00357943
4.88758087	0.00077789
4.89950180	0.00038649
4.91142273	0.00052155
4.92334366	0.00057249
4.93526459	0.00084360
4.94718552	0.00087962
4.95910645	0.03020389
4.97102737	0.15099470
4.98294830	0.29372520
4.99486923	0.33409110
5.00679016	0.33346080
5.01871109	0.27965620
5.03063202	0.12994540
5.04255295	0.02288909
5.05447388	0.00141791
5.06639481	0.00044303
5.07831573	0.00060166
5.09023666	0.00052845
5.10215759	0.00085503
5.11407852	0.00170370
5.12599945	0.00598257
5.13792038	0.01119206
5.14984131	0.01288567
5.16176224	0.01279898
5.17368317	0.01130473
5.18560410	0.00577649
5.19752502	0.00145829
5.20944595	0.00052736
5.22136688	0.00056501
5.23328781	0.00070114
5.24520874	0.00080189
5.25712967	0.00082461
5.26905060	0.00078189
5.28097153	0.00086502
5.29289246	0.00127411
5.30481339	0.00136532
5.31673431	0.00123711
5.32865524	0.00105601
5.34057617	0.00060062
5.35249710	0.00005166
5.36441803	0.00038691
5.37633896	0.00039660
5.38825989	0.00024966
5.40018082	0.00025319
5.41210175	0.00040007
5.42402267	0.00023094
5.43594360	0.00140716
5.44786453	0.00410340
5.45978546	0.00548331
5.47170639	0.00562069
5.48362732	0.00528772
5.49554825	0.00320375
5.50746918	0.00089636
5.51939011	0.00006976
5.53131104	0.00043353
5.54323196	0.00087726
5.55515289	0.00099669
5.56707382	0.00093164
5.57899475	0.00078777
5.59091568	0.00181591
5.60283661	0.00453612
5.61475754	0.00604989
5.62667847	0.00606991
5.63859940	0.00563996
5.65052032	0.00335648
5.66244125	0.00062397
5.67436218	0.00056001
5.68628311	0.00075923
5.69820404	0.00085672
5.71012497	0.00075492
5.72204590	0.00050966
5.73396683	0.00036459
5.74588776	0.00086192
5.75780869	0.00267747
5.76972961	0.00401383
5.78165054	0.00428650
5.79357147	0.00393487
5.80549240	0.00236589
5.81741333	0.00044000
5.82933426	0.00032272
5.84125519	0.00033002
5.85317612	0.00040647
5.86509705	0.00078841
5.87701797	0.00096832
5.88893890	0.00080507
5.90085983	0.00084775
5.91278076	0.00160853
5.92470169	0.00227906
5.93662262	0.00238545
5.94854355	0.00246056
5.96046448	0.00185274
5.97238541	0.00085640
5.98430634	0.00071880
5.99622726	0.00064975
6.00814819	0.00039907
6.02006912	0.00016345
6.03199005	0.00043350
6.04391098	0.00090473
6.05583191	0.00284570
6.06775284	0.00913447
6.07967377	0.01461886
6.09159470	0.01538240
6.10351563	0.01495569
6.11543655	0.01116136
6.12735748	0.00393786
6.13927841	0.00019438
6.15119934	0.00026070
6.16312027	0.00042523
6.17504120	0.00065339
6.18696213	0.00108283
6.19888306	0.00061770
6.21080399	0.02975265
6.22272491	0.12846520
6.23464584	0.22635510
6.24656677	0.24734080
6.25848770	0.24529060
6.27040863	0.19369310
6.28232956	0.07959720
6.29425049	0.01098331
6.30617142	0.00008934
6.31809235	0.00013023
6.33001328	0.00008272
6.34193420	0.00018761
6.35385513	0.00048611
6.36577606	0.00072429
6.37769699	0.00239138
6.38961792	0.00497638
6.40153885	0.00592222
6.41345978	0.00608392
6.42538071	0.00517647
6.43730164	0.00241644
6.44922256	0.00081788
6.46114349	0.00085846
6.47306442	0.00085396
6.48498535	0.00076060
6.49690628	0.00072789
6.50882721	0.00077180
6.52074814	0.00063698
6.53266907	0.00169307
6.54459000	0.00357461
6.55651093	0.00414720
6.56843185	0.00424546
6.58035278	0.00379035
6.59227371	0.00187492
6.60419464	0.00038067
6.61611557	0.00045470
6.62803650	0.00066466
6.63995743	0.00050989
6.65187836	0.00036440
6.66379929	0.00044410
6.67572021	0.00016128
6.68764114	0.00203530
6.69956207	0.00510281
6.71148300	0.00620267
6.72340393	0.00609030
6.73532486	0.00517763
6.74724579	0.00223038
6.75916672	0.00032880
6.77108765	0.00075570
6.78300858	0.00067220
6.79492950	0.00066501
6.80685043	0.00055310
6.81877136	0.00036162
6.83069229	0.00031500
6.84261322	0.00121506
6.85453415	0.00378021
6.86645508	0.00510805
6.87837601	0.00535049
6.89029694	0.00502228
6.90221786	0.00287722
6.91413879	0.00072979
6.92605972	0.00029403
6.93798065	0.00017647
6.94990158	0.00016623
6.96182251	0.00027759
6.97374344	0.00058506
6.98566437	0.00070280
6.99758530	0.00090656
7.00950623	0.00147703
7.02142715	0.00172073
7.03334808	0.00164244
7.04526901	0.00164282
7.05718994	0.00136617
7.06911087	0.00079059
7.08103180	0.00041882
7.09295273	0.00018158
7.10487366	0.00042728
7.11679459	0.00075199
7.12871552	0.00075372
7.14063644	0.00045738
7.15255737	0.00103269
7.16447830	0.00389187
7.17639923	0.00565869
7.18832016	0.00577131
7.20024109	0.00545900
7.21216202	0.00340137
7.22408295	0.00073793
7.23600388	0.00070528
7.24792480	0.00102705
7.25984573	0.00130939
7.27176666	0.00132485
7.28368759	0.00104067
7.29560852	0.00099699
7.30752945	0.00377422
7.31945038	0.01069911
7.33137131	0.01554700
7.34329224	0.01587768
7.35521317	0.01532843
7.36713409	0.01063133
7.37905502	0.00345308
7.39097595	0.00044493
7.40289688	0.00025168
7.41481781	0.00043371
7.42673874	0.00058735
7.43865967	0.00063543
7.45058060	0.00139097
7.46250153	0.02537915
7.47442245	0.09327246
7.48634338	0.14950000
7.49826431	0.15842730
7.51018524	0.15597270
7.52210617	0.11550450
7.53402710	0.04267114
7.54594803	0.00563792
7.55786896	0.00052779
7.56978989	0.00043118
7.58171082	0.00058101
7.59363174	0.00057601
7.60555267	0.00026827
7.61747360	0.00019302
7.62939453	0.00042150
7.64131546	0.00075229
7.65323639	0.00079989
7.66515732	0.00104011
7.67707825	0.00101773
7.68899918	0.00072853
7.70092010	0.00067450
7.71284103	0.00088403
7.72476196	0.00069800
7.73668289	0.00028958
7.74860382	0.00007121
7.76052475	0.00045298
7.77244568	0.00130963
7.78436661	0.00403435
7.79628754	0.00695975
7.80820847	0.00760652
7.82012939	0.00752824
7.83205032	0.00614633
7.84397125	0.00283295
7.85589218	0.00061311
7.86781311	0.00016790
7.87973404	0.00007652
7.89165497	0.00029857
7.90357590	0.00054048
7.91549683	0.00065299
7.92741776	0.00130506
7.93933868	0.00366616
7.95125961	0.00646534
7.96318054	0.00720795
7.97510147	0.00714751
7.98702240	0.00600018
7.99894333	0.00292954
8.01086426	0.00115904
8.02278519	0.00117248
8.03470612	0.00109447
8.04662704	0.00100923
8.05854797	0.00085016
8.07046890	0.00044201
8.08238983	0.00027963
8.09431076	0.00117788
8.10623169	0.00280041
8.11815262	0.00346951
8.13007355	0.00356784
8.14199448	0.00328128
8.15391541	0.00198389
8.16583633	0.00094344
8.17775726	0.00076785
8.18967819	0.00052283
8.20159912	0.00030135
8.21352005	0.00060750
8.22544098	0.00090048
8.23736191	0.00082365
8.24928284	0.00046929
8.26120377	0.00088262
8.27312469	0.00128101
8.28504562	0.00137294
8.29696655	0.00131024
8.30888748	0.00085836
8.32080841	0.00062154
8.33272934	0.00037671
8.34465027	0.00019328
8.35657120	0.00013827
8.36849213	0.00037894
8.38041306	0.00056461
8.39233398	0.00042880
8.40425491	0.00206533
8.41617584	0.00550976
8.42809677	0.00716349
8.44001770	0.00731506
8.45193863	0.00697771
8.46385956	0.00406315
8.47578049	0.00088893
8.48770142	0.00013955
8.49962234	0.00004008
8.51154327	0.00014058
8.52346420	0.00033216
8.53538513	0.00042260
8.54730606	0.00024234
8.55922699	0.00316622
8.57114792	0.01009349
8.58306885	0.01431647
8.59498978	0.01480643
8.60691071	0.01424584
8.61883163	0.00906244
8.63075256	0.00249808
8.64267349	0.00030695
8.65459442	0.00040161
8.66651535	0.00049370
8.67843628	0.00047225
8.69035721	0.00049651
8.70227814	0.00176374
8.71419907	0.01544379
8.72612000	0.04819465
8.73804092	0.07055903
8.74996185	0.07287947
8.76188278	0.07057004
8.77380371	0.04809114
8.78572464	0.01512295
8.79764557	0.00117580
8.80956650	0.00035211
8.82148743	0.00015369
8.83340836	0.00029799
8.84532928	0.00035133
8.85725021	0.00047888
8.86917114	0.00127334
8.88109207	0.00452718
8.89301300	0.00705319
8.90493393	0.00714419
8.91685486	0.00682609
8.92877579	0.00466717
8.94069672	0.00117096
8.95261765	0.00051936
8.96453857	0.00057823
8.97645950	0.00022506
8.98838043	0.00014587
9.00030136	0.00042776
9.01222229	0.00056786
9.02414322	0.00102322
9.03606415	0.00503656
9.04798508	0.00872441
9.05990601	0.00953281
9.07182693	0.00929050
9.08374786	0.00695739
9.09566879	0.00267828
9.10758972	0.00017541
9.11951065	0.00035014
9.13143158	0.00030143
9.14335251	0.00023458
9.15527344	0.00029618
9.16719437	0.00037662
9.17911530	0.00048240
9.19103622	0.00308910
9.20295715	0.00584015
9.21487808	0.00658913
9.22679901	0.00668869
9.23871994	0.00554618
9.25064087	0.00262694
9.26256180	0.00068630
9.27448273	0.00042053
9.28640366	0.00057349
9.29832458	0.00060216
9.31024551	0.00059510
9.32216644	0.00041430
9.33408737	0.00050879
9.34600830	0.00132102
9.35792923	0.00193329
9.36985016	0.00213047
9.38177109	0.00240267
9.39369202	0.00229155
9.40561295	0.00137462
9.41753387	0.00071933
9.42945480	0.00052685
9.44137573	0.00042266
9.45329666	0.00034641
9.46521759	0.00051449
9.47713852	0.00077868
9.48905945	0.00127927
9.50098038	0.00277188
9.51290131	0.00457445
9.52482224	0.00518515
9.53674316	0.00508357
9.54866409	0.00423491
9.56058502	0.00225388
9.57250595	0.00080139
9.58442688	0.00045404
9.59634781	0.00049487
9.60826874	0.00055143
9.62018967	0.00046046
9.63211060	0.00032229
9.64403152	0.00077231
9.65595245	0.00346894
9.66787338	0.00749509
9.67979431	0.00906982
9.69171524	0.00899459
9.70363617	0.00798257
9.71555710	0.00432173
9.72747803	0.00105830
9.73939896	0.00037258
9.75131989	0.00036036
9.76324081	0.00044293
9.77516174	0.00056723
9.78708267	0.00047166
9.79900360	0.00049482
9.81092453	0.00352424
9.82284546	0.00899136
9.83476639	0.01166465
9.84668732	0.01177092
9.85860825	0.01082533
9.87052917	0.00634211
9.88245010	0.00174476
9.89437103	0.00064761
9.90629196	0.00062908
9.91821289	0.00056283
9.93013382	0.00031491
9.94205475	0.00010636
9.95397568	0.00032877
9.96589661	0.00033726
9.97781754	0.00029235
9.98973846	0.00072811
10.00165939	0.00070605
10.01358032	0.00044514
10.02550125	0.00017036
10.03742218	0.00032055
10.04934311	0.00055827
10.06126404	0.00074306
10.07318497	0.00088861
10.08510590	0.00068202
10.09702682	0.00044590
10.10894775	0.00005138
10.12086868	0.00281864
10.13278961	0.00919261
10.14471054	0.01342541
10.15663147	0.01393971
10.16855240	0.01356769
10.18047333	0.00922021
10.19239426	0.00295998
10.20431519	0.00048437
10.21623611	0.00059009
10.22815704	0.00079853
10.24007797	0.00072817
10.25199890	0.00054877
10.26391983	0.00051194
10.27584076	0.00181754
10.28776169	0.00608192
10.29968262	0.00921302
10.31160355	0.00954891
10.32352448	0.00957093
10.33544540	0.00705996
10.34736633	0.00268436
10.35928726	0.00082431
10.37120819	0.00064325
10.38312912	0.00044169
10.39505005	0.00022810
10.40697098	0.00036219
10.41889191	0.00010656
10.43081284	0.00079761
10.44273376	0.00280788
10.45465469	0.00455491
10.46657562	0.00475376
10.47849655	0.00446933
10.49041748	0.00311619
10.50233841	0.00084773
10.51425934	0.00024098
10.52618027	0.00030903
10.53810120	0.00030909
10.55002213	0.00021850
10.56194305	0.00005931
10.57386398	0.00012669
10.58578491	0.00012759
10.59770584	0.00083452
10.60962677	0.00158224
10.62154770	0.00181890
10.63346863	0.00194344
10.64538956	0.00164441
10.65731049	0.00089719
10.66923141	0.00047864
10.68115234	0.00030217
10.69307327	0.00040872
10.70499420	0.00057194
10.71691513	0.00043271
10.72883606	0.00013174
10.74075699	0.00087255
10.75267792	0.00325799
10.76459885	0.00594792
10.77651978	0.00674809
10.78844070	0.00692878
10.80036163	0.00615876
10.81228256	0.00345081
10.82420349	0.00126548
10.83612442	0.00036018
10.84804535	0.00019370
10.85996628	0.00060176
10.87188721	0.00073934
10.88380814	0.00071256
10.89572906	0.00135918
10.90764999	0.00409321
10.91957092	0.00757108
10.93149185	0.00861413
10.94341278	0.00848389
10.95533371	0.00715114
10.96725464	0.00348402
10.97917557	0.00058970
10.99109650	0.00056122
11.00301743	0.00078900
11.01493835	0.00086049
11.02685928	0.00063802
11.03878021	0.00026804
11.05070114	0.00015141
11.06262207	0.00199202
11.07454300	0.00497488
11.08646393	0.00612141
11.09838486	0.00610848
11.11030579	0.00534812
11.12222672	0.00250657
11.13414764	0.00026361
11.14606857	0.00077052
11.15798950	0.00064991
11.16991043	0.00048302
11.18183136	0.00024775
11.19375229	0.00016646
11.20567322	0.00228510
11.21759415	0.01762583
11.22951508	0.04356627
11.24143600	0.05556861
11.25335693	0.05616744
11.26527786	0.05155817
11.27719879	0.02959139
11.28911972	0.00722318
11.30104065	0.00062957
11.31296158	0.00021442
11.32488251	0.00017804
11.33680344	0.00035031
11.34872437	0.00047384
11.36064529	0.00107182
11.37256622	0.00547549
11.38448715	0.01371744
11.39640808	0.01818603
11.40832901	0.01856282
11.42024994	0.01735547
11.43217087	0.01056782
11.44409180	0.00299845
11.45601273	0.00053461
11.46793365	0.00062361
11.47985458	0.00058672
11.49177551	0.00026487
11.50369644	0.00006808
11.51561737	0.00024312
11.52753830	0.00185102
11.53945923	0.00546512
11.55138016	0.00780025
11.56330109	0.00800560
11.57522202	0.00755931
11.58714294	0.00489936
11.59906387	0.00156632
11.61098480	0.00063013
11.62290573	0.00079883
11.63482666	0.00073670
11.64674759	0.00040724
11.65866852	0.00017556
11.67058945	0.00021694
11.68251038	0.00074931
11.69443130	0.00156576
11.70635223	0.00195549
11.71827316	0.00186954
11.73019409	0.00176388
11.74211502	0.00122411
11.75403595	0.00056216
11.76595688	0.00027198
11.77787781	0.00043380
11.78979874	0.00069483
11.80171967	0.00086597
11.81364059	0.00090368
11.82556152	0.00080179
11.83748245	0.00101449
11.84940338	0.00245852
11.86132431	0.00372523
11.87324524	0.00402860
11.88516617	0.00414098
11.89708710	0.00330947
11.90900803	0.00153192
11.92092896	0.00055535
11.93284988	0.00072341
11.94477081	0.00109607
11.95669174	0.00121574
11.96861267	0.00089930
11.98053360	0.00060730
11.99245453	0.00114132
12.00437546	0.00357809
12.01629639	0.00608844
12.02821732	0.00653213
12.04013824	0.00637490
12.05205917	0.00488858
12.06398010	0.00179824
12.07590103	0.00038691
12.08782196	0.00049424
12.09974289	0.00067238
12.11166382	0.00069312
12.12358475	0.00058234
12.13550568	0.00059446
12.14742661	0.00076983
12.15934753	0.00346500
12.17126846	0.00638777
12.18318939	0.00694458
12.19511032	0.00686797
12.20703125	0.00562090
12.21895218	0.00254158
12.23087311	0.00079540
12.24279404	0.00067457
12.25471497	0.00052383
12.26663589	0.00042638
12.27855682	0.00048043
12.29047775	0.00077166
12.30239868	0.00079504
12.31431961	0.00042871
12.32624054	0.00011389
12.33816147	0.00056824
12.35008240	0.00098483
12.36200333	0.00098175
12.37392426	0.00055652
12.38584518	0.00007636
12.39776611	0.00020341
12.40968704	0.00057352
12.42160797	0.00077148
12.43352890	0.00094470
12.44544983	0.00093767
12.45737076	0.00552746
12.46929169	0.03566907
12.48121262	0.07820394
12.49313354	0.09366435
12.50505447	0.09396860
12.51697540	0.08285823
12.52889633	0.04266575
12.54081726	0.00845615
12.55273819	0.00064002
12.56465912	0.00042751
12.57658005	0.00028903
12.58850098	0.00025567
12.60042191	0.00033560
12.61234283	0.00129001
12.62426376	0.00701959
12.63618469	0.01609102
12.64810562	0.01993433
12.66002655	0.01988739
12.67194748	0.01794251
12.68386841	0.00983652
12.69578934	0.00220335
12.70771027	0.00096209
12.71963120	0.00092165
12.73155212	0.00082277
12.74347305	0.00077465
12.75539398	0.00075170
12.76731491	0.00079796
12.77923584	0.00213178
12.79115677	0.00492567
12.80307770	0.00637054
12.81499863	0.00645839
12.82691956	0.00592648
12.83884048	0.00339957
12.85076141	0.00068427
12.86268234	0.00015993
12.87460327	0.00015477
12.88652420	0.00034424
12.89844513	0.00042399
12.91036606	0.00036433
12.92228699	0.00030789
12.93420792	0.00042479
12.94612885	0.00116806
12.95804977	0.00153771
12.96997070	0.00146524
12.98189163	0.00127632
12.99381256	0.00061332
13.00573349	0.00040893
13.01765442	0.00037295
13.02957535	0.00023115
13.04149628	0.00022527
13.05341721	0.00040993
13.06533813	0.00066665
13.07725906	0.00086664
13.08917999	0.00177183
13.10110092	0.00397507
13.11302185	0.00525529
13.12494278	0.00523255
13.13686371	0.00507802
13.14878464	0.00327664
13.16070557	0.00069344
13.17262650	0.00036919
13.18454742	0.00051755
13.19646835	0.00052308
13.20838928	0.00037526
13.22031021	0.00040960
13.23223114	0.00041921
13.24415207	0.00093339
13.25607300	0.00356288
13.26799393	0.00581642
13.27991486	0.00629751
13.29183578	0.00650951
13.30375671	0.00510527
13.31567764	0.00226931
13.32759857	0.00106038
13.33951950	0.00093912
13.35144043	0.00068704
13.36336136	0.00056550
13.37528229	0.00050249
13.38720322	0.00022787
13.39912415	0.00060379
13.41104507	0.00244524
13.42296600	0.00426757
13.43488693	0.00472728
13.44680786	0.00476799
13.45872879	0.00397094
13.47064972	0.00214858
13.48257065	0.00120366
13.49449158	0.00109358
13.50641251	0.00091428
13.51833344	0.00060290
13.53025436	0.00050173
13.54217529	0.00043684
13.55409622	0.00039844
13.56601715	0.00217717
13.57793808	0.00416666
13.58985901	0.00456311
13.60177994	0.00429734
13.61370087	0.00320833
13.62562180	0.00100671
13.63754272	0.00076765
13.64946365	0.00065877
13.66138458	0.00050338
13.67330551	0.00054450
13.68522644	0.00098473
13.69714737	0.00108913
13.70906830	0.00981978
13.72098923	0.05025265
13.73291016	0.09840328
13.74483109	0.11218250
13.75675201	0.11187150
13.76867294	0.09389151
13.78059387	0.04384555
13.79251480	0.00784011
13.80443573	0.00058802
13.81635666	0.00037650
13.82827759	0.00047305
13.84019852	0.00028872
13.85211945	0.00041671
13.86404037	0.00115292
13.87596130	0.00730177
13.88788223	0.01551968
13.89980316	0.01853720
13.91172409	0.01895659
13.92364502	0.01682998
13.93556595	0.00886782
13.94748688	0.00239617
13.95940781	0.00082043
13.97132874	0.00056887
13.98324966	0.00035811
13.99517059	0.00032845
14.00709152	0.00027534
14.01901245	0.00018767
14.03093338	0.00109406
14.04285431	0.00243794
14.05477524	0.00277184
14.06669617	0.00242455
14.07861710	0.00208713
14.09053802	0.00107686
14.10245895	0.00029983
14.11437988	0.00020388
14.12630081	0.00036516
14.13822174	0.00053142
14.15014267	0.00039647
14.16206360	0.00009416
14.17398453	0.00023878
14.18590546	0.00106980
14.19782639	0.00286689
14.20974731	0.00394516
14.22166824	0.00412966
14.23358917	0.00381424
14.24551010	0.00217691
14.25743103	0.00075225
14.26935196	0.00059725
14.28127289	0.00055865
14.29319382	0.00060218
14.30511475	0.00059877
14.31703568	0.00069859
14.32895660	0.00096307
14.34087753	0.00205135
14.35279846	0.00482042
14.36471939	0.00649804
14.37664032	0.00660049
14.38856125	0.00624424
14.40048218	0.00412680
14.41240311	0.00163500
14.42432404	0.00092853
14.43624496	0.00104322
14.44816589	0.00103991
14.46008682	0.00076797
14.47200775	0.00035019
14.48392868	0.00031570
14.49584961	0.00159512
14.50777054	0.00412236
14.51969147	0.00557173
14.53161240	0.00561192
14.54353333	0.00526539
14.55545425	0.00331758
14.56737518	0.00091188
14.57929611	0.00012750
14.59121704	0.00018694
14.60313797	0.00006193
14.61505890	0.00034482
14.62697983	0.00074226
14.63890076	0.00093102
14.65082169	0.00087057
14.66274261	0.00105802
14.67466354	0.00117493
14.68658447	0.00100522
14.69850540	0.00072029
14.71042633	0.00036854
14.72234726	0.00006754
14.73426819	0.00007790
14.74618912	0.00019723
14.75811005	0.00061758
14.77003098	0.00071655
14.78195190	0.00046728
14.79387283	0.00012149
14.80579376	0.00093216
14.81771469	0.00469551
14.82963562	0.00816314
14.84155655	0.00879950
14.85347748	0.00889502
14.86539841	0.00680596
14.87731934	0.00237719
14.88924026	0.00003419
14.90116119	0.00059191
14.91308212	0.00085885
14.92500305	0.00105550
14.93692398	0.00107919
14.94884491	0.00122570
14.96076584	0.01353064
14.97268677	0.05781480
14.98460770	0.10200350
14.99652863	0.11163200
15.00844955	0.11103190
15.02037048	0.08808904
15.03229141	0.03674908
15.04421234	0.00558406
15.05613327	0.00036720
15.06805420	0.00019751
15.07997513	0.00062976
15.09189606	0.00101165
15.10381699	0.00089781
15.11573792	0.00125063
15.12765884	0.00617439
15.13957977	0.01205002
15.15150070	0.01369402
15.16342163	0.01358914
15.17534256	0.01127265
15.18726349	0.00504144
15.19918442	0.00075245
15.21110535	0.00047882
15.22302628	0.00062174
15.23494720	0.00072458
15.24686813	0.00074307
15.25878906	0.00068144
15.27070999	0.00066359
15.28263092	0.00040959
15.29455185	0.00068658
15.30647278	0.00086605
15.31839371	0.00095301
15.33031464	0.00091122
15.34223557	0.00061499
15.35415649	0.00033073
15.36607742	0.00007639
15.37799835	0.00024559
15.38991928	0.00013159
15.40184021	0.00011510
15.41376114	0.00022295
15.42568207	0.00018049
15.43760300	0.00199745
15.44952393	0.00458721
15.46144485	0.00556360
15.47336578	0.00575549
15.48528671	0.00550821
15.49720764	0.00338543
15.50912857	0.00143097
15.52104950	0.00102774
15.53297043	0.00076414
15.54489136	0.00043774
15.55681229	0.00026113
15.56873322	0.00035694
15.58065414	0.00041714
15.59257507	0.00169321
15.60449600	0.00486440
15.61641693	0.00662901
15.62833786	0.00686465
15.64025879	0.00633387
15.65217972	0.00369816
15.66410065	0.00083823
15.67602158	0.00017784
15.68794250	0.00028985
15.69986343	0.00044807
15.71178436	0.00071217
15.72370529	0.00086757
15.73562622	0.00078190
15.74754715	0.00078825
15.75946808	0.00257741
15.77138901	0.00350388
15.78330994	0.00340277
15.79523087	0.00296671
15.80715179	0.00136024
15.81907272	0.00049918
15.83099365	0.00088800
15.84291458	0.00078633
15.85483551	0.00046885
15.86675644	0.00044187
15.87867737	0.00079856
15.89059830	0.00099068
15.90251923	0.00097958
15.91444016	0.00141954
15.92636108	0.00199919
15.93828201	0.00222686
15.95020294	0.00230870
15.96212387	0.00159313
15.97404480	0.00055269
15.98596573	0.00020560
15.99788666	0.00017174
16.00980759	0.00036850
16.02172852	0.00037702
16.03364944	0.00037427
16.04557037	0.00045932
16.05749130	0.00297343
16.06941223	0.00927015
16.08133316	0.01368949
16.09325409	0.01424500
16.10517502	0.01389545
16.11709595	0.00975530
16.12901688	0.00339152
16.14093781	0.00052355
16.15285873	0.00033643
16.16477966	0.00044239
16.17670059	0.00041072
16.18862152	0.00039040
16.20054245	0.00159230
16.21246338	0.01583559
16.22438431	0.05646072
16.23630524	0.09024309
16.24822617	0.09526837
16.26014709	0.09323085
16.27206802	0.06866655
16.28398895	0.02486573
16.29590988	0.00272047
16.30783081	0.00007595
16.31975174	0.00009235
16.33167267	0.00018073
16.34359360	0.00020041
16.35551453	0.00047753
16.36743546	0.00036569
16.37935638	0.00307659
16.39127731	0.00582936
16.40319824	0.00650125
16.41511917	0.00656102
16.42704010	0.00527784
16.43896103	0.00219471
16.45088196	0.00047925
16.46280289	0.00042342
16.47472382	0.00079740
16.48664474	0.00098482
16.49856567	0.00109919
16.51048660	0.00136933
16.52240753	0.00179263
16.53432846	0.00295705
16.54624939	0.00446244
16.55817032	0.00466792
16.57009125	0.00448811
16.58201218	0.00381336
16.59393311	0.00194638
16.60585403	0.00064269
16.61777496	0.00045422
16.62969589	0.00039550
16.64161682	0.00033470
16.65353775	0.00041560
16.66545868	0.00043763
16.67737961	0.00050119
16.68930054	0.00311904
16.70122147	0.00631495
16.71314240	0.00725439
16.72506332	0.00723714
16.73698425	0.00605460
16.74890518	0.00282862
16.76082611	0.00051808
16.77274704	0.00049227
16.78466797	0.00075794
16.79658890	0.00101298
16.80850983	0.00092154
16.82043076	0.00049159
16.83235168	0.00029650
16.84427261	0.00171001
16.85619354	0.00399690
16.86811447	0.00492312
16.88003540	0.00513404
16.89195633	0.00454156
16.90387726	0.00224995
16.91579819	0.00048992
16.92771912	0.00023803
16.93964005	0.00037274
16.95156097	0.00055468
16.96348190	0.00073054
16.97540283	0.00081550
16.98732376	0.00091037
16.99924469	0.00098414
17.01116562	0.00148469
17.02308655	0.00183492
17.03500748	0.00177739
17.04692841	0.00150201
17.05884933	0.00089454
17.07077026	0.00044124
17.08269119	0.00071238
17.09461212	0.00079805
17.10653305	0.00096091
17.11845398	0.00102209
17.13037491	0.00091599
17.14229584	0.00101586
17.15421677	0.00219296
17.16613770	0.00458377
17.17805862	0.00595916
17.18997955	0.00612594
17.20190048	0.00568877
17.21382141	0.00360513
17.22574234	0.00154964
17.23766327	0.00112956
17.24958420	0.00121034
17.26150513	0.00106974
17.27342606	0.00077462
17.28534698	0.00050337
17.29726791	0.00071892
17.30918884	0.00425123
17.32110977	0.01105944
17.33303070	0.01502416
17.34495163	0.01526013
17.35687256	0.01443320
17.36879349	0.00924718
17.38071442	0.00279902
17.39263535	0.00055103
17.40455627	0.00055625
17.41647720	0.00048919
17.42839813	0.00023020
17.44031906	0.00040798
17.45223999	0.00205172
17.46416092	0.01496829
17.47608185	0.04532254
17.48800278	0.06603563
17.49992371	0.06801140
17.51184464	0.06542701
17.52376556	0.04438286
17.53568649	0.01376933
17.54760742	0.00099450
17.55952835	0.00040144
17.57144928	0.00042907
17.58337021	0.00049264
17.59529114	0.00059654
17.60721207	0.00072356
17.61913300	0.00056232
17.63105392	0.00033939
17.64297485	0.00030489
17.65489578	0.00044001
17.66681671	0.00047659
17.67873764	0.00059440
17.69065857	0.00066036
17.70257950	0.00040808
17.71450043	0.00039031
17.72642136	0.00047553
17.73834229	0.00035957
17.75026321	0.00020229
17.76218414	0.00032696
17.77410507	0.00177705
17.78602600	0.00513486
17.79794693	0.00811883
17.80986786	0.00863167
17.82178879	0.00817970
17.83370972	0.00599571
17.84563065	0.00226782
17.85755157	0.00010008
17.86947250	0.00038146
17.88139343	0.00047154
17.89331436	0.00056466
17.90523529	0.00069531
17.91715622	0.00066864
17.92907715	0.00121930
17.94099808	0.00382198
17.95291901	0.00670223
17.96483994	0.00750198
17.97676086	0.00770977
17.98868179	0.00648309
18.00060272	0.00321626
18.01252365	0.00105747
18.02444458	0.00079010
18.03636551	0.00112513
18.04828644	0.00135768
18.06020737	0.00127209
18.07212830	0.00090760
18.08404922	0.00068093
18.09597015	0.00200416
18.10789108	0.00371219
18.11981201	0.00401447
18.13173294	0.00375136
18.14365387	0.00285021
18.15557480	0.00102462
18.16749573	0.00021369
18.17941666	0.00036873
18.19133759	0.00042656
18.20325851	0.00045304
18.21517944	0.00048853
18.22710037	0.00037790
18.23902130	0.00018039
18.25094223	0.00056602
18.26286316	0.00114784
18.27478409	0.00125656
18.28670502	0.00126903
18.29862595	0.00127619
18.31054688	0.00083185
18.32246780	0.00030604
18.33438873	0.00019367
18.34630966	0.00038499
18.35823059	0.00057679
18.37015152	0.00059488
18.38207245	0.00041295
18.39399338	0.00023597
18.40591431	0.00275105
18.41783524	0.00650626
18.42975616	0.00813347
18.44167709	0.00799110
18.45359802	0.00704126
18.46551895	0.00394074
18.47743988	0.00085620
18.48936081	0.00031660
18.50128174	0.00042286
18.51320267	0.00049280
18.52512360	0.00072216
18.53704453	0.00072664
18.54896545	0.00117136
18.56088638	0.00475374
18.57280731	0.01097743
18.58472824	0.01396267
18.59664917	0.01409276
18.60857010	0.01306708
18.62049103	0.00786720
18.63241196	0.00239964
18.64433289	0.00078271
18.65625381	0.00068799
18.66817474	0.00039705
18.68009567	0.00059792
18.69201660	0.00082244
18.70393753	0.00177427
18.71585846	0.00951179
18.72777939	0.02527021
18.73970032	0.03423697
18.75162125	0.03493976
18.76354218	0.03311095
18.77546310	0.02075444
18.78738403	0.00569817
18.79930496	0.00053689
18.81122589	0.00019760
18.82314682	0.00026890
18.83506775	0.00037682
18.84698868	0.00041818
18.85890961	0.00036712
18.87083054	0.00207853
18.88275146	0.00627641
18.89467239	0.00905490
18.90659332	0.00947546
18.91851425	0.00927032
18.93043518	0.00623867
18.94235611	0.00188457
18.95427704	0.00053700
18.96619797	0.00077913
18.97811890	0.00074386
18.99003983	0.00047551
19.00196075	0.00018080
19.01388168	0.00037712
19.02580261	0.00110762
19.03772354	0.00520976
19.04964447	0.00830790
19.06156540	0.00871981
19.07348633	0.00879536
19.08540726	0.00652891
19.09732819	0.00265621
19.10924911	0.00114343
19.12117004	0.00127597
19.13309097	0.00144248
19.14501190	0.00140286
19.15693283	0.00116681
19.16885376	0.00088568
19.18077469	0.00073294
19.19269562	0.00329811
19.20461655	0.00554671
19.21653748	0.00585072
19.22845840	0.00565618
19.24037933	0.00412926
19.25230026	0.00141840
19.26422119	0.00081799
19.27614212	0.00089870
19.28806305	0.00066752
19.29998398	0.00035670
19.31190491	0.00018298
19.32382584	0.00031390
19.33574677	0.00013076
19.34766769	0.00051140
19.35958862	0.00125572
19.37150955	0.00165510
19.38343048	0.00182282
19.39535141	0.00160062
19.40727234	0.00098583
19.41919327	0.00045084
19.43111420	0.00024998
19.44303513	0.00027606
19.45495605	0.00041431
19.46687698	0.00048326
19.47879791	0.00051997
19.49071884	0.00092463
19.50263977	0.00251889
19.51456070	0.00446920
19.52648163	0.00506622
19.53840256	0.00493380
19.55032349	0.00386092
19.56224442	0.00160359
19.57416534	0.00080403
19.58608627	0.00096757
19.59800720	0.00069436
19.60992813	0.00031616
19.62184906	0.00029461
19.63376999	0.00029741
19.64569092	0.00093343
19.65761185	0.00377141
19.66953278	0.00729126
19.68145370	0.00838535
19.69337463	0.00842003
19.70529556	0.00738266
19.71721649	0.00382098
19.72913742	0.00086321
19.74105835	0.00022070
19.75297928	0.00047948
19.76490021	0.00068305
19.77682114	0.00082511
19.78874207	0.00082594
19.80066299	0.00088175
19.81258392	0.00371745
19.82450485	0.00853829
19.83642578	0.01055570
19.84834671	0.01086451
19.86026764	0.00980563
19.87218857	0.00517008
19.88410950	0.00111412
19.89603043	0.00095897
19.90795135	0.00089646
19.91987228	0.00057464
19.93179321	0.00036370
19.94371414	0.00023055
19.95563507	0.00024641
19.96755600	0.00036338
19.97947693	0.00038958
19.99139786	0.00039550
20.00331879	0.00057312
20.01523972	0.00066018
20.02716064	0.00046127
20.03908157	0.00027896
20.05100250	0.00020969
20.06292343	0.00036474
20.07484436	0.00045701
20.08676529	0.00044608
20.09868622	0.00050151
20.11060715	0.00076997
20.12252808	0.00439575
20.13444901	0.01191725
20.14636993	0.01604430
20.15829086	0.01632527
20.17021179	0.01534851
20.18213272	0.00963599
20.19405365	0.00302507
20.20597458	0.00084732
20.21789551	0.00082543
20.22981644	0.00076080
20.24173737	0.00049687
20.25365829	0.00083047
20.26557922	0.00112809
20.27750015	0.00285242
20.28942108	0.00716959
20.30134201	0.00968506
20.31326294	0.00973374
20.32518387	0.00936069
20.33710480	0.00615089
20.34902573	0.00186496
20.36094666	0.00046097
20.37286758	0.00033825
20.38478851	0.00013263
20.39670944	0.00018856
20.40863037	0.00032067
20.42055130	0.00037601
20.43247223	0.00039281
20.44439316	0.00241176
20.45631409	0.00401946
20.46823502	0.00444159
20.48015594	0.00457137
20.49207687	0.00343432
20.50399780	0.00145783
20.51591873	0.00066307
20.52783966	0.00080002
20.53976059	0.00093099
20.55168152	0.00094551
20.56360245	0.00081950
20.57552338	0.00049620
20.58744431	0.00049152
20.59936523	0.00100782
20.61128616	0.00152703
20.62320709	0.00171557
20.63512802	0.00154870
20.64704895	0.00105181
20.65896988	0.00068495
20.67089081	0.00059773
20.68281174	0.00040070
20.69473267	0.00012969
20.70665359	0.00007830
20.71857452	0.00022418
20.73049545	0.00036557
20.74241638	0.00090594
20.75433731	0.00322873
20.76625824	0.00562254
20.77817917	0.00621894
20.79010010	0.00624541
20.80202103	0.00510516
20.81394196	0.00243261
20.82586288	0.00077370
20.83778381	0.00048611
20.84970474	0.00041504
20.86162567	0.00032835
20.87354660	0.00046165
20.88546753	0.00065906
20.89738846	0.00054242
20.90930939	0.00326046
20.92123032	0.00659115
20.93315125	0.00736155
20.94507217	0.00761027
20.95699310	0.00650781
20.96891403	0.00284507
20.98083496	0.00055963
20.99275589	0.00046086
21.00467682	0.00056095
21.01659775	0.00060944
21.02851868	0.00066234
21.04043961	0.00043343
21.05236053	0.00026576
21.06428146	0.00244291
21.07620239	0.00521726
21.08812332	0.00610663
21.10004425	0.00632163
21.11196518	0.00563366
21.12388611	0.00287802
21.13580704	0.00071588
21.14772797	0.00050797
21.15964890	0.00064343
21.17156982	0.00065873
21.18349075	0.00061384
21.19541168	0.00069987
21.20733261	0.00216354
21.21925354	0.01140122
21.23117447	0.02455142
21.24309540	0.02946688
21.25501633	0.02957070
21.26693726	0.02582377
21.27885818	0.01306889
21.29077911	0.00227692
21.30270004	0.00087789
21.31462097	0.00084918
21.32654190	0.00046694
21.33846283	0.00030667
21.35038376	0.00008149
21.36230469	0.00124522
21.37422562	0.00721510
21.38614655	0.01665315
21.39806747	0.02059673
21.40998840	0.02045141
21.42190933	0.01842148
21.43383026	0.01025694
21.44575119	0.00242111
21.45767212	0.00046959
21.46959305	0.00053518
21.48151398	0.00061233
21.49343491	0.00067412
21.50535583	0.00079824
21.51727676	0.00082543
21.52919769	0.00234902
21.54111862	0.00639320
21.55303955	0.00857552
21.56496048	0.00874743
21.57688141	0.00814947
21.58880234	0.00474872
21.60072327	0.00110799
21.61264420	0.00072475
21.62456512	0.00054450
21.63648605	0.00035681
21.64840698	0.00011665
21.66032791	0.00013079
21.67224884	0.00018417
21.68416977	0.00062602
21.69609070	0.00164183
21.70801163	0.00220970
21.71993256	0.00221718
21.73185349	0.00196541
21.74377441	0.00112670
21.75569534	0.00027210
21.76761627	0.00013564
21.77953720	0.00013762
21.79145813	0.00019068
21.80337906	0.00024771
21.81529999	0.00030115
21.82722092	0.00029205
21.83914185	0.00095706
21.85106277	0.00282800
21.86298370	0.00417990
21.87490463	0.00456751
21.88682556	0.00446937
21.89874649	0.00298781
21.91066742	0.00102950
21.92258835	0.00016952
21.93450928	0.00012401
21.94643021	0.00032445
21.95835114	0.00075985
21.97027206	0.00091141
21.98219299	0.00067129
21.99411392	0.00058147
22.00603485	0.00387766
22.01795578	0.00663439
22.02987671	0.00702368
22.04179764	0.00679755
22.05371857	0.00493750
22.06563950	0.00169702
22.07756042	0.00013297
22.08948135	0.00026278
22.10140228	0.00051277
22.11332321	0.00080752
22.12524414	0.00106480
22.13716507	0.00112039
22.14908600	0.00180187
22.16100693	0.00443487
22.17292786	0.00664443
22.18484879	0.00679893
22.19676971	0.00660122
22.20869064	0.00492337
22.22061157	0.00184581
22.23253250	0.00049926
22.24445343	0.00053000
22.25637436	0.00072407
22.26829529	0.00083337
22.28021622	0.00080978
22.29213715	0.00072155
22.30405807	0.00060197
22.31597900	0.00045387
22.32789993	0.00072451
22.33982086	0.00092162
22.35174179	0.00098402
22.36366272	0.00083361
22.37558365	0.00046828
22.38750458	0.00022508
22.39942551	0.00019368
22.41134644	0.00017688
22.42326736	0.00035775
22.43518829	0.00049232
22.44710922	0.00080110
22.45903015	0.00526618
22.47095108	0.02384798
22.48287201	0.04588289
22.49479294	0.05199286
22.50671387	0.05182195
22.51863480	0.04362159
22.53055573	0.02040187
22.54247665	0.00368295
22.55439758	0.00043534
22.56631851	0.00029009
22.57823944	0.00024208
22.59016037	0.00028435
22.60208130	0.00054173
22.61400223	0.00179768
22.62592316	0.00899330
22.63784409	0.01885970
22.64976501	0.02235241
22.66168594	0.02259306
22.67360687	0.02002707
22.68552780	0.01049978
22.69744873	0.00268282
22.70936966	0.00071844
22.72129059	0.00033546
22.73321152	0.00038860
22.74513245	0.00059189
22.75705338	0.00070195
22.76897430	0.00046056
22.78089523	0.00164571
22.79281616	0.00475084
22.80473709	0.00609510
22.81665802	0.00616129
22.82857895	0.00536992
22.84049988	0.00251904
22.85242081	0.00011318
22.86434174	0.00071410
22.87626266	0.00083298
22.88818359	0.00092914
22.90010452	0.00105649
22.91202545	0.00109660
22.92394638	0.00091130
22.93586731	0.00049667
22.94778824	0.00096771
22.95970917	0.00154076
22.97163010	0.00191312
22.98355103	0.00194882
22.99547195	0.00139697
23.00739288	0.00099916
23.01931381	0.00099990
23.03123474	0.00081548
23.04315567	0.00054413
23.05507660	0.00049851
23.06699753	0.00058768
23.07891846	0.00063751
23.09083939	0.00167617
23.10276031	0.00393236
23.11468124	0.00496829
23.12660217	0.00489991
23.13852310	0.00479334
23.15044403	0.00321662
23.16236496	0.00125269
23.17428589	0.00067843
23.18620682	0.00057693
23.19812775	0.00044771
23.21004868	0.00043161
23.22196960	0.00046943
23.23389053	0.00063817
23.24581146	0.00174897
23.25773239	0.00460195
23.26965332	0.00626890
23.28157425	0.00616143
23.29349518	0.00580048
23.30541611	0.00367482
23.31733704	0.00102386
23.32925797	0.00044467
23.34117889	0.00023270
23.35309982	0.00008284
23.36502075	0.00030137
23.37694168	0.00028598
23.38886261	0.00019431
23.40078354	0.00071440
23.41270447	0.00263094
23.42462540	0.00400813
23.43654633	0.00413776
23.44846725	0.00414698
23.46038818	0.00307339
23.47230911	0.00106061
23.48423004	0.00012661
23.49615097	0.00055732
23.50807190	0.00087789
23.51999283	0.00101941
23.53191376	0.00096881
23.54383469	0.00105538
23.55575562	0.00170180
23.56767654	0.00346038
23.57959747	0.00489399
23.59151840	0.00511061
23.60343933	0.00516626
23.61536026	0.00407130
23.62728119	0.00187064
23.63920212	0.00072128
23.65112305	0.00037479
23.66304398	0.00012250
23.67496490	0.00022470
23.68688583	0.00022452
23.69880676	0.00035384
23.71072769	0.00784773
23.72264862	0.03348282
23.73456955	0.05888344
23.74649048	0.06438062
23.75841141	0.06407633
23.77033234	0.05080530
23.78225327	0.02108045
23.79417419	0.00317634
23.80609512	0.00050392
23.81801605	0.00032363
23.82993698	0.00025207
23.84185791	0.00026803
23.85377884	0.00011220
23.86569977	0.00199393
23.87762070	0.00967694
23.88954163	0.01837943
23.90146255	0.02078873
23.91338348	0.02058351
23.92530441	0.01685457
23.93722534	0.00749505
23.94914627	0.00101407
23.96106720	0.00090357
23.97298813	0.00084884
23.98490906	0.00066347
23.99682999	0.00030239
24.00875092	0.00025925
24.02067184	0.00062295
24.03259277	0.00146514
24.04451370	0.00285221
24.05643463	0.00352321
24.06835556	0.00376176
24.08027649	0.00345264
24.09219742	0.00213413
24.10411835	0.00095818
24.11603928	0.00060334
24.12796021	0.00052516
24.13988113	0.00064416
24.15180206	0.00054858
24.16372299	0.00012652
24.17564392	0.00020364
24.18756485	0.00130954
24.19948578	0.00319674
24.21140671	0.00396026
24.22332764	0.00402199
24.23524857	0.00364944
24.24716949	0.00199388
24.25909042	0.00052294
24.27101135	0.00023800
24.28293228	0.00027902
24.29485321	0.00032180
24.30677414	0.00037213
24.31869507	0.00036571
24.33061600	0.00011048
24.34253693	0.00182216
24.35445786	0.00497109
24.36637878	0.00647067
24.37829971	0.00643026
24.39022064	0.00571680
24.40214157	0.00301060
24.41406250	0.00022903
24.42598343	0.00061585
24.43790436	0.00061448
24.44982529	0.00069694
24.46174622	0.00070552
24.47366714	0.00052699
24.48558807	0.00040253
24.49750900	0.00135914
24.50942993	0.00368563
24.52135086	0.00507688
24.53327179	0.00538538
24.54519272	0.00534056
24.55711365	0.00360369
24.56903458	0.00146566
24.58095551	0.00084651
24.59287643	0.00073080
24.60479736	0.00044742
24.61671829	0.00030247
24.62863922	0.00032838
24.64056015	0.00066322
24.65248108	0.00102408
24.66440201	0.00153946
24.67632294	0.00205291
24.68824387	0.00222398
24.70016479	0.00196686
24.71208572	0.00135084
24.72400665	0.00067653
24.73592758	0.00053302
24.74784851	0.00048297
24.75976944	0.00016928
24.77169037	0.00025583
24.78361130	0.00048398
24.79553223	0.00064527
24.80745316	0.00165673
24.81937408	0.00595953
24.83129501	0.00902068
24.84321594	0.00934621
24.85513687	0.00898700
24.86705780	0.00600607
24.87897873	0.00153839
24.89089966	0.00042260
24.90282059	0.00056417
24.91474152	0.00037644
24.92666245	0.00038539
24.93858337	0.00051163
24.95050430	0.00081911
24.96242523	0.01060058
24.97434616	0.03904694
24.98626709	0.06295148
24.99818802	0.06673560
25.01010895	0.06558135
25.02202988	0.04861436
25.03395081	0.01782493
25.04587173	0.00200024
25.05779266	0.00024764
25.06971359	0.00023038
25.08163452	0.00015632
25.09355545	0.00034387
25.10547638	0.00063759
25.11739731	0.00254486
25.12931824	0.00877196
25.14123917	0.01451606
25.15316010	0.01531120
25.16508102	0.01473922
25.17700195	0.01117417
25.18892288	0.00402484
25.20084381	0.00017547
25.21276474	0.00032862
25.22468567	0.00047937
25.23660660	0.00063024
25.24852753	0.00069160
25.26044846	0.00064351
25.27236938	0.00066716
25.28429031	0.00089908
25.29621124	0.00108515
25.30813217	0.00105846
25.32005310	0.00089017
25.33197403	0.00059500
25.34389496	0.00037285
25.35581589	0.00020970
25.36773682	0.00006718
25.37965775	0.00031168
25.39157867	0.00052452
25.40349960	0.00072491
25.41542053	0.00078414
25.42734146	0.00088914
25.43926239	0.00251746
25.45118332	0.00487390
25.46310425	0.00550628
25.47502518	0.00549666
25.48694611	0.00481914
25.49886703	0.00233778
25.51078796	0.00039570
25.52270889	0.00042386
25.53462982	0.00067912
25.54655075	0.00077504
25.55847168	0.00070620
25.57039261	0.00054422
25.58231354	0.00073473
25.59423447	0.00259636
25.60615540	0.00548698
25.61807632	0.00662787
25.62999725	0.00655324
25.64191818	0.00571068
25.65383911	0.00292510
25.66576004	0.00046335
25.67768097	0.00017364
25.68960190	0.00008955
25.70152283	0.00018089
25.71344376	0.00028948
25.72536469	0.00021022
25.73728561	0.00016286
25.74920654	0.00115793
25.76112747	0.00273541
25.77304840	0.00330638
25.78496933	0.00310905
25.79689026	0.00244166
25.80881119	0.00088681
25.82073212	0.00086175
25.83265305	0.00109913
25.84457397	0.00076288
25.85649490	0.00035306
25.86841583	0.00033888
25.88033676	0.00049586
25.89225769	0.00056719
25.90417862	0.00110152
25.91609955	0.00219645
25.92802048	0.00278051
25.93994141	0.00280577
25.95186234	0.00262518
25.96378326	0.00168701
25.97570419	0.00062591
25.98762512	0.00019634
25.99954605	0.00018901
26.01146698	0.00022102
26.02338791	0.00036052
26.03530884	0.00056930
26.04722977	0.00037265
26.05915070	0.00237314
26.07107162	0.00816081
26.08299255	0.01170910
26.09491348	0.01221042
26.10683441	0.01175252
26.11875534	0.00743719
26.13067627	0.00208004
26.14259720	0.00066029
26.15451813	0.00066807
26.16643906	0.00083596
26.17835999	0.00106206
26.19028091	0.00089353
26.20220184	0.00075948
26.21412277	0.01207304
26.22604370	0.03879047
26.23796463	0.05744027
26.24988556	0.05958706
26.26180649	0.05760961
26.27372742	0.03962588
26.28564835	0.01302992
26.29756927	0.00151527
26.30949020	0.00030522
26.32141113	0.00035190
26.33333206	0.00052821
26.34525299	0.00057054
26.35717392	0.00055271
26.36909485	0.00071152
26.38101578	0.00412496
26.39293671	0.00699981
26.40485764	0.00765602
26.41677856	0.00778060
26.42869949	0.00589918
26.44062042	0.00231749
26.45254135	0.00067322
26.46446228	0.00058395
26.47638321	0.00055971
26.48830414	0.00052524
26.50022507	0.00046475
26.51214600	0.00073149
26.52406693	0.00059514
26.53598785	0.00167736
26.54790878	0.00339630
26.55982971	0.00385178
26.57175064	0.00406488
26.58367157	0.00324999
26.59559250	0.00143648
26.60751343	0.00080055
26.61943436	0.00078834
26.63135529	0.00070902
26.64327621	0.00067747
26.65519714	0.00074726
26.66711807	0.00072727
26.67903900	0.00107597
26.69095993	0.00368659
26.70288086	0.00634326
26.71480179	0.00670039
26.72672272	0.00632728
26.73864365	0.00470999
26.75056458	0.00156609
26.76248550	0.00031432
26.77440643	0.00008830
26.78632736	0.00044535
26.79824829	0.00091441
26.81016922	0.00094983
26.82209015	0.00061363
26.83401108	0.00090433
26.84593201	0.00307108
26.85785294	0.00576090
26.86977386	0.00649983
26.88169479	0.00635142
26.89361572	0.00534592
26.90553665	0.00273008
26.91745758	0.00079365
26.92937851	0.00041822
26.94129944	0.00048308
26.95322037	0.00043082
26.96514130	0.00028393
26.97706223	0.00033441
26.98898315	0.00056236
27.00090408	0.00103159
27.01282501	0.00151302
27.02474594	0.00147479
27.03666687	0.00124182
27.04858780	0.00095452
27.06050873	0.00055776
27.07242966	0.00064108
27.08435059	0.00067804
27.09627151	0.00053161
27.10819244	0.00033310
27.12011337	0.00037058
27.13203430	0.00055619
27.14395523	0.00066318
27.15587616	0.00209272
27.16779709	0.00456812
27.17971802	0.00550824
27.19163895	0.00535045
27.20355988	0.00468446
27.21548080	0.00253267
27.22740173	0.00087714
27.23932266	0.00070891
27.25124359	0.00059252
27.26316452	0.00058830
27.27508545	0.00084493
27.28700638	0.00101558
27.29892731	0.00138231
27.31084824	0.00434712
27.32276917	0.01001355
27.33469009	0.01294192
27.34661102	0.01319783
27.35853195	0.01245491
27.37045288	0.00756737
27.38237381	0.00204550
27.39429474	0.00028883
27.40621567	0.00062374
27.41813660	0.00072729
27.43005753	0.00073575
27.44197845	0.00078506
27.45389938	0.00197417
27.46582031	0.01196360
27.47774124	0.03205656
27.48966217	0.04331284
27.50158310	0.04386814
27.51350403	0.04143692
27.52542496	0.02617765
27.53734589	0.00751377
27.54926682	0.00089056
27.56118774	0.00038979
27.57310867	0.00045022
27.58502960	0.00059263
27.59695053	0.00087774
27.60887146	0.00127069
27.62079239	0.00144303
27.63271332	0.00125488
27.64463425	0.00100264
27.65655518	0.00080194
27.66847610	0.00054030
27.68039703	0.00026537
27.69231796	0.00007942
27.70423889	0.00031126
27.71615982	0.00059684
27.72808075	0.00069646
27.74000168	0.00045304
27.75192261	0.00020167
27.76384354	0.00018765
27.77576447	0.00160897
27.78768539	0.00516897
27.79960632	0.00782725
27.81152725	0.00811406
27.82344818	0.00808180
27.83536911	0.00602536
27.84729004	0.00237887
27.85921097	0.00073039
27.87113190	0.00054464
27.88305283	0.00025593
27.89497375	0.00010811
27.90689468	0.00048838
27.91881561	0.00081533
27.93073654	0.00194476
27.94265747	0.00506553
27.95457840	0.00781999
27.96649933	0.00839710
27.97842026	0.00823242
27.99034119	0.00627707
28.00226212	0.00270424
28.01418304	0.00039719
28.02610397	0.00034168
28.03802490	0.00039300
28.04994583	0.00035982
28.06186676	0.00036429
28.07378769	0.00057828
28.08570862	0.00101724
28.09762955	0.00256321
28.10955048	0.00409592
28.12147141	0.00431344
28.13339233	0.00416730
28.14531326	0.00320344
28.15723419	0.00134029
28.16915512	0.00035548
28.18107605	0.00033154
28.19299698	0.00045206
28.20491791	0.00043898
28.21683884	0.00011951
28.22875977	0.00030908
28.24068069	0.00045241
28.25260162	0.00091914
28.26452255	0.00172248
28.27644348	0.00198121
28.28836441	0.00206286
28.30028534	0.00185485
28.31220627	0.00098916
28.32412720	0.00028459
28.33604813	0.00021993
28.34796906	0.00066991
28.35988998	0.00088335
28.37181091	0.00077792
28.38373184	0.00054209
28.39565277	0.00041093
28.40757370	0.00273474
28.41949463	0.00602355
28.43141556	0.00704889
28.44333649	0.00710869
28.45525742	0.00620272
28.46717834	0.00290863
28.47909927	0.00035688
28.49102020	0.00015404
28.50294113	0.00007070
28.51486206	0.00027623
28.52678299	0.00049980
28.53870392	0.00051998
28.55062485	0.00070308
28.56254578	0.00452335
28.57446671	0.01035028
28.58638763	0.01234492
28.59830856	0.01198302
28.61022949	0.01039856
28.62215042	0.00506119
28.63407135	0.00073406
28.64599228	0.00094817
28.65791321	0.00091627
28.66983414	0.00094119
28.68175507	0.00069740
28.69367599	0.00046236
28.70559692	0.00114344
28.71751785	0.00697487
28.72943878	0.01714279
28.74135971	0.02183951
28.75328064	0.02187973
28.76520157	0.01995162
28.77712250	0.01122044
28.78904343	0.00238322
28.80096436	0.00022567
28.81288528	0.00034096
28.82480621	0.00043450
28.83672714	0.00065014
28.84864807	0.00081576
28.86056900	0.00110794
28.87248993	0.00340112
28.88441086	0.00785288
28.89633179	0.01020029
28.90825272	0.01012961
28.92017365	0.00925358
28.93209457	0.00554644
28.94401550	0.00170007
28.95593643	0.00122940
28.96785736	0.00095792
28.97977829	0.00062295
28.99169922	0.00032664
29.00362015	0.00020109
29.01554108	0.00015875
29.02746201	0.00189530
29.03938293	0.00650590
29.05130386	0.00949205
29.06322479	0.00999162
29.07514572	0.00977914
29.08706665	0.00662513
29.09898758	0.00235564
29.11090851	0.00081109
29.12282944	0.00084427
29.13475037	0.00081885
29.14667130	0.00060212
29.15859222	0.00045159
29.17051315	0.00030792
29.18243408	0.00090326
29.19435501	0.00390987
29.20627594	0.00621986
29.21819687	0.00666517
29.23011780	0.00664624
29.24203873	0.00473363
29.25395966	0.00158137
29.26588058	0.00033881
29.27780151	0.00049860
29.28972244	0.00067868
29.30164337	0.00085202
29.31356430	0.00090813
29.32548523	0.00093751
29.33740616	0.00062946
29.34932709	0.00013306
29.36124802	0.00077774
29.37316895	0.00123738
29.38508987	0.00161362
29.39701080	0.00146261
29.40893173	0.00110112
29.42085266	0.00088638
29.43277359	0.00071906
29.44469452	0.00055086
29.45661545	0.00050698
29.46853638	0.00063540
29.48045731	0.00086330
29.49237823	0.00132722
29.50429916	0.00266480
29.51622009	0.00392574
29.52814102	0.00388708
29.54006195	0.00350707
29.55198288	0.00261058
29.56390381	0.00151892
29.57582474	0.00152982
29.58774567	0.00130481
29.59966660	0.00102049
29.61158752	0.00079071
29.62350845	0.00040827
29.63542938	0.00004958
29.64735031	0.00086055
29.65927124	0.00404215
29.67119217	0.00746219
29.68311310	0.00817983
29.69503403	0.00811208
29.70695496	0.00676058
29.71887589	0.00307193
29.73079681	0.00060238
29.74271774	0.00038879
29.75463867	0.00070781
29.76655960	0.00076258
29.77848053	0.00072076
29.79040146	0.00055951
29.80232239	0.00123514
29.81424332	0.00487300
29.82616425	0.00938632
29.83808517	0.01080461
29.85000610	0.01079742
29.86192703	0.00938096
29.87384796	0.00500103
29.88576889	0.00159901
29.89768982	0.00079845
29.90961075	0.00084176
29.92153168	0.00093689
29.93345261	0.00095165
29.94537354	0.00081375
29.95729446	0.00050690
29.96921539	0.00051693
29.98113632	0.00078833
29.99305725	0.00083566
30.00497818	0.00079334
30.01689911	0.00085341
30.02882004	0.00070823
30.04074097	0.00041181
30.05266190	0.00029495
30.06458282	0.00050124
30.07650375	0.00061076
30.08842468	0.00072791
30.10034561	0.00069506
30.11226654	0.00094998
30.12418747	0.00595609
30.13610840	0.01412486
30.14802933	0.01754268
30.15995026	0.01753978
30.17187119	0.01598288
30.18379211	0.00881393
30.19571304	0.00180479
30.20763397	0.00013224
30.21955490	0.00032793
30.23147583	0.00051514
30.24339676	0.00059074
30.25531769	0.00059916
30.26723862	0.00108273
30.27915955	0.00379158
30.29108047	0.00856846
30.30300140	0.01104192
30.31492233	0.01119518
30.32684326	0.01042356
30.33876419	0.00643386
30.35068512	0.00196331
30.36260605	0.00042833
30.37452698	0.00010854
30.38644791	0.00024984
30.39836884	0.00029669
30.41028976	0.00048775
30.42221069	0.00087310
30.43413162	0.00185118
30.44605255	0.00379756
30.45797348	0.00469274
30.46989441	0.00440040
30.48181534	0.00403838
30.49373627	0.00262609
30.50565720	0.00107466
30.51757813	0.00065737
30.52949905	0.00070663
30.54141998	0.00086295
30.55334091	0.00102420
30.56526184	0.00136390
30.57718277	0.00165509
30.58910370	0.00186718
30.60102463	0.00224024
30.61294556	0.00220900
30.62486649	0.00174016
30.63678741	0.00147796
30.64870834	0.00110568
30.66062927	0.00053025
30.67255020	0.00027750
30.68447113	0.00021564
30.69639206	0.00035757
30.70831299	0.00055537
30.72023392	0.00063570
30.73215485	0.00043091
30.74407578	0.00087641
30.75599670	0.00363526
30.76791763	0.00566788
30.77983856	0.00572104
30.79175949	0.00529599
30.80368042	0.00356135
30.81560135	0.00095152
30.82752228	0.00030782
30.83944321	0.00050846
30.85136414	0.00068566
30.86328506	0.00088738
30.87520599	0.00095805
30.88712692	0.00093301
30.89904785	0.00172207
30.91096878	0.00483246
30.92288971	0.00774979
30.93481064	0.00826329
30.94673157	0.00831958
30.95865250	0.00657943
30.97057343	0.00289395
30.98249435	0.00090849
30.99441528	0.00041739
31.00633621	0.00001113
31.01825714	0.00028683
31.03017807	0.00052168
31.04209900	0.00064265
31.05401993	0.00111055
31.06594086	0.00312500
31.07786179	0.00530905
31.08978271	0.00586303
31.10170364	0.00592574
31.11362457	0.00493158
31.12554550	0.00250231
31.13746643	0.00096513
31.14938736	0.00083262
31.16130829	0.00097181
31.17322922	0.00100523
31.18515015	0.00102002
31.19707108	0.00120038
31.20899200	0.00290163
31.22091293	0.00994662
31.23283386	0.01829268
31.24475479	0.02045153
31.25667572	0.02005532
31.26859665	0.01656976
31.28051758	0.00751288
31.29243851	0.00120557
31.30435944	0.00068796
31.31628036	0.00051180
31.32820129	0.00053397
31.34012222	0.00058113
31.35204315	0.00055658
31.36396408	0.00187303
31.37588501	0.00953598
31.38780594	0.01999163
31.39972687	0.02360659
31.41164780	0.02352920
31.42356873	0.02048011
31.43548965	0.01034366
31.44741058	0.00204303
31.45933151	0.00028854
31.47125244	0.00048599
31.48317337	0.00056510
31.49509430	0.00041054
31.50701523	0.00034028
31.51893616	0.00056546
31.53085709	0.00336838
31.54277802	0.00778814
31.55469894	0.00938399
31.56661987	0.00925631
31.57854080	0.00833609
31.59046173	0.00436548
31.60238266	0.00083762
31.61430359	0.00073358
31.62622452	0.00058198
31.63814545	0.00052333
31.65006638	0.00060969
31.66198730	0.00074415
31.67390823	0.00099829
31.68582916	0.00134730
31.69775009	0.00188942
31.70967102	0.00205934
31.72159195	0.00186019
31.73351288	0.00165385
31.74543381	0.00102075
31.75735474	0.00064876
31.76927567	0.00050166
31.78119659	0.00022407
31.79311752	0.00023937
31.80503845	0.00057194
31.81695938	0.00073564
31.82888031	0.00051283
31.84080124	0.00102154
31.85272217	0.00290075
31.86464310	0.00395012
31.87656403	0.00401977
31.88848495	0.00358724
31.90040588	0.00219254
31.91232681	0.00091299
31.92424774	0.00068545
31.93616867	0.00062260
31.94808960	0.00050244
31.96001053	0.00036286
31.97193146	0.00029852
31.98385239	0.00040701
31.99577332	0.00164945
32.00769424	0.00456060
32.01961517	0.00645660
32.03153610	0.00659114
32.04345703	0.00629805
32.05537796	0.00421291
32.06729889	0.00136636
32.07921982	0.00091492
32.09114075	0.00078749
32.10306168	0.00059730
32.11498260	0.00063879
32.12690353	0.00058188
32.13882446	0.00076296
32.15074539	0.00200184
32.16266632	0.00484769
32.17458725	0.00715681
32.18650818	0.00746453
32.19842911	0.00689125
32.21035004	0.00480414
32.22227097	0.00178567
32.23419189	0.00030336
32.24611282	0.00038764
32.25803375	0.00047987
32.26995468	0.00067979
32.28187561	0.00089159
32.29379654	0.00095332
32.30571747	0.00090536
32.31763840	0.00057034
32.32955933	0.00054312
32.34148026	0.00076023
32.35340118	0.00092396
32.36532211	0.00065144
32.37724304	0.00052554
32.38916397	0.00082234
32.40108490	0.00101740
32.41300583	0.00107745
32.42492676	0.00092829
32.43684769	0.00080003
32.44876862	0.00057212
32.46068954	0.00421824
32.47261047	0.01827378
32.48453140	0.03237925
32.49645233	0.03565815
32.50837326	0.03560374
32.52029419	0.02843702
32.53221512	0.01222415
32.54413605	0.00222739
32.55605698	0.00062574
32.56797791	0.00098411
32.57989883	0.00123817
32.59181976	0.00124271
32.60374069	0.00091886
32.61566162	0.00203370
32.62758255	0.01169325
32.63950348	0.02277299
32.65142441	0.02592516
32.66334534	0.02599267
32.67526627	0.02172978
32.68718719	0.01009784
32.69910812	0.00196284
32.71102905	0.00024227
32.72294998	0.00010125
32.73487091	0.00012398
32.74679184	0.00019650
32.75871277	0.00039347
32.77063370	0.00058002
32.78255463	0.00271644
32.79447556	0.00585827
32.80639648	0.00703534
32.81831741	0.00706680
32.83023834	0.00616196
32.84215927	0.00324229
32.85408020	0.00086292
32.86600113	0.00033753
32.87792206	0.00023071
32.88984299	0.00054460
32.90176392	0.00073664
32.91368484	0.00097176
32.92560577	0.00112739
32.93752670	0.00110218
32.94944763	0.00097946
32.96136856	0.00070245
32.97328949	0.00037036
32.98521042	0.00016450
32.99713135	0.00018173
33.00905228	0.00027211
33.02097321	0.00039097
33.03289413	0.00054203
33.04481506	0.00046397
33.05673599	0.00037073
33.06865692	0.00053070
33.08057785	0.00042462
33.09249878	0.00128056
33.10441971	0.00392696
33.11634064	0.00516325
33.12826157	0.00525918
33.14018250	0.00481396
33.15210342	0.00279447
33.16402435	0.00096910
33.17594528	0.00052771
33.18786621	0.00059881
33.19978714	0.00065733
33.21170807	0.00051930
33.22362900	0.00031940
33.23554993	0.00025579
33.24747086	0.00183490
33.25939178	0.00496214
33.27131271	0.00668773
33.28323364	0.00673512
33.29515457	0.00602679
33.30707550	0.00333702
33.31899643	0.00043801
33.33091736	0.00067157
33.34283829	0.00068857
33.35475922	0.00059799
33.36668015	0.00053292
33.37860107	0.00042017
33.39052200	0.00027343
33.40244293	0.00105965
33.41436386	0.00299089
33.42628479	0.00405285
33.43820572	0.00403447
33.45012665	0.00361997
33.46204758	0.00198218
33.47396851	0.00031739
33.48588943	0.00075757
33.49781036	0.00066320
33.50973129	0.00038915
33.52165222	0.00023343
33.53357315	0.00050935
33.54549408	0.00074832
33.55741501	0.00124880
33.56933594	0.00262638
33.58125687	0.00357937
33.59317780	0.00355306
33.60509872	0.00344187
33.61701965	0.00228706
33.62894058	0.00066907
33.64086151	0.00080755
33.65278244	0.00106935
33.66470337	0.00096300
33.67662430	0.00050299
33.68854523	0.00028440
33.70046616	0.00043606
33.71238708	0.00650000
33.72430801	0.02593016
33.73622894	0.04255789
33.74814987	0.04542015
33.76007080	0.04475419
33.77199173	0.03334816
33.78391266	0.01244824
33.79583359	0.00169712
33.80775452	0.00056725
33.81967545	0.00069385
33.83159637	0.00059477
33.84351730	0.00038533
33.85543823	0.00044864
33.86735916	0.00299044
33.87928009	0.01261127
33.89120102	0.02196528
33.90312195	0.02408032
33.91504288	0.02413869
33.92696381	0.01902320
33.93888474	0.00786559
33.95080566	0.00140693
33.96272659	0.00058736
33.97464752	0.00063981
33.98656845	0.00077518
33.99848938	0.00085643
34.01041031	0.00084350
34.02233124	0.00077207
34.03425217	0.00165706
34.04617310	0.00321020
34.05809402	0.00362325
34.07001495	0.00348626
34.08193588	0.00287203
34.09385681	0.00126967
34.10577774	0.00032862
34.11769867	0.00071966
34.12961960	0.00082889
34.14154053	0.00079383
34.15346146	0.00069364
34.16538239	0.00054249
34.17730331	0.00037338
34.18922424	0.00173857
34.20114517	0.00336261
34.21306610	0.00385321
34.22498703	0.00390888
34.23690796	0.00327670
34.24882889	0.00157929
34.26074982	0.00047038
34.27267075	0.00018909
34.28459167	0.00026225
34.29651260	0.00023038
34.30843353	0.00032476
34.32035446	0.00037150
34.33227539	0.00041006
34.34419632	0.00207194
34.35611725	0.00515878
34.36803818	0.00661176
34.37995911	0.00700900
34.39188004	0.00650862
34.40380096	0.00367600
34.41572189	0.00101160
34.42764282	0.00030391
34.43956375	0.00036110
34.45148468	0.00037270
34.46340561	0.00028638
34.47532654	0.00035511
34.48724747	0.00033955
34.49916840	0.00126872
34.51108932	0.00375036
34.52301025	0.00507739
34.53493118	0.00555742
34.54685211	0.00561627
34.55877304	0.00385918
34.57069397	0.00175516
34.58261490	0.00094814
34.59453583	0.00061112
34.60645676	0.00051909
34.61837769	0.00052633
34.63029861	0.00056763
34.64221954	0.00055625
34.65414047	0.00044291
34.66606140	0.00063624
34.67798233	0.00076652
34.68990326	0.00077347
34.70182419	0.00078285
34.71374512	0.00042365
34.72566605	0.00022744
34.73758698	0.00019099
34.74950790	0.00013080
34.76142883	0.00042272
34.77334976	0.00055482
34.78527069	0.00054988
34.79719162	0.00051371
34.80911255	0.00125281
34.82103348	0.00510925
34.83295441	0.00749072
34.84487534	0.00799143
34.85679626	0.00802757
34.86871719	0.00552623
34.88063812	0.00215572
34.89255905	0.00084456
34.90447998	0.00066061
34.91640091	0.00057535
34.92832184	0.00044728
34.94024277	0.00028826
34.95216370	0.00099470
34.96408463	0.01009305
34.97600555	0.03162268
34.98792648	0.04652520
34.99984741	0.04807100
35.01176834	0.04655201
35.02368927	0.03216684
35.03561020	0.01077984
35.04753113	0.00185132
35.05945206	0.00110873
35.07137299	0.00102381
35.08329391	0.00080938
35.09521484	0.00046195
35.10713577	0.00051435
35.11905670	0.00338098
35.13097763	0.01135824
35.14289856	0.01771755
35.15481949	0.01855827
35.16674042	0.01808034
35.17866135	0.01316085
35.19058228	0.00472348
35.20250320	0.00062746
35.21442413	0.00012466
35.22634506	0.00019051
35.23826599	0.00021277
35.25018692	0.00031746
35.26210785	0.00042487
35.27402878	0.00032966
35.28594971	0.00017364
35.29787064	0.00044911
35.30979156	0.00067767
35.32171249	0.00071564
35.33363342	0.00069354
35.34555435	0.00049296
35.35747528	0.00025053
35.36939621	0.00021745
35.38131714	0.00013550
35.39323807	0.00018030
35.40515900	0.00043159
35.41707993	0.00064814
35.42900085	0.00135375
35.44092178	0.00372630
35.45284271	0.00613280
35.46476364	0.00660023
35.47668457	0.00649046
35.48860550	0.00529361
35.50052643	0.00249579
35.51244736	0.00077540
35.52436829	0.00056567
35.53628922	0.00044365
35.54821014	0.00026729
35.56013107	0.00036018
35.57205200	0.00042101
35.58397293	0.00029914
35.59589386	0.00269621
35.60781479	0.00545584
35.61973572	0.00621838
35.63165665	0.00626773
35.64357758	0.00532393
35.65549850	0.00239182
35.66741943	0.00018093
35.67934036	0.00066842
35.69126129	0.00110068
35.70318222	0.00117916
35.71510315	0.00092590
35.72702408	0.00047607
35.73894501	0.00012811
35.75086594	0.00090224
35.76278687	0.00244800
35.77470779	0.00303979
35.78662872	0.00316748
35.79854965	0.00272185
35.81047058	0.00113281
35.82239151	0.00063327
35.83431244	0.00065936
35.84623337	0.00043748
35.85815430	0.00019757
35.87007523	0.00006284
35.88199615	0.00026737
35.89391708	0.00032578
35.90583801	0.00033161
35.91775894	0.00136427
35.92967987	0.00185118
35.94160080	0.00186666
35.95352173	0.00161808
35.96544266	0.00070374
35.97736359	0.00048267
35.98928452	0.00065429
36.00120544	0.00057863
36.01312637	0.00042306
36.02504730	0.00029322
36.03696823	0.00043300
36.04888916	0.00027546
36.06081009	0.00314742
36.07273102	0.00848804
36.08465195	0.01119011
36.09657288	0.01138793
36.10849380	0.01055172
36.12041473	0.00617869
36.13233566	0.00167792
36.14425659	0.00084151
36.15617752	0.00113274
36.16809845	0.00133836
36.18001938	0.00118251
36.19194031	0.00083189
36.20386124	0.00147981
36.21578217	0.01087621
36.22770309	0.03022150
36.23962402	0.04124142
36.25154495	0.04206061
36.26346588	0.03999294
36.27538681	0.02518901
36.28730774	0.00684957
36.29922867	0.00035769
36.31114960	0.00012113
36.32307053	0.00028010
36.33499146	0.00081272
36.34691238	0.00113374
36.35883331	0.00143959
36.37075424	0.00322358
36.38267517	0.00704528
36.39459610	0.00924076
36.40651703	0.00917978
36.41843796	0.00878636
36.43035889	0.00586968
36.44227982	0.00188616
36.45420074	0.00044330
36.46612167	0.00038463
36.47804260	0.00056334
36.48996353	0.00056654
36.50188446	0.00053733
36.51380539	0.00057056
36.52572632	0.00117810
36.53764725	0.00324909
36.54956818	0.00501785
36.56148911	0.00534350
36.57341003	0.00532065
36.58533096	0.00400195
36.59725189	0.00150246
36.60917282	0.00008794
36.62109375	0.00042616
36.63301468	0.00064717
36.64493561	0.00072422
36.65685654	0.00070137
36.66877747	0.00067090
36.68069839	0.00145171
36.69261932	0.00429582
36.70454025	0.00684428
36.71646118	0.00716227
36.72838211	0.00705939
36.74030304	0.00546080
36.75222397	0.00222265
36.76414490	0.00058176
36.77606583	0.00046515
36.78798676	0.00057941
36.79990768	0.00062160
36.81182861	0.00061586
36.82374954	0.00039505
36.83567047	0.00053857
36.84759140	0.00282816
36.85951233	0.00513020
36.87143326	0.00570485
36.88335419	0.00575881
36.89527512	0.00475765
36.90719604	0.00230334
36.91911697	0.00090561
36.93103790	0.00085375
36.94295883	0.00092921
36.95487976	0.00105590
36.96680069	0.00120469
36.97872162	0.00123876
36.99064255	0.00083130
37.00256348	0.00005178
37.01448441	0.00074671
37.02640533	0.00111640
37.03832626	0.00127984
37.05024719	0.00101558
37.06216812	0.00065230
37.07408905	0.00062487
37.08600998	0.00075086
37.09793091	0.00092736
37.10985184	0.00094907
37.12177277	0.00091972
37.13369370	0.00094817
37.14561462	0.00133196
37.15753555	0.00307136
37.16945648	0.00521465
37.18137741	0.00578865
37.19329834	0.00548204
37.20521927	0.00439678
37.21714020	0.00191486
37.22906113	0.00017053
37.24098206	0.00042508
37.25290298	0.00033828
37.26482391	0.00019651
37.27674484	0.00019765
37.28866577	0.00036082
37.30058670	0.00044963
37.31250763	0.00441838
37.32442856	0.01025468
37.33634949	0.01267072
37.34827042	0.01270971
37.36019135	0.01126066
37.37211227	0.00598417
37.38403320	0.00126025
37.39595413	0.00002606
37.40787506	0.00001332
37.41979599	0.00013231
37.43171692	0.00028370
37.44363785	0.00015190
37.45555878	0.00150479
37.46747971	0.01011147
37.47940063	0.02484129
37.49132156	0.03166797
37.50324249	0.03166339
37.51516342	0.02877556
37.52708435	0.01635530
37.53900528	0.00364313
37.55092621	0.00051954
37.56284714	0.00053450
37.57476807	0.00043883
37.58668900	0.00047084
37.59860992	0.00047442
37.61053085	0.00060148
37.62245178	0.00073473
37.63437271	0.00086710
37.64629364	0.00094791
37.65821457	0.00078692
37.67013550	0.00052147
37.68205643	0.00069740
37.69397736	0.00107717
37.70589828	0.00122854
37.71781921	0.00102808
37.72974014	0.00068837
37.74166107	0.00038820
37.75358200	0.00027441
37.76550293	0.00061822
37.77742386	0.00252420
37.78934479	0.00654352
37.80126572	0.00902502
37.81318665	0.00905659
37.82510757	0.00845803
37.83702850	0.00548356
37.84894943	0.00144725
37.86087036	0.00028404
37.87279129	0.00042696
37.88471222	0.00039127
37.89663315	0.00048306
37.90855408	0.00073716
37.92047501	0.00064333
37.93239594	0.00096476
37.94431686	0.00467788
37.95623779	0.00748073
37.96815872	0.00779464
37.98007965	0.00729361
37.99200058	0.00460368
38.00392151	0.00091108
38.01584244	0.00155391
38.02776337	0.00154496
38.03968430	0.00110558
38.05160522	0.00079636
38.06352615	0.00065797
38.07544708	0.00058121
38.08736801	0.00093079
38.09928894	0.00207822
38.11120987	0.00314060
38.12313080	0.00329607
38.13505173	0.00331825
38.14697266	0.00266391
38.15889359	0.00112207
38.17081451	0.00020447
38.18273544	0.00015279
38.19465637	0.00023091
38.20657730	0.00017571
38.21849823	0.00005949
38.23041916	0.00022504
38.24234009	0.00016946
38.25426102	0.00052494
38.26618195	0.00130556
38.27810287	0.00172185
38.29002380	0.00173865
38.30194473	0.00110466
38.31386566	0.00028857
38.32578659	0.00057662
38.33770752	0.00068117
38.34962845	0.00051767
38.36154938	0.00040767
38.37347031	0.00040146
38.38539124	0.00031868
38.39731216	0.00073673
38.40923309	0.00322538
38.42115402	0.00603041
38.43307495	0.00678362
38.44499588	0.00679152
38.45691681	0.00564155
38.46883774	0.00262977
38.48075867	0.00066281
38.49267960	0.00043354
38.50460052	0.00020966
38.51652145	0.00033092
38.52844238	0.00081905
38.54036331	0.00108860
38.55228424	0.00194694
38.56420517	0.00592641
38.57612610	0.01101586
38.58804703	0.01259116
38.59996796	0.01247778
38.61188889	0.01061282
38.62380981	0.00530327
38.63573074	0.00117256
38.64765167	0.00017813
38.65957260	0.00030577
38.67149353	0.00047032
38.68341446	0.00063819
38.69533539	0.00071110
38.70725632	0.00108284
38.71917725	0.00627729
38.73109818	0.01409490
38.74301910	0.01704450
38.75494003	0.01728282
38.76686096	0.01541508
38.77878189	0.00822798
38.79070282	0.00215745
38.80262375	0.00081178
38.81454468	0.00062322
38.82646561	0.00037028
38.83838654	0.00010673
38.85030746	0.00059121
38.86222839	0.00123734
38.87414932	0.00474161
38.88607025	0.01017129
38.89799118	0.01217859
38.90991211	0.01202940
38.92183304	0.01077342
38.93375397	0.00589625
38.94567490	0.00140745
38.95759583	0.00033906
38.96951675	0.00034846
38.98143768	0.00038221
38.99335861	0.00055666
39.00527954	0.00061801
39.01720047	0.00035064
39.02912140	0.00276649
39.04104233	0.00784155
39.05296326	0.01031112
39.06488419	0.01039562
39.07680511	0.00981565
39.08872604	0.00605519
39.10064697	0.00190210
39.11256790	0.00070344
39.12448883	0.00076596
39.13640976	0.00081762
39.14833069	0.00069728
39.16025162	0.00056727
39.17217255	0.00039327
39.18409348	0.00179098
39.19601440	0.00490405
39.20793533	0.00667133
39.21985626	0.00673898
39.23177719	0.00655292
39.24369812	0.00448696
39.25561905	0.00168109
39.26753998	0.00054224
39.27946091	0.00024359
39.29138184	0.00037735
39.30330276	0.00064548
39.31522369	0.00077165
39.32714462	0.00082759
39.33906555	0.00103295
39.35098648	0.00147054
39.36290741	0.00172664
39.37482834	0.00167002
39.38674927	0.00156350
39.39867020	0.00103237
39.41059113	0.00096207
39.42251205	0.00097938
39.43443298	0.00078234
39.44635391	0.00069579
39.45827484	0.00061251
39.47019577	0.00073258
39.48211670	0.00087603
39.49403763	0.00044244
39.50595856	0.00137049
39.51787949	0.00295831
39.52980042	0.00349003
39.54172134	0.00373984
39.55364227	0.00287500
39.56556320	0.00123479
39.57748413	0.00084353
39.58940506	0.00106721
39.60132599	0.00123390
39.61324692	0.00122625
39.62516785	0.00089853
39.63708878	0.00046494
39.64900970	0.00122767
39.66093063	0.00455692
39.67285156	0.00758483
39.68477249	0.00805373
39.69669342	0.00793584
39.70861435	0.00614163
39.72053528	0.00257162
39.73245621	0.00082159
39.74437714	0.00078194
39.75629807	0.00087709
39.76821899	0.00088981
39.78013992	0.00069934
39.79206085	0.00040200
39.80398178	0.00095083
39.81590271	0.00464921
39.82782364	0.00858833
39.83974457	0.00935376
39.85166550	0.00925944
39.86358643	0.00759423
39.87550735	0.00335931
39.88742828	0.00086759
39.89934921	0.00075580
39.91127014	0.00079410
39.92319107	0.00064186
39.93511200	0.00049968
39.94703293	0.00057600
39.95895386	0.00093968
39.97087479	0.00116951
39.98279572	0.00129034
39.99471664	0.00116970
40.00663757	0.00086302
40.01855850	0.00058065
40.03047943	0.00027367
40.04240036	0.00001594
40.05432129	0.00017011
40.06624222	0.00032123
40.07816315	0.00067107
40.09008408	0.00102289
40.10200500	0.00118165
40.11392593	0.00130904
40.12584686	0.00741684
40.13776779	0.01674647
40.14968872	0.02022464
40.16160965	0.02047229
40.17353058	0.01800800
40.18545151	0.00903078
40.19737244	0.00157117
40.20929337	0.00034945
40.22121429	0.00060770
40.23313522	0.00062769
40.24505615	0.00055023
40.25697708	0.00051941
40.26889801	0.00101231
40.28081894	0.00403627
40.29273987	0.00897072
40.30466080	0.01112190
40.31658173	0.01116567
40.32850266	0.00993256
40.34042358	0.00528231
40.35234451	0.00082007
40.36426544	0.00078317
40.37618637	0.00105249
40.38810730	0.00116015
40.40002823	0.00112629
40.41194916	0.00095375
40.42387009	0.00097102
40.43579102	0.00179338
40.44771194	0.00365405
40.45963287	0.00462514
40.47155380	0.00483861
40.48347473	0.00474715
40.49539566	0.00315688
40.50731659	0.00136787
40.51923752	0.00073350
40.53115845	0.00039222
40.54307938	0.00023911
40.55500031	0.00039433
40.56692123	0.00041981
40.57884216	0.00053672
40.59076309	0.00083032
40.60268402	0.00142321
40.61460495	0.00190972
40.62652588	0.00214207
40.63844681	0.00219725
40.65036774	0.00173832
40.66228867	0.00093449
40.67420959	0.00048695
40.68613052	0.00055788
40.69805145	0.00064730
40.70997238	0.00047330
40.72189331	0.00036238
40.73381424	0.00046777
40.74573517	0.00061563
40.75765610	0.00302052
40.76957703	0.00487814
40.78149796	0.00537769
40.79341888	0.00553518
40.80533981	0.00406445
40.81726074	0.00190230
40.82918167	0.00113654
40.84110260	0.00102209
40.85302353	0.00078774
40.86494446	0.00035876
40.87686539	0.00011185
40.88878632	0.00028955
40.90070724	0.00156357
40.91262817	0.00493406
40.92454910	0.00743083
40.93647003	0.00789664
40.94839096	0.00808292
40.96031189	0.00613575
40.97223282	0.00262979
40.98415375	0.00099780
40.99607468	0.00070652
41.00799561	0.00047291
41.01991653	0.00038063
41.03183746	0.00044143
41.04375839	0.00051430
41.05567932	0.00131365
41.06760025	0.00355709
41.07952118	0.00552216
41.09144211	0.00576051
41.10336304	0.00565863
41.11528397	0.00440908
41.12720490	0.00182097
41.13912582	0.00052385
41.15104675	0.00041507
41.16296768	0.00035674
41.17488861	0.00056358
41.18680954	0.00064628
41.19873047	0.00040062
41.21065140	0.00145789
41.22257233	0.00743423
41.23449326	0.01350997
41.24641418	0.01503184
41.25833511	0.01511047
41.27025604	0.01213453
41.28217697	0.00537745
41.29409790	0.00129613
41.30601883	0.00066464
41.31793976	0.00063436
41.32986069	0.00068087
41.34178162	0.00059009
41.35370255	0.00051865
41.36562347	0.00254986
41.37754440	0.01254448
41.38946533	0.02427807
41.40138626	0.02764129
41.41330719	0.02779671
41.42522812	0.02345049
41.43714905	0.01109049
41.44906998	0.00234012
41.46099091	0.00061039
41.47291183	0.00049554
41.48483276	0.00038183
41.49675369	0.00040936
41.50867462	0.00058355
41.52059555	0.00035195
41.53251648	0.00370365
41.54443741	0.00830822
41.55635834	0.00992999
41.56827927	0.01005274
41.58020020	0.00866808
41.59212112	0.00428532
41.60404205	0.00085897
41.61596298	0.00023128
41.62788391	0.00024859
41.63980484	0.00018523
41.65172577	0.00043624
41.66364670	0.00044859
41.67556763	0.00019836
41.68748856	0.00063889
41.69940948	0.00180601
41.71133041	0.00239439
41.72325134	0.00232091
41.73517227	0.00195812
41.74709320	0.00104310
41.75901413	0.00040881
41.77093506	0.00047624
41.78285599	0.00031716
41.79477692	0.00031061
41.80669785	0.00035137
41.81861877	0.00037790
41.83053970	0.00065724
41.84246063	0.00184606
41.85438156	0.00332069
41.86630249	0.00381779
41.87822342	0.00371304
41.89014435	0.00331971
41.90206528	0.00199059
41.91398621	0.00071466
41.92590714	0.00042889
41.93782806	0.00053401
41.94974899	0.00056556
41.96166992	0.00048980
41.97359085	0.00063013
41.98551178	0.00110772
41.99743271	0.00283492
42.00935364	0.00555498
42.02127457	0.00669424
42.03319550	0.00642168
42.04511642	0.00577494
42.05703735	0.00336040
42.06895828	0.00055928
42.08087921	0.00080613
42.09280014	0.00115797
42.10472107	0.00118253
42.11664200	0.00104335
42.12856293	0.00082417
42.14048386	0.00066925
42.15240479	0.00154594
42.16432571	0.00427124
42.17624664	0.00603643
42.18816757	0.00619338
42.20008850	0.00587177
42.21200943	0.00351187
42.22393036	0.00038819
42.23585129	0.00087550
42.24777222	0.00098195
42.25969315	0.00077037
42.27161407	0.00043674
42.28353500	0.00011066
42.29545593	0.00034388
42.30737686	0.00035711
42.31929779	0.00049486
42.33121872	0.00064572
42.34313965	0.00063210
42.35506058	0.00071402
42.36698151	0.00044764
42.37890244	0.00045626
42.39082336	0.00078739
42.40274429	0.00092507
42.41466522	0.00077294
42.42658615	0.00052524
42.43850708	0.00041867
42.45042801	0.00081140
42.46234894	0.00507997
42.47426987	0.01679905
42.48619080	0.02654757
42.49811172	0.02795982
42.51003265	0.02708757
42.52195358	0.01972453
42.53387451	0.00699720
42.54579544	0.00065226
42.55771637	0.00015681
42.56963730	0.00017871
42.58155823	0.00047028
42.59347916	0.00055729
42.60540009	0.00082849
42.61732101	0.00432754
42.62924194	0.01624034
42.64116287	0.02766324
42.65308380	0.02984019
42.66500473	0.02963031
42.67692566	0.02347194
42.68884659	0.00998655
42.70076752	0.00228695
42.71268845	0.00130198
42.72460938	0.00125346
42.73653030	0.00104329
42.74845123	0.00078303
42.76037216	0.00082736
42.77229309	0.00049783
42.78421402	0.00283622
42.79613495	0.00602739
42.80805588	0.00696279
42.81997681	0.00728605
42.83189774	0.00617413
42.84381866	0.00274493
42.85573959	0.00067763
42.86766052	0.00072986
42.87958145	0.00075278
42.89150238	0.00044991
42.90342331	0.00020569
42.91534424	0.00002267
42.92726517	0.00023510
42.93918610	0.00059206
42.95110703	0.00101508
42.96302795	0.00112848
42.97494888	0.00104822
42.98686981	0.00074950
42.99879074	0.00051852
43.01071167	0.00071707
43.02263260	0.00072357
43.03455353	0.00055328
43.04647446	0.00024485
43.05839539	0.00007805
43.07031631	0.00025896
43.08223724	0.00015578
43.09415817	0.00197265
43.10607910	0.00474076
43.11800003	0.00576374
43.12992096	0.00564859
43.14184189	0.00475078
43.15376282	0.00198249
43.16568375	0.00042949
43.17760468	0.00099374
43.18952560	0.00100697
43.20144653	0.00078077
43.21336746	0.00054054
43.22528839	0.00050984
43.23720932	0.00047338
43.24913025	0.00185018
43.26105118	0.00484135
43.27297211	0.00620019
43.28489304	0.00621567
43.29681396	0.00560228
43.30873489	0.00324250
43.32065582	0.00106724
43.33257675	0.00060719
43.34449768	0.00078445
43.35641861	0.00091608
43.36833954	0.00096759
43.38026047	0.00080117
43.39218140	0.00036406
43.40410233	0.00127850
43.41602325	0.00314337
43.42794418	0.00397620
43.43986511	0.00376244
43.45178604	0.00330924
43.46370697	0.00195578
43.47562790	0.00078693
43.48754883	0.00072362
43.49946976	0.00073146
43.51139069	0.00068545
43.52331161	0.00056192
43.53523254	0.00045887
43.54715347	0.00059489
43.55907440	0.00133538
43.57099533	0.00299892
43.58291626	0.00391458
43.59483719	0.00387436
43.60675812	0.00362420
43.61867905	0.00220495
43.63059998	0.00051548
43.64252090	0.00020837
43.65444183	0.00025458
43.66636276	0.00010016
43.67828369	0.00016614
43.69020462	0.00035410
43.70212555	0.00043122
43.71404648	0.00667562
43.72596741	0.02252309
43.73788834	0.03372784
43.74980927	0.03498438
43.76173019	0.03388798
43.77365112	0.02335518
43.78557205	0.00757744
43.79749298	0.00075221
43.80941391	0.00015453
43.82133484	0.00017413
43.83325577	0.00032899
43.84517670	0.00027987
43.85709763	0.00061975
43.86901855	0.00521957
43.88093948	0.01768902
43.89286041	0.02771638
43.90478134	0.02934673
43.91670227	0.02894453
43.92862320	0.02135538
43.94054413	0.00797854
43.95246506	0.00138786
43.96438599	0.00048922
43.97630692	0.00031632
43.98822784	0.00033472
44.00014877	0.00043303
44.01206970	0.00069931
44.02399063	0.00133869
44.03591156	0.00286451
44.04783249	0.00417166
44.05975342	0.00427855
44.07167435	0.00416183
44.08359528	0.00324613
44.09551620	0.00155145
44.10743713	0.00091861
44.11935806	0.00078182
44.13127899	0.00066397
44.14319992	0.00073203
44.15512085	0.00086886
44.16704178	0.00084704
44.17896271	0.00108981
44.19088364	0.00236948
44.20280457	0.00390865
44.21472549	0.00430954
44.22664642	0.00407836
44.23856735	0.00315713
44.25048828	0.00135372
44.26240921	0.00015189
44.27433014	0.00006517
44.28625107	0.00013123
44.29817200	0.00025757
44.31009293	0.00023414
44.32201385	0.00034773
44.33393478	0.00061125
44.34585571	0.00275090
44.35777664	0.00552587
44.36969757	0.00624415
44.38161850	0.00642040
44.39353943	0.00582547
44.40546036	0.00322121
44.41738129	0.00129076
44.42930222	0.00093924
44.44122314	0.00102736
44.45314407	0.00123724
44.46506500	0.00130104
44.47698593	0.00102031
44.48890686	0.00075341
44.50082779	0.00220693
44.51274872	0.00465335
44.52466965	0.00538706
44.53659058	0.00520074
44.54851151	0.00432898
44.56043243	0.00190285
44.57235336	0.00018284
44.58427429	0.00033861
44.59619522	0.00033421
44.60811615	0.00029507
44.62003708	0.00010750
44.63195801	0.00016017
44.64387894	0.00039042
44.65579987	0.00073858
44.66772079	0.00111565
44.67964172	0.00125945
44.69156265	0.00125507
44.70348358	0.00107726
44.71540451	0.00068763
44.72732544	0.00056616
44.73924637	0.00067267
44.75116730	0.00070266
44.76308823	0.00077125
44.77500916	0.00090891
44.78693008	0.00087911
44.79885101	0.00042915
44.81077194	0.00180632
44.82269287	0.00550134
44.83461380	0.00734100
44.84653473	0.00749927
44.85845566	0.00714201
44.87037659	0.00426365
44.88229752	0.00121907
44.89421844	0.00101050
44.90613937	0.00115624
44.91806030	0.00113231
44.92998123	0.00087964
44.94190216	0.00046342
44.95382309	0.00119434
44.96574402	0.00911969
44.97766495	0.02569528
44.98958588	0.03529330
45.00150681	0.03600069
45.01342773	0.03420069
45.02534866	0.02159771
45.03726959	0.00580542
45.04919052	0.00024000
45.06111145	0.00043814
45.07303238	0.00057591
45.08495331	0.00069074
45.09687424	0.00081152
45.10879517	0.00113164
45.12071609	0.00541666
45.13263702	0.01527748
45.14455795	0.02163765
45.15647888	0.02211347
45.16839981	0.02122216
45.18032074	0.01437502
45.19224167	0.00467502
45.20416260	0.00106910
45.21608353	0.00112412
45.22800446	0.00101369
45.23992538	0.00059972
45.25184631	0.00031412
45.26376724	0.00011728
45.27568817	0.00038885
45.28760910	0.00036664
45.29953003	0.00021226
45.31145096	0.00026803
45.32337189	0.00054233
45.33529282	0.00062901
45.34721375	0.00056214
45.35913467	0.00056720
45.37105560	0.00043978
45.38297653	0.00032630
45.39489746	0.00055244
45.40681839	0.00070628
45.41873932	0.00050797
45.43066025	0.00073686
45.44258118	0.00364276
45.45450211	0.00628931
45.46642303	0.00687877
45.47834396	0.00669753
45.49026489	0.00507599
45.50218582	0.00204255
45.51410675	0.00021465
45.52602768	0.00038989
45.53794861	0.00058219
45.54986954	0.00061515
45.56179047	0.00072412
45.57371140	0.00116077
45.58563232	0.00108226
45.59755325	0.00215761
45.60947418	0.00474396
45.62139511	0.00567579
45.63331604	0.00600958
45.64523697	0.00490926
45.65715790	0.00204197
45.66907883	0.00097816
45.68099976	0.00115538
45.69292068	0.00111016
45.70484161	0.00088264
45.71676254	0.00056285
45.72868347	0.00026426
45.74060440	0.00033746
45.75252533	0.00185629
45.76444626	0.00362840
45.77636719	0.00408087
45.78828812	0.00393273
45.80020905	0.00315900
45.81212997	0.00140404
45.82405090	0.00049551
45.83597183	0.00042727
45.84789276	0.00034308
45.85981369	0.00058083
45.87173462	0.00081423
45.88365555	0.00088661
45.89557648	0.00085265
45.90749741	0.00091777
45.91941833	0.00153375
45.93133926	0.00184380
45.94326019	0.00199091
45.95518112	0.00198293
45.96710205	0.00127251
45.97902298	0.00057384
45.99094391	0.00029903
46.00286484	0.00015814
46.01478577	0.00031514
46.02670670	0.00047843
46.03862762	0.00052591
46.05054855	0.00113422
46.06246948	0.00457607
46.07439041	0.00958895
46.08631134	0.01169625
46.09823227	0.01196234
46.11015320	0.01085667
46.12207413	0.00628519
46.13399506	0.00203041
46.14591599	0.00062786
46.15783691	0.00046451
46.16975784	0.00049831
46.18167877	0.00034865
46.19359970	0.00026825
46.20552063	0.00169960
46.21744156	0.01091661
46.22936249	0.02659864
46.24128342	0.03391591
46.25320435	0.03410390
46.26512527	0.03116175
46.27704620	0.01795988
46.28896713	0.00439762
46.30088806	0.00067861
46.31280899	0.00077464
46.32472992	0.00076167
46.33665085	0.00072500
46.34857178	0.00063664
46.36049271	0.00049360
46.37241364	0.00288896
46.38433456	0.00826939
46.39625549	0.01127384
46.40817642	0.01147456
46.42009735	0.01085404
46.43201828	0.00669663
46.44393921	0.00166122
46.45586014	0.00048065
46.46778107	0.00052581
46.47970200	0.00049444
46.49162292	0.00042954
46.50354385	0.00060729
46.51546478	0.00086872
46.52738571	0.00172015
46.53930664	0.00382096
46.55122757	0.00502770
46.56314850	0.00506335
46.57506943	0.00482031
46.58699036	0.00303477
46.59891129	0.00072119
46.61083221	0.00028829
46.62275314	0.00046623
46.63467407	0.00054573
46.64659500	0.00049969
46.65851593	0.00058971
46.67043686	0.00069925
46.68235779	0.00070616
46.69427872	0.00398234
46.70619965	0.00669409
46.71812057	0.00736049
46.73004150	0.00757110
46.74196243	0.00565782
46.75388336	0.00230857
46.76580429	0.00079765
46.77772522	0.00039541
46.78964615	0.00016124
46.80156708	0.00044007
46.81348801	0.00055308
46.82540894	0.00050117
46.83732986	0.00112391
46.84925079	0.00323684
46.86117172	0.00500206
46.87309265	0.00512886
46.88501358	0.00494041
46.89693451	0.00355337
46.90885544	0.00118091
46.92077637	0.00102195
46.93269730	0.00089460
46.94461823	0.00072116
46.95653915	0.00071566
46.96846008	0.00069044
46.98038101	0.00060429
46.99230194	0.00029563
47.00422287	0.00061360
47.01614380	0.00130622
47.02806473	0.00148308
47.03998566	0.00152039
47.05190659	0.00126809
47.06382751	0.00057791
47.07574844	0.00058146
47.08766937	0.00071952
47.09959030	0.00060459
47.11151123	0.00035360
47.12343216	0.00026370
47.13535309	0.00042958
47.14727402	0.00076351
47.15919495	0.00236665
47.17111588	0.00426182
47.18303680	0.00472538
47.19495773	0.00470185
47.20687866	0.00391343
47.21879959	0.00186514
47.23072052	0.00072961
47.24264145	0.00075695
47.25456238	0.00086135
47.26648331	0.00101623
47.27840424	0.00098806
47.29032516	0.00086147
47.30224609	0.00081992
47.31416702	0.00447608
47.32608795	0.00984146
47.33800888	0.01173093
47.34992981	0.01188960
47.36185074	0.01017887
47.37377167	0.00489282
47.38569260	0.00101661
47.39761353	0.00028527
47.40953445	0.00061886
47.42145538	0.00080358
47.43337631	0.00060800
47.44529724	0.00037693
47.45721817	0.00157650
47.46913910	0.00971127
47.48106003	0.02086826
47.49298096	0.02479804
47.50490189	0.02489720
47.51682281	0.02215368
47.52874374	0.01179362
47.54066467	0.00285683
47.55258560	0.00068605
47.56450653	0.00056498
47.57642746	0.00053940
47.58834839	0.00043813
47.60026932	0.00038035
47.61219025	0.00034205
47.62411118	0.00054102
47.63603210	0.00080460
47.64795303	0.00090808
47.65987396	0.00082392
47.67179489	0.00065370
47.68371582	0.00052261
47.69563675	0.00061784
47.70755768	0.00091868
47.71947861	0.00108135
47.73139954	0.00095612
47.74332047	0.00075650
47.75524139	0.00075121
47.76716232	0.00051247
47.77908325	0.00202373
47.79100418	0.00641120
47.80292511	0.00875588
47.81484604	0.00910549
47.82676697	0.00872032
47.83868790	0.00549656
47.85060883	0.00172444
47.86252975	0.00053007
47.87445068	0.00060975
47.88637161	0.00071086
47.89829254	0.00074836
47.91021347	0.00074329
47.92213440	0.00048283
47.93405533	0.00159800
47.94597626	0.00534085
47.95789719	0.00744562
47.96981812	0.00743922
47.98173904	0.00696475
47.99365997	0.00422254
48.00558090	0.00096571
48.01750183	0.00085491
48.02942276	0.00042269
48.04134369	0.00019926
48.05326462	0.00044585
48.06518555	0.00063075
48.07710648	0.00063443
48.08902740	0.00026424
48.10094833	0.00214183
48.11286926	0.00348136
48.12479019	0.00383244
48.13671112	0.00386718
48.14863205	0.00271761
48.16055298	0.00103653
48.17247391	0.00091266
48.18439484	0.00106886
48.19631577	0.00096330
48.20823669	0.00078466
48.22015762	0.00063940
48.23207855	0.00026937
48.24399948	0.00040202
48.25592041	0.00114112
48.26784134	0.00171376
48.27976227	0.00183615
48.29168320	0.00172675
48.30360413	0.00133889
48.31552505	0.00090046
48.32744598	0.00079104
48.33936691	0.00058451
48.35128784	0.00036845
48.36320877	0.00043344
48.37512970	0.00058352
48.38705063	0.00060399
48.39897156	0.00131199
48.41089249	0.00417094
48.42281342	0.00658384
48.43473434	0.00687830
48.44665527	0.00675636
48.45857620	0.00517554
48.47049713	0.00214284
48.48241806	0.00073866
48.49433899	0.00036913
48.50625992	0.00026752
48.51818085	0.00052293
48.53010178	0.00063409
48.54202271	0.00057337
48.55394363	0.00085407
48.56586456	0.00524127
48.57778549	0.01002933
48.58970642	0.01133336
48.60162735	0.01153647
48.61354828	0.00953432
48.62546921	0.00427809
48.63739014	0.00092476
48.64931107	0.00071329
48.66123199	0.00068920
48.67315292	0.00060921
48.68507385	0.00055119
48.69699478	0.00036297
48.70891571	0.00140024
48.72083664	0.00652927
48.73275757	0.01257424
48.74467850	0.01413055
48.75659943	0.01419862
48.76852036	0.01235740
48.78044128	0.00625294
48.79236221	0.00183541
48.80428314	0.00092627
48.81620407	0.00045273
