Частота	Канал A
(kГц)	(В)

0.00000000	0.55292300
0.01192093	0.38450310
0.02384186	0.26345640
0.03576279	0.08556858
0.04768372	0.01045579
0.05960464	0.00364792
0.07152557	0.00244576
0.08344650	0.00218784
0.09536743	0.00179708
0.10728836	0.00145568
0.11920929	0.00135007
0.13113022	0.00136894
0.14305115	0.00164515
0.15497208	0.00221100
0.16689301	0.00253836
0.17881393	0.00291507
0.19073486	0.00292225
0.20265579	0.00208115
0.21457672	0.00134679
0.22649765	0.00092261
0.23841858	0.00078654
0.25033951	0.00130605
0.26226044	0.00191205
0.27418137	0.00255666
0.28610229	0.00487058
0.29802322	0.00634872
0.30994415	0.00564148
0.32186508	0.00626060
0.33378601	0.00757714
0.34570694	0.00822954
0.35762787	0.00793788
0.36954880	0.00487824
0.38146973	0.00169918
0.39339066	0.00189890
0.40531158	0.00218160
0.41723251	0.00250139
0.42915344	0.00276693
0.44107437	0.00216718
0.45299530	0.00151755
0.46491623	0.00136012
0.47683716	0.00078906
0.48875809	0.00037588
0.50067902	0.00041795
0.51259995	0.00100641
0.52452087	0.00173918
0.53644180	0.00230817
0.54836273	0.00217224
0.56028366	0.00229402
0.57220459	0.00235710
0.58412552	0.00194217
0.59604645	0.00184575
0.60796738	0.00182478
0.61988831	0.00254580
0.63180923	0.00717475
0.64373016	0.01020742
0.65565109	0.00991747
0.66757202	0.00914064
0.67949295	0.00714812
0.69141388	0.00652169
0.70333481	0.00718577
0.71525574	0.00523700
0.72717667	0.00240372
0.73909760	0.00119132
0.75101852	0.00066370
0.76293945	0.00096366
0.77486038	0.00153492
0.78678131	0.00172782
0.79870224	0.00200578
0.81062317	0.00239985
0.82254410	0.00171772
0.83446503	0.00116803
0.84638596	0.00084707
0.85830688	0.00095010
0.87022781	0.00121335
0.88214874	0.00183037
0.89406967	0.00217350
0.90599060	0.00314184
0.91791153	0.00358602
0.92983246	0.00355541
0.94175339	0.00376981
0.95367432	0.01222034
0.96559525	0.10511680
0.97751617	0.29579000
0.98943710	0.40667140
1.00135803	0.41506010
1.01327896	0.39539520
1.02519989	0.25326980
1.03712082	0.07327692
1.04904175	0.00831335
1.06096268	0.00411858
1.07288361	0.00281392
1.08480453	0.00234619
1.09672546	0.00145809
1.10864639	0.00081671
1.12056732	0.00108043
1.13248825	0.00144680
1.14440918	0.00209488
1.15633011	0.00250158
1.16825104	0.00215693
1.18017197	0.00203776
1.19209290	0.00198312
1.20401382	0.00136442
1.21593475	0.00091939
1.22785568	0.00067225
1.23977661	0.00065567
1.25169754	0.00127755
1.26361847	0.00190417
1.27553940	0.00310562
1.28746033	0.00589953
1.29938126	0.00712344
1.31130219	0.00614802
1.32322311	0.00516449
1.33514404	0.00388026
1.34706497	0.00349791
1.35898590	0.00365709
1.37090683	0.00265166
1.38282776	0.00266440
1.39474869	0.00339206
1.40666962	0.00310701
1.41859055	0.00300781
1.43051147	0.00299710
1.44243240	0.00209011
1.45435333	0.00116618
1.46627426	0.00078701
1.47819519	0.00058526
1.49011612	0.00055200
1.50203705	0.00058295
1.51395798	0.00099341
1.52587891	0.00185774
1.53779984	0.00259645
1.54972076	0.00265887
1.56164169	0.00270807
1.57356262	0.00242371
1.58548355	0.00191322
1.59740448	0.00167098
1.60932541	0.00211136
1.62124634	0.00509873
1.63316727	0.01112141
1.64508820	0.01403490
1.65700912	0.01329621
1.66893005	0.01142844
1.68085098	0.00713702
1.69277191	0.00497801
1.70469284	0.00499700
1.71661377	0.00298738
1.72853470	0.00108273
1.74045563	0.00142477
1.75237656	0.00185278
1.76429749	0.00213319
1.77621841	0.00203855
1.78813934	0.00156367
1.80006027	0.00152676
1.81198120	0.00157131
1.82390213	0.00102708
1.83582306	0.00042384
1.84774399	0.00026520
1.85966492	0.00093381
1.87158585	0.00172067
1.88350677	0.00218468
1.89542770	0.00180473
1.90734863	0.00208907
1.91926956	0.00168489
1.93119049	0.00159970
1.94311142	0.00239568
1.95503235	0.01607773
1.96695328	0.11761710
1.97887421	0.29917590
1.99079514	0.38927580
2.00271606	0.39456000
2.01463699	0.36786340
2.02655792	0.21974200
2.03847885	0.05761234
2.05039978	0.00655238
2.06232071	0.00257243
2.07424164	0.00111697
2.08616257	0.00063455
2.09808350	0.00006555
2.11000443	0.00044627
2.12192535	0.00072329
2.13384628	0.00069502
2.14576721	0.00108231
2.15768814	0.00154727
2.16960907	0.00130456
2.18153000	0.00114878
2.19345093	0.00093278
2.20537186	0.00034791
2.21729279	0.00022408
2.22921371	0.00070459
2.24113464	0.00131011
2.25305557	0.00224564
2.26497650	0.00279825
2.27689743	0.00379162
2.28881836	0.00622865
2.30073929	0.00691211
2.31266022	0.00590024
2.32458115	0.00480686
2.33650208	0.00244400
2.34842300	0.00076792
2.36034393	0.00213919
2.37226486	0.00245775
2.38418579	0.00296925
2.39610672	0.00347455
2.40802765	0.00261938
2.41994858	0.00180474
2.43186951	0.00167709
2.44379044	0.00104737
2.45571136	0.00068680
2.46763229	0.00069667
2.47955322	0.00083912
2.49147415	0.00147127
2.50339508	0.00197429
2.51531601	0.00206396
2.52723694	0.00195287
2.53915787	0.00134190
2.55107880	0.00086004
2.56299973	0.00125352
2.57492065	0.00113850
2.58684158	0.00053404
2.59876251	0.00135149
2.61068344	0.00282670
2.62260437	0.00624683
2.63452530	0.01246306
2.64644623	0.01482360
2.65836716	0.01375511
2.67028809	0.01166042
2.68220901	0.00640305
2.69412994	0.00320327
2.70605087	0.00342812
2.71797180	0.00212637
2.72989273	0.00129003
2.74181366	0.00208182
2.75373459	0.00253006
2.76565552	0.00305241
2.77757645	0.00327840
2.78949738	0.00273851
2.80141830	0.00207576
2.81333923	0.00178942
2.82526016	0.00100880
2.83718109	0.00068142
2.84910202	0.00087553
2.86102295	0.00147484
2.87294388	0.00195563
2.88486481	0.00246899
2.89678574	0.00258915
2.90870667	0.00344863
2.92062759	0.00330936
2.93254852	0.00264321
2.94446945	0.00148410
2.95639038	0.01815376
2.96831131	0.12414140
2.98023224	0.28947230
2.99215317	0.35866130
3.00407410	0.36170770
3.01599503	0.32820450
3.02791595	0.18167170
3.03983688	0.04241947
3.05175781	0.00584315
3.06367874	0.00345924
3.07559967	0.00206729
3.08752060	0.00139088
3.09944153	0.00103402
3.11136246	0.00149684
3.12328339	0.00215235
3.13520432	0.00223090
3.14712524	0.00248271
3.15904617	0.00233506
3.17096710	0.00176994
3.18288803	0.00158043
3.19480896	0.00133302
3.20672989	0.00085242
3.21865082	0.00088843
3.23057175	0.00135177
3.24249268	0.00208766
3.25441360	0.00343306
3.26633453	0.00402820
3.27825546	0.00436442
3.29017639	0.00520010
3.30209732	0.00480801
3.31401825	0.00482943
3.32593918	0.00588926
3.33786011	0.00551369
3.34978104	0.00548625
3.36170197	0.00602872
3.37362289	0.00497639
3.38554382	0.00404968
3.39746475	0.00379801
3.40938568	0.00261722
3.42130661	0.00169031
3.43322754	0.00120692
3.44514847	0.00039038
3.45706940	0.00012896
3.46899033	0.00029064
3.48091125	0.00042794
3.49283218	0.00082604
3.50475311	0.00100039
3.51667404	0.00111297
3.52859497	0.00159393
3.54051590	0.00170552
3.55243683	0.00129220
3.56435776	0.00088935
3.57627869	0.00077292
3.58819962	0.00135517
3.60012054	0.00239255
3.61204147	0.00289408
3.62396240	0.00587497
3.63588333	0.01128674
3.64780426	0.01267148
3.65972519	0.01185026
3.67164612	0.01012285
3.68356705	0.00509128
3.69548798	0.00112903
3.70740891	0.00088392
3.71932983	0.00087744
3.73125076	0.00167440
3.74317169	0.00213238
3.75509262	0.00228604
3.76701355	0.00296739
3.77893448	0.00322670
3.79085541	0.00267527
3.80277634	0.00207347
3.81469727	0.00157377
3.82661819	0.00106393
3.83853912	0.00112654
3.85046005	0.00117393
3.86238098	0.00148807
3.87430191	0.00203751
3.88622284	0.00250531
3.89814377	0.00231262
3.91006470	0.00254321
3.92198563	0.00195282
3.93390656	0.00145218
3.94582748	0.00030959
3.95774841	0.02136137
3.96966934	0.12580110
3.98159027	0.26787880
3.99351120	0.31742320
4.00543213	0.31861980
4.01735306	0.27909450
4.02927399	0.14216340
4.04119492	0.02941400
4.05311584	0.00459308
4.06503677	0.00249409
4.07695770	0.00154066
4.08887863	0.00138386
4.10079956	0.00161387
4.11272049	0.00204017
4.12464142	0.00249804
4.13656235	0.00214067
4.14848328	0.00205528
4.16040421	0.00169418
4.17232513	0.00093608
4.18424606	0.00045084
4.19616699	0.00050298
4.20808792	0.00081187
4.22000885	0.00149315
4.23192978	0.00179567
4.24385071	0.00235676
4.25577164	0.00322291
4.26769257	0.00296853
4.27961349	0.00246575
4.29153442	0.00263450
4.30345535	0.00249959
4.31537628	0.00467489
4.32729721	0.00756140
4.33921814	0.00789745
4.35113907	0.00797168
4.36306000	0.00750697
4.37498093	0.00475345
4.38690186	0.00353369
4.39882278	0.00341541
4.41074371	0.00241108
4.42266464	0.00189568
4.43458557	0.00152786
4.44650650	0.00086838
4.45842743	0.00099349
4.47034836	0.00130604
4.48226929	0.00149115
4.49419022	0.00178351
4.50611115	0.00145188
4.51803207	0.00103038
4.52995300	0.00115809
4.54187393	0.00087599
4.55379486	0.00040320
4.56571579	0.00070049
4.57763672	0.00119583
4.58955765	0.00219329
4.60147858	0.00382867
4.61339951	0.00472548
4.62532043	0.00748662
4.63724136	0.01186816
4.64916229	0.01238653
4.66108322	0.01135737
4.67300415	0.00925604
4.68492508	0.00395763
4.69684601	0.00166861
4.70876694	0.00315045
4.72068787	0.00335102
4.73260880	0.00355403
4.74452972	0.00341868
4.75645065	0.00232213
4.76837158	0.00163726
4.78029251	0.00111270
4.79221344	0.00041082
4.80413437	0.00021727
4.81605530	0.00065531
4.82797623	0.00131815
4.83989716	0.00220630
4.85181808	0.00261724
4.86373901	0.00292627
4.87565994	0.00311380
4.88758087	0.00257800
4.89950180	0.00169183
4.91142273	0.00148221
4.92334366	0.00077014
4.93526459	0.00102778
4.94718552	0.00172951
4.95910645	0.02265161
4.97102737	0.11892660
4.98294830	0.23341660
4.99486923	0.26678480
5.00679016	0.26758410
5.01871109	0.22570530
5.03063202	0.10609970
5.04255295	0.02019213
5.05447388	0.00274974
5.06639481	0.00107829
5.07831573	0.00119081
5.09023666	0.00117807
5.10215759	0.00134313
5.11407852	0.00166604
5.12599945	0.00166160
5.13792038	0.00110845
5.14984131	0.00110601
5.16176224	0.00088424
5.17368317	0.00049156
5.18560410	0.00067408
5.19752502	0.00125608
5.20944595	0.00161407
5.22136688	0.00206085
5.23328781	0.00194531
5.24520874	0.00195156
5.25712967	0.00252270
5.26905060	0.00227576
5.28097153	0.00180957
5.29289246	0.00142658
5.30481339	0.00112753
5.31673431	0.00515217
5.32865524	0.00935204
5.34057617	0.01049214
5.35249710	0.01091871
5.36441803	0.00956445
5.37633896	0.00535811
5.38825989	0.00341632
5.40018082	0.00320814
5.41210175	0.00225195
5.42402267	0.00159104
5.43594360	0.00114048
5.44786453	0.00091554
5.45978546	0.00131398
5.47170639	0.00146300
5.48362732	0.00173233
5.49554825	0.00249604
5.50746918	0.00249827
5.51939011	0.00207833
5.53131104	0.00169308
5.54323196	0.00111725
5.55515289	0.00080886
5.56707382	0.00123496
5.57899475	0.00177238
5.59091568	0.00269483
5.60283661	0.00372777
5.61475754	0.00394733
5.62667847	0.00618450
5.63859940	0.00899273
5.65052032	0.00875071
5.66244125	0.00831197
5.67436218	0.00717994
5.68628311	0.00358065
5.69820404	0.00257854
5.71012497	0.00330400
5.72204590	0.00324551
5.73396683	0.00352829
5.74588776	0.00312537
5.75780869	0.00202078
5.76972961	0.00178461
5.78165054	0.00148858
5.79357147	0.00101606
5.80549240	0.00116616
5.81741333	0.00152860
5.82933426	0.00177710
5.84125519	0.00219028
5.85317612	0.00197219
5.86509705	0.00160037
5.87701797	0.00168163
5.88893890	0.00152061
5.90085983	0.00118816
5.91278076	0.00108011
5.92470169	0.00048700
5.93662262	0.00089836
5.94854355	0.00238641
5.96046448	0.02352065
5.97238541	0.10602550
5.98430634	0.19177430
5.99622726	0.21236780
6.00814819	0.21176480
6.02006912	0.17005260
6.03199005	0.07245562
6.04391098	0.01136790
6.05583191	0.00113631
6.06775284	0.00168191
6.07967377	0.00254647
6.09159470	0.00270654
6.10351563	0.00244230
6.11543655	0.00224916
6.12735748	0.00204865
6.13927841	0.00146095
6.15119934	0.00129410
6.16312027	0.00078546
6.17504120	0.00042179
6.18696213	0.00053762
6.19888306	0.00068545
6.21080399	0.00107601
6.22272491	0.00203743
6.23464584	0.00236774
6.24656677	0.00261357
6.25848770	0.00268057
6.27040863	0.00212226
6.28232956	0.00127473
6.29425049	0.00087783
6.30617142	0.00114151
6.31809235	0.00531877
6.33001328	0.00970409
6.34193420	0.01120261
6.35385513	0.01233450
6.36577606	0.01083350
6.37769699	0.00619351
6.38961792	0.00390549
6.40153885	0.00297035
6.41345978	0.00165322
6.42538071	0.00110824
6.43730164	0.00099082
6.44922256	0.00115735
6.46114349	0.00171357
6.47306442	0.00188289
6.48498535	0.00191039
6.49690628	0.00218265
6.50882721	0.00170036
6.52074814	0.00084341
6.53266907	0.00060426
6.54459000	0.00052949
6.55651093	0.00093396
6.56843185	0.00198748
6.58035278	0.00285311
6.59227371	0.00369519
6.60419464	0.00434351
6.61611557	0.00395810
6.62803650	0.00456376
6.63995743	0.00560836
6.65187836	0.00534595
6.66379929	0.00588452
6.67572021	0.00585842
6.68764114	0.00423209
6.69956207	0.00384920
6.71148300	0.00361737
6.72340393	0.00252428
6.73532486	0.00231107
6.74724579	0.00184643
6.75916672	0.00085873
6.77108765	0.00057836
6.78300858	0.00060739
6.79492950	0.00068920
6.80685043	0.00101727
6.81877136	0.00127621
6.83069229	0.00163601
6.84261322	0.00208174
6.85453415	0.00198999
6.86645508	0.00196625
6.87837601	0.00205983
6.89029694	0.00158852
6.90221786	0.00086673
6.91413879	0.00040928
6.92605972	0.00085198
6.93798065	0.00276808
6.94990158	0.00443993
6.96182251	0.02045541
6.97374344	0.08399040
6.98566437	0.14191930
6.99758530	0.15323660
7.00950623	0.15208760
7.02142715	0.11646440
7.03334808	0.04560577
7.04526901	0.00718541
7.05718994	0.00251707
7.06911087	0.00257803
7.08103180	0.00304874
7.09295273	0.00304147
7.10487366	0.00286114
7.11679459	0.00266520
7.12871552	0.00209446
7.14063644	0.00130062
7.15255737	0.00098056
7.16447830	0.00078307
7.17639923	0.00110094
7.18832016	0.00150674
7.20024109	0.00150861
7.21216202	0.00164506
7.22408295	0.00205692
7.23600388	0.00196605
7.24792480	0.00216722
7.25984573	0.00224235
7.27176666	0.00174318
7.28368759	0.00232690
7.29560852	0.00355067
7.30752945	0.00322285
7.31945038	0.00623620
7.33137131	0.01074317
7.34329224	0.01260074
7.35521317	0.01369576
7.36713409	0.01122360
7.37905502	0.00572700
7.39097595	0.00285424
7.40289688	0.00175673
7.41481781	0.00108984
7.42673874	0.00143256
7.43865967	0.00167819
7.45058060	0.00202592
7.46250153	0.00257184
7.47442245	0.00229895
7.48634338	0.00178849
7.49826431	0.00174908
7.51018524	0.00134025
7.52210617	0.00089471
7.53402710	0.00105911
7.54594803	0.00146126
7.55786896	0.00190558
7.56978989	0.00225134
7.58171082	0.00198254
7.59363174	0.00250453
7.60555267	0.00338962
7.61747360	0.00315459
7.62939453	0.00288076
7.64131546	0.00237183
7.65323639	0.00084271
7.66515732	0.00225854
7.67707825	0.00423347
7.68899918	0.00504622
7.70092010	0.00586934
7.71284103	0.00525303
7.72476196	0.00336092
7.73668289	0.00272478
7.74860382	0.00221581
7.76052475	0.00134439
7.77244568	0.00089781
7.78436661	0.00074356
7.79628754	0.00135828
7.80820847	0.00204643
7.82012939	0.00219153
7.83205032	0.00202721
7.84397125	0.00202873
7.85589218	0.00165041
7.86781311	0.00141796
7.87973404	0.00147976
7.89165497	0.00121448
7.90357590	0.00151562
7.91549683	0.00219463
7.92741776	0.00288335
7.93933868	0.00474240
7.95125961	0.00571453
7.96318054	0.01606445
7.97510147	0.05861162
7.98702240	0.09271143
7.99894333	0.09844762
8.01086426	0.09645728
8.02278519	0.06911688
8.03470612	0.02408813
8.04662704	0.00349117
8.05854797	0.00238005
8.07046890	0.00222422
8.08238983	0.00253281
8.09431076	0.00210614
8.10623169	0.00142771
8.11815262	0.00142598
8.13007355	0.00112403
8.14199448	0.00079693
8.15391541	0.00107107
8.16583633	0.00136554
8.17775726	0.00184907
8.18967819	0.00225569
8.20159912	0.00206955
8.21352005	0.00215935
8.22544098	0.00255399
8.23736191	0.00227310
8.24928284	0.00207575
8.26120377	0.00197626
8.27312469	0.00212164
8.28504562	0.00395646
8.29696655	0.00553615
8.30888748	0.00458699
8.32080841	0.00673144
8.33272934	0.01076565
8.34465027	0.01279956
8.35657120	0.01370034
8.36849213	0.01035512
8.38041306	0.00480970
8.39233398	0.00216766
8.40425491	0.00135379
8.41617584	0.00121069
8.42809677	0.00184553
8.44001770	0.00201487
8.45193863	0.00215203
8.46385956	0.00243041
8.47578049	0.00205791
8.48770142	0.00153774
8.49962234	0.00119401
8.51154327	0.00077874
8.52346420	0.00094977
8.53538513	0.00157861
8.54730606	0.00211815
8.55922699	0.00287718
8.57114792	0.00325897
8.58306885	0.00276005
8.59498978	0.00294865
8.60691071	0.00327849
8.61883163	0.00254992
8.63075256	0.00245999
8.64267349	0.00366309
8.65459442	0.00389170
8.66651535	0.00470883
8.67843628	0.00566589
8.69035721	0.00655475
8.70227814	0.00720023
8.71419907	0.00534779
8.72612000	0.00291660
8.73804092	0.00220148
8.74996185	0.00128094
8.76188278	0.00027759
8.77380371	0.00062830
8.78572464	0.00128840
8.79764557	0.00194172
8.80956650	0.00263901
8.82148743	0.00273321
8.83340836	0.00263756
8.84532928	0.00248579
8.85725021	0.00183723
8.86917114	0.00118068
8.88109207	0.00086765
8.89301300	0.00102771
8.90493393	0.00169346
8.91685486	0.00222801
8.92877579	0.00231567
8.94069672	0.00340848
8.95261765	0.00402128
8.96453857	0.00867102
8.97645950	0.02856342
8.98838043	0.04261751
9.00030136	0.04436273
9.01222229	0.04243203
9.02414322	0.02770161
9.03606415	0.00758746
9.04798508	0.00267853
9.05990601	0.00256011
9.07182693	0.00217049
9.08374786	0.00277467
9.09566879	0.00229704
9.10758972	0.00146109
9.11951065	0.00104870
9.13143158	0.00052321
9.14335251	0.00095148
9.15527344	0.00146150
9.16719437	0.00165906
9.17911530	0.00199076
9.19103622	0.00232596
9.20295715	0.00189985
9.21487808	0.00142443
9.22679901	0.00108680
9.23871994	0.00054818
9.25064087	0.00037653
9.26256180	0.00070649
9.27448273	0.00213405
9.28640366	0.00519572
9.29832458	0.00688596
9.31024551	0.00579161
9.32216644	0.00626859
9.33408737	0.00808051
9.34600830	0.00907948
9.35792923	0.00934080
9.36985016	0.00609779
9.38177109	0.00191159
9.39369202	0.00141428
9.40561295	0.00191117
9.41753387	0.00219461
9.42945480	0.00262556
9.44137573	0.00225990
9.45329666	0.00171332
9.46521759	0.00164964
9.47713852	0.00134732
9.48905945	0.00110146
9.50098038	0.00055687
9.51290131	0.00028123
9.52482224	0.00089437
9.53674316	0.00149770
9.54866409	0.00179423
9.56058502	0.00267377
9.57250595	0.00320313
9.58442688	0.00310263
9.59634781	0.00308109
9.60826874	0.00251537
9.62018967	0.00292258
9.63211060	0.00667888
9.64403152	0.00907927
9.65595245	0.00864399
9.66787338	0.00791348
9.67979431	0.00639239
9.69171524	0.00622479
9.70363617	0.00659767
9.71555710	0.00458515
9.72747803	0.00235737
9.73939896	0.00179046
9.75131989	0.00105471
9.76324081	0.00045319
9.77516174	0.00102196
9.78708267	0.00124330
9.79900360	0.00135087
9.81092453	0.00143403
9.82284546	0.00102897
9.83476639	0.00114256
9.84668732	0.00158107
9.85860825	0.00154174
9.87052917	0.00137923
9.88245010	0.00117286
9.89437103	0.00129978
9.90629196	0.00217407
9.91821289	0.00280632
9.93013382	0.00313571
9.94205475	0.00420439
9.95397568	0.00449694
9.96589661	0.00385430
9.97781754	0.00359824
9.98973846	0.00245460
10.00165939	0.00089260
10.01358032	0.00227143
10.02550125	0.00312518
10.03742218	0.00361670
10.04934311	0.00435409
10.06126404	0.00394154
10.07318497	0.00337221
10.08510590	0.00322569
10.09702682	0.00211547
10.10894775	0.00087033
10.12086868	0.00030502
10.13278961	0.00012153
10.14471054	0.00070961
10.15663147	0.00136392
10.16855240	0.00151383
10.18047333	0.00187550
10.19239426	0.00224968
10.20431519	0.00216102
10.21623611	0.00225165
10.22815704	0.00200727
10.24007797	0.00113040
10.25199890	0.00120381
10.26391983	0.00201566
10.27584076	0.00366956
10.28776169	0.00687928
10.29968262	0.00841050
10.31160355	0.00732289
10.32352448	0.00665225
10.33544540	0.00680144
10.34736633	0.00762418
10.35928726	0.00767381
10.37120819	0.00488211
10.38312912	0.00224463
10.39505005	0.00206695
10.40697098	0.00218275
10.41889191	0.00269758
10.43081284	0.00312562
10.44273376	0.00264395
10.45465469	0.00212622
10.46657562	0.00168410
10.47849655	0.00087749
10.49041748	0.00060006
10.50233841	0.00094980
10.51425934	0.00110653
10.52618027	0.00125552
10.53810120	0.00119250
10.55002213	0.00085526
10.56194305	0.00125981
10.57386398	0.00156043
10.58578491	0.00128608
10.59770584	0.00120395
10.60962677	0.00141772
10.62154770	0.00428739
10.63346863	0.00998893
10.64538956	0.01275997
10.65731049	0.01198125
10.66923141	0.01043490
10.68115234	0.00696064
10.69307327	0.00609072
10.70499420	0.00665435
10.71691513	0.00463098
10.72883606	0.00230318
10.74075699	0.00149838
10.75267792	0.00138129
10.76459885	0.00186159
10.77651978	0.00223802
10.78844070	0.00197636
10.80036163	0.00186093
10.81228256	0.00203738
10.82420349	0.00155652
10.83612442	0.00114196
10.84804535	0.00076561
10.85996628	0.00074663
10.87188721	0.00128658
10.88380814	0.00174779
10.89572906	0.00211217
10.90764999	0.00306765
10.91957092	0.00345743
10.93149185	0.00323139
10.94341278	0.00364974
10.95533371	0.00376536
10.96725464	0.01242003
10.97917557	0.02987242
10.99109650	0.03791456
11.00301743	0.03835329
11.01493835	0.03616932
11.02685928	0.02192366
11.03878021	0.00694208
11.05070114	0.00424713
11.06262207	0.00336234
11.07454300	0.00254363
11.08646393	0.00214194
11.09838486	0.00117367
11.11030579	0.00029774
11.12222672	0.00044706
11.13414764	0.00077924
11.14606857	0.00150807
11.15798950	0.00221382
11.16991043	0.00228542
11.18183136	0.00230356
11.19375229	0.00206404
11.20567322	0.00135972
11.21759415	0.00102547
11.22951508	0.00078938
11.24143600	0.00078255
11.25335693	0.00175066
11.26527786	0.00253678
11.27719879	0.00398245
11.28911972	0.00704438
11.30104065	0.00813970
11.31296158	0.00694289
11.32488251	0.00545583
11.33680344	0.00361648
11.34872437	0.00353876
11.36064529	0.00369021
11.37256622	0.00264563
11.38448715	0.00255123
11.39640808	0.00295937
11.40832901	0.00274133
11.42024994	0.00264534
11.43217087	0.00240610
11.44409180	0.00155294
11.45601273	0.00109230
11.46793365	0.00085906
11.47985458	0.00070643
11.49177551	0.00132826
11.50369644	0.00189167
11.51561737	0.00212722
11.52753830	0.00274895
11.53945923	0.00308846
11.55138016	0.00291398
11.56330109	0.00298976
11.57522202	0.00261905
11.58714294	0.00177173
11.59906387	0.00143032
11.61098480	0.00203295
11.62290573	0.00569604
11.63482666	0.01204987
11.64674759	0.01440009
11.65866852	0.01321842
11.67058945	0.01118724
11.68251038	0.00647697
11.69443130	0.00499081
11.70635223	0.00502427
11.71827316	0.00288400
11.73019409	0.00122554
11.74211502	0.00135259
11.75403595	0.00162429
11.76595688	0.00204889
11.77787781	0.00249277
11.78979874	0.00235908
11.80171967	0.00237134
11.81364059	0.00233741
11.82556152	0.00164748
11.83748245	0.00120035
11.84940338	0.00084134
11.86132431	0.00068863
11.87324524	0.00135068
11.88516617	0.00199456
11.89708710	0.00222678
11.90900803	0.00274818
11.92092896	0.00259253
11.93284988	0.00199242
11.94477081	0.00202154
11.95669174	0.00403866
11.96861267	0.02371692
11.98053360	0.05348856
11.99245453	0.06526097
12.00437546	0.06598835
12.01629639	0.06043257
12.02821732	0.03416549
12.04013824	0.01033260
12.05205917	0.00549273
12.06398010	0.00358863
12.07590103	0.00219513
12.08782196	0.00140963
12.09974289	0.00036119
12.11166382	0.00058008
12.12358475	0.00105367
12.13550568	0.00100791
12.14742661	0.00119390
12.15934753	0.00125208
12.17126846	0.00086453
12.18318939	0.00096156
12.19511032	0.00095314
12.20703125	0.00067060
12.21895218	0.00069639
12.23087311	0.00110432
12.24279404	0.00192711
12.25471497	0.00320023
12.26663589	0.00369743
12.27855682	0.00434011
12.29047775	0.00599814
12.30239868	0.00609045
12.31431961	0.00551299
12.32624054	0.00490483
12.33816147	0.00255390
12.35008240	0.00123475
12.36200333	0.00261893
12.37392426	0.00302583
12.38584518	0.00330969
12.39776611	0.00368211
12.40968704	0.00305406
12.42160797	0.00265180
12.43352890	0.00261548
12.44544983	0.00180178
12.45737076	0.00117434
12.46929169	0.00115248
12.48121262	0.00138817
12.49313354	0.00184599
12.50505447	0.00208197
12.51697540	0.00222521
12.52889633	0.00260535
12.54081726	0.00235030
12.55273819	0.00173611
12.56465912	0.00147939
12.57658005	0.00120562
12.58850098	0.00169428
12.60042191	0.00241212
12.61234283	0.00281652
12.62426376	0.00702967
12.63618469	0.01401696
12.64810562	0.01637999
12.66002655	0.01548452
12.67194748	0.01269443
12.68386841	0.00618684
12.69578934	0.00331045
12.70771027	0.00344766
12.71963120	0.00201459
12.73155212	0.00117874
12.74347305	0.00167547
12.75539398	0.00188229
12.76731491	0.00208464
12.77923584	0.00188555
12.79115677	0.00117550
12.80307770	0.00100692
12.81499863	0.00071974
12.82691956	0.00011761
12.83884048	0.00066340
12.85076141	0.00111255
12.86268234	0.00157516
12.87460327	0.00224668
12.88652420	0.00236255
12.89844513	0.00201744
12.91036606	0.00235400
12.92228699	0.00242433
12.93420792	0.00250636
12.94612885	0.00237606
12.95804977	0.00582646
12.96997070	0.03354365
12.98189163	0.07059586
12.99381256	0.08320330
13.00573349	0.08419882
13.01765442	0.07440510
13.02957535	0.03864638
13.04149628	0.01007180
13.05341721	0.00454543
13.06533813	0.00276942
13.07725906	0.00152365
13.08917999	0.00109976
13.10110092	0.00110450
13.11302185	0.00152013
13.12494278	0.00178969
13.13686371	0.00143521
13.14878464	0.00126522
13.16070557	0.00113825
13.17262650	0.00077183
13.18454742	0.00071656
13.19646835	0.00026449
13.20838928	0.00052591
13.22031021	0.00108175
13.23223114	0.00131885
13.24415207	0.00194378
13.25607300	0.00322378
13.26799393	0.00354560
13.27991486	0.00410699
13.29183578	0.00522144
13.30375671	0.00485731
13.31567764	0.00496623
13.32759857	0.00580296
13.33951950	0.00501587
13.35144043	0.00472050
13.36336136	0.00491048
13.37528229	0.00373801
13.38720322	0.00346575
13.39912415	0.00365811
13.41104507	0.00261105
13.42296600	0.00199792
13.43488693	0.00204319
13.44680786	0.00176755
13.45872879	0.00166188
13.47064972	0.00176013
13.48257065	0.00181273
13.49449158	0.00202795
13.50641251	0.00195755
13.51833344	0.00170851
13.53025436	0.00177967
13.54217529	0.00149028
13.55409622	0.00090087
13.56601715	0.00053540
13.57793808	0.00023453
13.58985901	0.00045347
13.60177994	0.00156219
13.61370087	0.00292966
13.62562180	0.00791620
13.63754272	0.01407957
13.64946365	0.01520398
13.66138458	0.01421249
13.67330551	0.01154009
13.68522644	0.00497593
13.69714737	0.00169186
13.70906830	0.00218139
13.72098923	0.00198175
13.73291016	0.00237728
13.74483109	0.00253484
13.75675201	0.00211581
13.76867294	0.00229546
13.78059387	0.00209613
13.79251480	0.00171802
13.80443573	0.00157920
13.81635666	0.00115033
13.82827759	0.00055840
13.84019852	0.00093062
13.85211945	0.00131011
13.86404037	0.00137616
13.87596130	0.00152870
13.88788223	0.00126776
13.89980316	0.00122548
13.91172409	0.00180478
13.92364502	0.00146186
13.93556595	0.00110288
13.94748688	0.00117684
13.95940781	0.00770020
13.97132874	0.04097134
13.98324966	0.07956679
13.99517059	0.09069107
14.00709152	0.09148668
14.01901245	0.07739508
14.03093338	0.03687685
14.04285431	0.00876335
14.05477524	0.00367892
14.06669617	0.00215766
14.07861710	0.00178038
14.09053802	0.00200364
14.10245895	0.00222483
14.11437988	0.00246384
14.12630081	0.00223710
14.13822174	0.00165279
14.15014267	0.00154593
14.16206360	0.00121282
14.17398453	0.00097670
14.18590546	0.00076115
14.19782639	0.00039631
14.20974731	0.00019873
14.22166824	0.00102105
14.23358917	0.00139339
14.24551010	0.00202318
14.25743103	0.00308573
14.26935196	0.00305196
14.28127289	0.00305800
14.29319382	0.00339887
14.30511475	0.00299064
14.31703568	0.00475695
14.32895660	0.00720647
14.34087753	0.00759836
14.35279846	0.00805297
14.36471939	0.00754391
14.37664032	0.00497771
14.38856125	0.00387809
14.40048218	0.00352832
14.41240311	0.00224612
14.42432404	0.00134715
14.43624496	0.00072986
14.44816589	0.00034936
14.46008682	0.00090265
14.47200775	0.00143077
14.48392868	0.00195737
14.49584961	0.00261350
14.50777054	0.00234822
14.51969147	0.00170902
14.53161240	0.00123614
14.54353333	0.00057432
14.55545425	0.00066845
14.56737518	0.00076260
14.57929611	0.00088309
14.59121704	0.00186323
14.60313797	0.00359349
14.61505890	0.00446912
14.62697983	0.00792040
14.63890076	0.01233931
14.65082169	0.01272589
14.66274261	0.01234949
14.67466354	0.01042754
14.68658447	0.00494767
14.69850540	0.00109127
14.71042633	0.00142775
14.72234726	0.00190424
14.73426819	0.00272099
14.74618912	0.00297799
14.75811005	0.00237983
14.77003098	0.00211517
14.78195190	0.00161662
14.79387283	0.00080067
14.80579376	0.00051220
14.81771469	0.00050322
14.82963562	0.00077126
14.84155655	0.00142227
14.85347748	0.00179328
14.86539841	0.00220390
14.87731934	0.00279902
14.88924026	0.00266998
14.90116119	0.00216006
14.91308212	0.00195924
14.92500305	0.00149620
14.93692398	0.00167668
14.94884491	0.00226984
14.96076584	0.00933844
14.97268677	0.04429779
14.98460770	0.08022302
14.99652863	0.08906194
15.00844955	0.08936107
15.02037048	0.07188142
15.03229141	0.03126750
15.04421234	0.00687280
15.05613327	0.00273868
15.06805420	0.00133781
15.07997513	0.00144088
15.09189606	0.00162835
15.10381699	0.00174985
15.11573792	0.00238426
15.12765884	0.00263715
15.13957977	0.00240465
15.15150070	0.00230174
15.16342163	0.00184529
15.17534256	0.00148595
15.18726349	0.00159299
15.19918442	0.00170863
15.21110535	0.00200022
15.22302628	0.00262057
15.23494720	0.00268720
15.24686813	0.00304066
15.25878906	0.00347751
15.27070999	0.00283009
15.28263092	0.00209713
15.29455185	0.00144515
15.30647278	0.00110524
15.31839371	0.00520726
15.33031464	0.00872032
15.34223557	0.00946343
15.35415649	0.01000804
15.36607742	0.00858131
15.37799835	0.00480575
15.38991928	0.00344798
15.40184021	0.00269512
15.41376114	0.00118622
15.42568207	0.00046208
15.43760300	0.00047912
15.44952393	0.00105701
15.46144485	0.00171243
15.47336578	0.00196951
15.48528671	0.00188578
15.49720764	0.00192361
15.50912857	0.00143409
15.52104950	0.00092476
15.53297043	0.00117870
15.54489136	0.00127070
15.55681229	0.00102689
15.56873322	0.00094202
15.58065414	0.00147760
15.59257507	0.00279094
15.60449600	0.00400281
15.61641693	0.00426525
15.62833786	0.00678915
15.64025879	0.00954644
15.65217972	0.00921674
15.66410065	0.00901337
15.67602158	0.00752940
15.68794250	0.00391970
15.69986343	0.00325787
15.71178436	0.00343335
15.72370529	0.00278017
15.73562622	0.00273686
15.74754715	0.00241708
15.75946808	0.00175691
15.77138901	0.00162409
15.78330994	0.00118789
15.79523087	0.00061850
15.80715179	0.00041427
15.81907272	0.00037694
15.83099365	0.00077676
15.84291458	0.00136870
15.85483551	0.00143544
15.86675644	0.00151449
15.87867737	0.00181356
15.89059830	0.00154133
15.90251923	0.00136320
15.91444016	0.00126130
15.92636108	0.00088924
15.93828201	0.00177840
15.95020294	0.00317682
15.96212387	0.00980126
15.97404480	0.04260694
15.98596573	0.07248808
15.99788666	0.07892571
16.00980759	0.07899211
16.02172852	0.06057036
16.03364944	0.02428835
16.04557037	0.00489071
16.05749130	0.00209487
16.06941223	0.00217783
16.08133316	0.00275293
16.09325409	0.00280618
16.10517502	0.00278305
16.11709595	0.00294407
16.12901688	0.00229959
16.14093781	0.00151586
16.15285873	0.00139767
16.16477966	0.00087754
16.17670059	0.00025095
16.18862152	0.00060421
16.20054245	0.00109346
16.21246338	0.00174535
16.22438431	0.00248515
16.23630524	0.00257654
16.24822617	0.00280601
16.26014709	0.00292828
16.27206802	0.00239429
16.28398895	0.00244230
16.29590988	0.00296169
16.30783081	0.00236453
16.31975174	0.00507366
16.33167267	0.00918338
16.34359360	0.01088160
16.35551453	0.01201319
16.36743546	0.00975525
16.37935638	0.00500317
16.39127731	0.00310352
16.40319824	0.00207318
16.41511917	0.00076844
16.42704010	0.00050505
16.43896103	0.00090231
16.45088196	0.00138402
16.46280289	0.00215517
16.47472382	0.00222671
16.48664474	0.00181811
16.49856567	0.00179009
16.51048660	0.00157068
16.52240753	0.00132396
16.53432846	0.00122613
16.54624939	0.00127916
16.55817032	0.00157045
16.57009125	0.00191870
16.58201218	0.00229543
16.59393311	0.00357546
16.60585403	0.00452089
16.61777496	0.00438569
16.62969589	0.00541097
16.64161682	0.00618296
16.65353775	0.00551509
16.66545868	0.00596471
16.67737961	0.00567596
16.68930054	0.00401441
16.70122147	0.00411641
16.71314240	0.00418666
16.72506332	0.00361120
16.73698425	0.00361742
16.74890518	0.00294087
16.76082611	0.00183916
16.77274704	0.00128117
16.78466797	0.00078882
16.79658890	0.00032564
16.80850983	0.00097696
16.82043076	0.00156355
16.83235168	0.00220127
16.84427261	0.00263636
16.85619354	0.00230493
16.86811447	0.00202463
16.88003540	0.00190245
16.89195633	0.00137489
16.90387726	0.00102383
16.91579819	0.00114780
16.92771912	0.00165340
16.93964005	0.00322171
16.95156097	0.00419498
16.96348190	0.00992509
16.97540283	0.03710250
16.98732376	0.05866211
16.99924469	0.06253520
17.01116562	0.06186527
17.02308655	0.04442131
17.03500748	0.01560590
17.04692841	0.00259256
17.05884933	0.00191479
17.07077026	0.00248829
17.08269119	0.00316818
17.09461212	0.00291584
17.10653305	0.00217547
17.11845398	0.00214224
17.13037491	0.00218481
17.14229584	0.00186620
17.15421677	0.00162818
17.16613770	0.00134464
17.17805862	0.00150170
17.18997955	0.00183113
17.20190048	0.00172969
17.21382141	0.00222788
17.22574234	0.00274875
17.23766327	0.00229255
17.24958420	0.00192448
17.26150513	0.00149710
17.27342606	0.00092260
17.28534698	0.00237702
17.29726791	0.00399204
17.30918884	0.00373018
17.32110977	0.00600007
17.33303070	0.00922661
17.34495163	0.01068669
17.35687256	0.01157537
17.36879349	0.00887865
17.38071442	0.00419755
17.39263535	0.00237723
17.40455627	0.00168539
17.41647720	0.00090817
17.42839813	0.00097680
17.44031906	0.00133596
17.45223999	0.00173322
17.46416092	0.00202125
17.47608185	0.00176702
17.48800278	0.00152133
17.49992371	0.00160555
17.51184464	0.00127464
17.52376556	0.00099133
17.53568649	0.00107279
17.54760742	0.00136529
17.55952835	0.00222212
17.57144928	0.00308177
17.58337021	0.00347726
17.59529114	0.00434237
17.60721207	0.00462961
17.61913300	0.00381395
17.63105392	0.00313073
17.64297485	0.00207404
17.65489578	0.00016595
17.66681671	0.00265087
17.67873764	0.00419715
17.69065857	0.00493728
17.70257950	0.00605140
17.71450043	0.00562481
17.72642136	0.00428289
17.73834229	0.00382048
17.75026321	0.00287381
17.76218414	0.00173886
17.77410507	0.00124992
17.78602600	0.00105053
17.79794693	0.00128547
17.80986786	0.00167318
17.82178879	0.00172100
17.83370972	0.00195453
17.84563065	0.00205333
17.85755157	0.00141988
17.86947250	0.00086446
17.88139343	0.00048344
17.89331436	0.00007843
17.90523529	0.00054757
17.91715622	0.00110591
17.92907715	0.00181456
17.94099808	0.00376657
17.95291901	0.00472527
17.96483994	0.00822297
17.97676086	0.02704792
17.98868179	0.04049057
18.00060272	0.04281686
18.01252365	0.04152427
18.02444458	0.02738455
18.03636551	0.00815520
18.04828644	0.00258828
18.06020737	0.00268833
18.07212830	0.00248927
18.08404922	0.00278281
18.09597015	0.00248351
18.10789108	0.00226988
18.11981201	0.00216732
18.13173294	0.00162173
18.14365387	0.00122692
18.15557480	0.00110885
18.16749573	0.00097651
18.17941666	0.00135578
18.19133759	0.00174856
18.20325851	0.00164569
18.21517944	0.00204222
18.22710037	0.00254061
18.23902130	0.00214927
18.25094223	0.00169698
18.26286316	0.00128405
18.27478409	0.00146667
18.28670502	0.00359420
18.29862595	0.00512583
18.31054688	0.00512012
18.32246780	0.00752171
18.33438873	0.01002011
18.34630966	0.01097200
18.35823059	0.01099261
18.37015152	0.00744491
18.38207245	0.00289059
18.39399338	0.00136365
18.40591431	0.00152467
18.41783524	0.00183680
18.42975616	0.00207650
18.44167709	0.00187388
18.45359802	0.00185731
18.46551895	0.00200803
18.47743988	0.00155218
18.48936081	0.00109757
18.50128174	0.00076319
18.51320267	0.00030780
18.52512360	0.00051338
18.53704453	0.00121938
18.54896545	0.00183390
18.56088638	0.00275618
18.57280731	0.00329146
18.58472824	0.00313390
18.59664917	0.00348090
18.60857010	0.00338988
18.62049103	0.00257061
18.63241196	0.00340550
18.64433289	0.00456105
18.65625381	0.00428170
18.66817474	0.00426110
18.68009567	0.00447805
18.69201660	0.00543801
18.70393753	0.00626806
18.71585846	0.00486775
18.72777939	0.00313664
18.73970032	0.00269859
18.75162125	0.00172404
18.76354218	0.00087273
18.77546310	0.00110823
18.78738403	0.00156246
18.79930496	0.00205481
18.81122589	0.00235951
18.82314682	0.00212534
18.83506775	0.00186619
18.84698868	0.00190671
18.85890961	0.00165245
18.87083054	0.00147650
18.88275146	0.00154269
18.89467239	0.00188543
18.90659332	0.00287183
18.91851425	0.00358493
18.93043518	0.00388663
18.94235611	0.00516260
18.95427704	0.00550872
18.96619797	0.00554324
18.97811890	0.01356062
18.99003983	0.01940222
19.00196075	0.02055889
19.01388168	0.01934317
19.02580261	0.01151510
19.03772354	0.00319226
19.04964447	0.00278618
19.06156540	0.00256229
19.07348633	0.00237102
19.08540726	0.00254466
19.09732819	0.00180539
19.10924911	0.00094985
19.12117004	0.00057835
19.13309097	0.00037034
19.14501190	0.00078491
19.15693283	0.00143979
19.16885376	0.00167046
19.18077469	0.00196548
19.19269562	0.00233033
19.20461655	0.00216626
19.21653748	0.00222113
19.22845840	0.00206990
19.24037933	0.00156725
19.25230026	0.00167899
19.26422119	0.00192831
19.27614212	0.00302033
19.28806305	0.00573863
19.29998398	0.00692507
19.31190491	0.00595992
19.32382584	0.00641318
19.33574677	0.00735023
19.34766769	0.00831596
19.35958862	0.00861207
19.37150955	0.00565283
19.38343048	0.00244279
19.39535141	0.00190818
19.40727234	0.00211603
19.41919327	0.00260785
19.43111420	0.00309936
19.44303513	0.00279794
19.45495605	0.00258617
19.46687698	0.00227358
19.47879791	0.00159288
19.49071884	0.00113819
19.50263977	0.00082742
19.51456070	0.00070563
19.52648163	0.00116558
19.53840256	0.00154874
19.55032349	0.00170341
19.56224442	0.00243624
19.57416534	0.00273475
19.58608627	0.00222529
19.59800720	0.00223644
19.60992813	0.00214741
19.62184906	0.00284568
19.63376999	0.00710566
19.64569092	0.00961303
19.65761185	0.00923614
19.66953278	0.00838359
19.68145370	0.00621827
19.69337463	0.00586079
19.70529556	0.00651794
19.71721649	0.00471792
19.72913742	0.00268776
19.74105835	0.00190101
19.75297928	0.00110935
19.76490021	0.00088266
19.77682114	0.00129303
19.78874207	0.00152249
19.80066299	0.00195614
19.81258392	0.00223810
19.82450485	0.00189800
19.83642578	0.00171071
19.84834671	0.00146168
19.86026764	0.00084429
19.87218857	0.00043705
19.88410950	0.00039879
19.89603043	0.00083854
19.90795135	0.00184487
19.91987228	0.00258540
19.93179321	0.00339265
19.94371414	0.00472177
19.95563507	0.00474968
19.96755600	0.00384762
19.97947693	0.00314752
19.99139786	0.00157006
20.00331879	0.00109628
20.01523972	0.00303062
20.02716064	0.00365753
20.03908157	0.00407794
20.05100250	0.00428613
20.06292343	0.00297132
20.07484436	0.00188955
20.08676529	0.00155103
20.09868622	0.00085306
20.11060715	0.00039610
20.12252808	0.00011982
20.13444901	0.00054198
20.14636993	0.00132896
20.15829086	0.00177037
20.17021179	0.00160335
20.18213272	0.00179860
20.19405365	0.00193602
20.20597458	0.00178549
20.21789551	0.00190181
20.22981644	0.00173992
20.24173737	0.00107549
20.25365829	0.00123005
20.26557922	0.00197681
20.27750015	0.00363878
20.28942108	0.00683487
20.30134201	0.00792739
20.31326294	0.00646340
20.32518387	0.00558522
20.33710480	0.00566788
20.34902573	0.00658549
20.36094666	0.00629364
20.37286758	0.00327758
20.38478851	0.00094890
20.39670944	0.00150681
20.40863037	0.00164795
20.42055130	0.00223314
20.43247223	0.00300765
20.44439316	0.00276735
20.45631409	0.00252401
20.46823502	0.00222617
20.48015594	0.00140618
20.49207687	0.00108489
20.50399780	0.00147977
20.51591873	0.00195902
20.52783966	0.00254190
20.53976059	0.00295275
20.55168152	0.00316837
20.56360245	0.00363348
20.57552338	0.00329470
20.58744431	0.00229405
20.59936523	0.00167333
20.61128616	0.00147980
20.62320709	0.00484617
20.63512802	0.01106679
20.64704895	0.01340337
20.65896988	0.01252330
20.67089081	0.01067617
20.68281174	0.00633710
20.69473267	0.00558410
20.70665359	0.00556251
20.71857452	0.00336277
20.73049545	0.00177899
20.74241638	0.00157941
20.75433731	0.00156664
20.76625824	0.00197416
20.77817917	0.00209491
20.79010010	0.00170650
20.80202103	0.00202476
20.81394196	0.00235063
20.82586288	0.00191923
20.83778381	0.00147538
20.84970474	0.00087199
20.86162567	0.00025304
20.87354660	0.00077066
20.88546753	0.00102736
20.89738846	0.00136055
20.90930939	0.00240401
20.92123032	0.00271117
20.93315125	0.00296381
20.94507217	0.00382147
20.95699310	0.00384441
20.96891403	0.00838195
20.98083496	0.01702951
20.99275589	0.02017384
21.00467682	0.02072860
21.01659775	0.01989150
21.02851868	0.01243717
21.04043961	0.00613715
21.05236053	0.00503712
21.06428146	0.00350391
21.07620239	0.00237780
21.08812332	0.00193725
21.10004425	0.00115874
21.11196518	0.00106725
21.12388611	0.00132618
21.13580704	0.00138329
21.14772797	0.00164711
21.15964890	0.00180303
21.17156982	0.00150290
21.18349075	0.00158422
21.19541168	0.00155942
21.20733261	0.00110805
21.21925354	0.00063169
21.23117447	0.00016971
21.24309540	0.00081695
21.25501633	0.00217005
21.26693726	0.00323616
21.27885818	0.00524833
21.29077911	0.00840484
21.30270004	0.00902019
21.31462097	0.00781308
21.32654190	0.00653483
21.33846283	0.00432278
21.35038376	0.00334485
21.36230469	0.00309288
21.37422562	0.00198466
21.38614655	0.00235717
21.39806747	0.00329766
21.40998840	0.00313087
21.42190933	0.00308546
21.43383026	0.00299792
21.44575119	0.00197330
21.45767212	0.00116033
21.46959305	0.00068154
21.48151398	0.00029056
21.49343491	0.00040641
21.50535583	0.00062284
21.51727676	0.00095660
21.52919769	0.00158939
21.54111862	0.00178793
21.55303955	0.00171182
21.56496048	0.00187015
21.57688141	0.00174137
21.58880234	0.00157940
21.60072327	0.00184227
21.61264420	0.00299711
21.62456512	0.00814462
21.63648605	0.01527623
21.64840698	0.01698954
21.66032791	0.01537354
21.67224884	0.01232013
21.68416977	0.00642540
21.69609070	0.00572295
21.70801163	0.00559049
21.71993256	0.00324459
21.73185349	0.00154110
21.74377441	0.00147784
21.75569534	0.00161846
21.76761627	0.00185842
21.77953720	0.00188735
21.79145813	0.00151266
21.80337906	0.00176210
21.81529999	0.00198577
21.82722092	0.00154757
21.83914185	0.00125643
21.85106277	0.00116366
21.86298370	0.00128399
21.87490463	0.00169318
21.88682556	0.00182551
21.89874649	0.00202575
21.91066742	0.00264699
21.92258835	0.00266830
21.93450928	0.00271852
21.94643021	0.00295172
21.95835114	0.00366611
21.97027206	0.01505920
21.98219299	0.03043868
21.99411392	0.03531950
22.00603485	0.03588039
22.01795578	0.03210543
22.02987671	0.01718067
22.04179764	0.00603974
22.05371857	0.00422120
22.06563950	0.00274621
22.07756042	0.00178974
22.08948135	0.00145325
22.10140228	0.00117456
22.11332321	0.00140958
22.12524414	0.00169398
22.13716507	0.00185202
22.14908600	0.00217148
22.16100693	0.00199186
22.17292786	0.00146007
22.18484879	0.00141552
22.19676971	0.00125694
22.20869064	0.00088405
22.22061157	0.00108172
22.23253250	0.00167285
22.24445343	0.00240910
22.25637436	0.00318927
22.26829529	0.00312886
22.28021622	0.00424941
22.29213715	0.00662879
22.30405807	0.00680712
22.31597900	0.00629568
22.32789993	0.00540649
22.33982086	0.00269945
22.35174179	0.00120780
22.36366272	0.00211703
22.37558365	0.00251741
22.38750458	0.00314439
22.39942551	0.00354875
22.41134644	0.00285705
22.42326736	0.00235614
22.43518829	0.00197486
22.44710922	0.00138400
22.45903015	0.00114634
22.47095108	0.00079961
22.48287201	0.00076808
22.49479294	0.00139701
22.50671387	0.00147334
22.51863480	0.00123856
22.53055573	0.00163309
22.54247665	0.00182872
22.55439758	0.00173280
22.56631851	0.00165885
22.57823944	0.00106672
22.59016037	0.00092220
22.60208130	0.00180973
22.61400223	0.00282461
22.62592316	0.00839165
22.63784409	0.01598017
22.64976501	0.01785867
22.66168594	0.01705581
22.67360687	0.01400152
22.68552780	0.00659529
22.69744873	0.00320304
22.70936966	0.00276863
22.72129059	0.00126062
22.73321152	0.00146538
22.74513245	0.00214408
22.75705338	0.00215548
22.76897430	0.00242809
22.78089523	0.00248248
22.79281616	0.00198372
22.80473709	0.00167106
22.81665802	0.00132964
22.82857895	0.00092391
22.84049988	0.00070350
22.85242081	0.00033337
22.86434174	0.00038784
22.87626266	0.00117982
22.88818359	0.00171460
22.90010452	0.00217133
22.91202545	0.00297952
22.92394638	0.00298390
22.93586731	0.00245989
22.94778824	0.00166186
22.95970917	0.00390038
22.97163010	0.02149494
22.98355103	0.04131081
22.99547195	0.04688914
23.00739288	0.04771670
23.01931381	0.04080931
23.03123474	0.02003919
23.04315567	0.00643336
23.05507660	0.00419218
23.06699753	0.00219400
23.07891846	0.00089772
23.09083939	0.00062689
23.10276031	0.00104713
23.11468124	0.00159948
23.12660217	0.00191432
23.13852310	0.00195308
23.15044403	0.00207433
23.16236496	0.00171264
23.17428589	0.00129102
23.18620682	0.00099015
23.19812775	0.00043019
23.21004868	0.00067491
23.22196960	0.00145486
23.23389053	0.00178014
23.24581146	0.00234773
23.25773239	0.00344525
23.26965332	0.00386206
23.28157425	0.00478144
23.29349518	0.00578193
23.30541611	0.00515521
23.31733704	0.00529014
23.32925797	0.00570310
23.34117889	0.00455976
23.35309982	0.00457232
23.36502075	0.00485390
23.37694168	0.00422254
23.38886261	0.00434159
23.40078354	0.00426110
23.41270447	0.00335621
23.42462540	0.00279423
23.43654633	0.00220090
23.44846725	0.00135701
23.46038818	0.00095722
23.47230911	0.00092088
23.48423004	0.00117978
23.49615097	0.00175952
23.50807190	0.00192681
23.51999283	0.00194711
23.53191376	0.00219806
23.54383469	0.00184467
23.55575562	0.00133764
23.56767654	0.00126329
23.57959747	0.00150634
23.59151840	0.00253329
23.60343933	0.00384983
23.61536026	0.00507506
23.62728119	0.01030403
23.63920212	0.01649908
23.65112305	0.01725206
23.66304398	0.01648078
23.67496490	0.01327006
23.68688583	0.00582187
23.69880676	0.00160098
23.71072769	0.00093392
23.72264862	0.00081738
23.73456955	0.00176386
23.74649048	0.00207165
23.75841141	0.00191460
23.77033234	0.00235023
23.78225327	0.00236075
23.79417419	0.00203419
23.80609512	0.00185581
23.81801605	0.00125851
23.82993698	0.00091461
23.84185791	0.00152788
23.85377884	0.00196901
23.86569977	0.00217703
23.87762070	0.00229459
23.88954163	0.00188805
23.90146255	0.00174628
23.91338348	0.00206257
23.92530441	0.00158040
23.93722534	0.00116561
23.94914627	0.00094456
23.96106720	0.00544411
23.97298813	0.02667141
23.98490906	0.04765487
23.99682999	0.05282388
24.00875092	0.05374061
24.02067184	0.04367086
24.03259277	0.01944123
24.04451370	0.00534070
24.05643463	0.00276228
24.06835556	0.00112426
24.08027649	0.00076417
24.09219742	0.00108013
24.10411835	0.00131921
24.11603928	0.00176467
24.12796021	0.00183762
24.13988113	0.00161005
24.15180206	0.00186906
24.16372299	0.00177258
24.17564392	0.00130790
24.18756485	0.00105363
24.19948578	0.00066499
24.21140671	0.00081144
24.22332764	0.00156789
24.23524857	0.00187982
24.24716949	0.00247219
24.25909042	0.00323483
24.27101135	0.00301508
24.28293228	0.00316851
24.29485321	0.00328374
24.30677414	0.00266541
24.31869507	0.00452321
24.33061600	0.00650629
24.34253693	0.00675465
24.35445786	0.00748775
24.36637878	0.00707167
24.37829971	0.00487257
24.39022064	0.00408084
24.40214157	0.00341231
24.41406250	0.00208872
24.42598343	0.00155926
24.43790436	0.00125378
24.44982529	0.00127835
24.46174622	0.00170004
24.47366714	0.00174989
24.48558807	0.00148099
24.49750900	0.00150630
24.50942993	0.00117947
24.52135086	0.00087217
24.53327179	0.00097527
24.54519272	0.00065334
24.55711365	0.00040393
24.56903458	0.00077361
24.58095551	0.00115103
24.59287643	0.00241088
24.60479736	0.00392404
24.61671829	0.00526208
24.62863922	0.01049957
24.64056015	0.01552294
24.65248108	0.01556844
24.66440201	0.01466374
24.67632294	0.01125268
24.68824387	0.00436290
24.70016479	0.00018600
24.71208572	0.00141665
24.72400665	0.00189504
24.73592758	0.00255741
24.74784851	0.00245813
24.75976944	0.00182986
24.77169037	0.00181247
24.78361130	0.00139899
24.79553223	0.00077630
24.80745316	0.00059435
24.81937408	0.00063593
24.83129501	0.00086260
24.84321594	0.00113579
24.85513687	0.00128912
24.86705780	0.00180747
24.87897873	0.00265084
24.89089966	0.00268925
24.90282059	0.00239082
24.91474152	0.00217148
24.92666245	0.00159788
24.93858337	0.00175100
24.95050430	0.00230595
24.96242523	0.00673103
24.97434616	0.02918306
24.98626709	0.04892121
24.99818802	0.05291103
25.01010895	0.05290607
25.02202988	0.04013658
25.03395081	0.01560952
25.04587173	0.00341787
25.05779266	0.00176466
25.06971359	0.00075211
25.08163452	0.00062554
25.09355545	0.00100916
25.10547638	0.00130149
25.11739731	0.00190879
25.12931824	0.00183714
25.14123917	0.00137337
25.15316010	0.00135992
25.16508102	0.00114198
25.17700195	0.00096484
25.18892288	0.00121784
25.20084381	0.00162249
25.21276474	0.00242260
25.22468567	0.00329639
25.23660660	0.00327205
25.24852753	0.00349724
25.26044846	0.00364001
25.27236938	0.00301925
25.28429031	0.00268851
25.29621124	0.00217559
25.30813217	0.00152051
25.32005310	0.00449789
25.33197403	0.00727527
25.34389496	0.00825310
25.35581589	0.00954390
25.36773682	0.00845706
25.37965775	0.00516118
25.39157867	0.00370912
25.40349960	0.00235075
25.41542053	0.00073912
25.42734146	0.00041729
25.43926239	0.00058183
25.45118332	0.00124614
25.46310425	0.00209960
25.47502518	0.00235202
25.48694611	0.00221289
25.49886703	0.00193844
25.51078796	0.00131372
25.52270889	0.00113717
25.53462982	0.00112462
25.54655075	0.00073576
25.55847168	0.00084738
25.57039261	0.00163029
25.58231354	0.00235559
25.59423447	0.00379845
25.60615540	0.00497378
25.61807632	0.00540752
25.62999725	0.00854578
25.64191818	0.01127489
25.65383911	0.01089856
25.66576004	0.01068045
25.67768097	0.00848870
25.68960190	0.00431771
25.70152283	0.00362117
25.71344376	0.00393409
25.72536469	0.00360499
25.73728561	0.00363043
25.74920654	0.00293386
25.76112747	0.00166922
25.77304840	0.00119000
25.78496933	0.00071047
25.79689026	0.00034354
25.80881119	0.00066765
25.82073212	0.00084825
25.83265305	0.00120279
25.84457397	0.00178374
25.85649490	0.00190203
25.86841583	0.00204405
25.88033676	0.00227278
25.89225769	0.00190572
25.90417862	0.00157129
25.91609955	0.00134858
25.92802048	0.00114807
25.93994141	0.00231501
25.95186234	0.00334854
25.96378326	0.00795462
25.97570419	0.02885585
25.98762512	0.04516505
25.99954605	0.04832780
26.01146698	0.04808033
26.02338791	0.03453817
26.03530884	0.01239566
26.04722977	0.00212442
26.05915070	0.00068177
26.07107162	0.00101636
26.08299255	0.00158358
26.09491348	0.00163481
26.10683441	0.00176148
26.11875534	0.00186478
26.13067627	0.00127122
26.14259720	0.00076770
26.15451813	0.00065358
26.16643906	0.00073912
26.17835999	0.00131272
26.19028091	0.00176707
26.20220184	0.00183292
26.21412277	0.00202907
26.22604370	0.00212125
26.23796463	0.00169876
26.24988556	0.00195492
26.26180649	0.00233970
26.27372742	0.00192776
26.28564835	0.00178786
26.29756927	0.00212282
26.30949020	0.00159592
26.32141113	0.00508921
26.33333206	0.00826851
26.34525299	0.00954352
26.35717392	0.01020820
26.36909485	0.00755474
26.38101578	0.00360330
26.39293671	0.00255929
26.40485764	0.00183491
26.41677856	0.00088823
26.42869949	0.00052086
26.44062042	0.00084774
26.45254135	0.00151013
26.46446228	0.00225145
26.47638321	0.00231025
26.48830414	0.00225670
26.50022507	0.00245913
26.51214600	0.00244250
26.52406693	0.00219220
26.53598785	0.00183469
26.54790878	0.00144127
26.55982971	0.00178029
26.57175064	0.00220243
26.58367157	0.00216255
26.59559250	0.00276981
26.60751343	0.00326876
26.61943436	0.00385788
26.63135529	0.00639701
26.64327621	0.00741691
26.65519714	0.00667927
26.66711807	0.00685441
26.67903900	0.00573008
26.69095993	0.00396282
26.70288086	0.00434342
26.71480179	0.00412462
26.72672272	0.00361848
26.73864365	0.00397068
26.75056458	0.00339765
26.76248550	0.00239365
26.77440643	0.00176349
26.78632736	0.00104135
26.79824829	0.00076442
26.81016922	0.00110540
26.82209015	0.00148978
26.83401108	0.00199008
26.84593201	0.00220257
26.85785294	0.00161860
26.86977386	0.00148399
26.88169479	0.00174753
26.89361572	0.00149603
26.90553665	0.00099488
26.91745758	0.00081544
26.92937851	0.00177536
26.94129944	0.00384824
26.95322037	0.00506461
26.96514130	0.00866804
26.97706223	0.02560918
26.98898315	0.03747777
27.00090408	0.03940467
27.01282501	0.03814875
27.02474594	0.02514245
27.03666687	0.00754071
27.04858780	0.00153608
27.06050873	0.00193516
27.07242966	0.00239302
27.08435059	0.00304863
27.09627151	0.00272943
27.10819244	0.00208863
27.12011337	0.00186629
27.13203430	0.00131617
27.14395523	0.00079698
27.15587616	0.00054432
27.16779709	0.00073707
27.17971802	0.00138410
27.19163895	0.00189286
27.20355988	0.00194039
27.21548080	0.00249534
27.22740173	0.00289793
27.23932266	0.00245645
27.25124359	0.00219837
27.26316452	0.00186365
27.27508545	0.00179399
27.28700638	0.00362596
27.29892731	0.00496016
27.31084824	0.00419885
27.32276917	0.00616701
27.33469009	0.00897469
27.34661102	0.01044919
27.35853195	0.01097974
27.37045288	0.00774598
27.38237381	0.00348536
27.39429474	0.00200176
27.40621567	0.00132962
27.41813660	0.00145772
27.43005753	0.00205257
27.44197845	0.00206730
27.45389938	0.00219011
27.46582031	0.00237347
27.47774124	0.00187009
27.48966217	0.00181741
27.50158310	0.00188156
27.51350403	0.00120639
27.52542496	0.00068083
27.53734589	0.00090342
27.54926682	0.00135070
27.56118774	0.00196174
27.57310867	0.00239140
27.58502960	0.00247534
27.59695053	0.00316039
27.60887146	0.00359056
27.62079239	0.00321866
27.63271332	0.00292429
27.64463425	0.00206597
27.65655518	0.00090585
27.66847610	0.00298074
27.68039703	0.00429541
27.69231796	0.00486028
27.70423889	0.00536868
27.71615982	0.00425496
27.72808075	0.00283018
27.74000168	0.00240229
27.75192261	0.00146103
27.76384354	0.00070596
27.77576447	0.00044380
27.78768539	0.00059408
27.79960632	0.00125960
27.81152725	0.00191115
27.82344818	0.00210861
27.83536911	0.00247554
27.84729004	0.00270041
27.85921097	0.00223640
27.87113190	0.00183681
27.88305283	0.00144294
27.89497375	0.00097040
27.90689468	0.00124195
27.91881561	0.00185776
27.93073654	0.00302573
27.94265747	0.00527312
27.95457840	0.00606423
27.96649933	0.00761348
27.97842026	0.01903806
27.99034119	0.02650498
28.00226212	0.02775800
28.01418304	0.02614172
28.02610397	0.01590115
28.03802490	0.00444003
28.04994583	0.00208141
28.06186676	0.00206884
28.07378769	0.00202392
28.08570862	0.00210359
28.09762955	0.00148662
28.10955048	0.00113354
28.12147141	0.00116345
28.13339233	0.00065855
28.14531326	0.00029834
28.15723419	0.00025392
28.16915512	0.00026465
28.18107605	0.00065670
28.19299698	0.00109282
28.20491791	0.00120024
28.21683884	0.00180406
28.22875977	0.00221953
28.24068069	0.00210784
28.25260162	0.00208381
28.26452255	0.00170944
28.27644348	0.00238294
28.28836441	0.00523798
28.30028534	0.00667525
28.31220627	0.00608496
28.32412720	0.00750284
28.33604813	0.00908197
28.34796906	0.00994133
28.35988998	0.00993551
28.37181091	0.00656784
28.38373184	0.00285116
28.39565277	0.00145425
28.40757370	0.00095451
28.41949463	0.00139586
28.43141556	0.00173379
28.44333649	0.00138945
28.45525742	0.00138471
28.46717834	0.00152468
28.47909927	0.00100825
28.49102020	0.00068438
28.50294113	0.00054275
28.51486206	0.00035747
28.52678299	0.00074076
28.53870392	0.00119155
28.55062485	0.00151178
28.56254578	0.00224549
28.57446671	0.00269530
28.58638763	0.00266958
28.59830856	0.00330505
28.61022949	0.00340408
28.62215042	0.00275019
28.63407135	0.00426377
28.64599228	0.00557386
28.65791321	0.00532922
28.66983414	0.00514322
28.68175507	0.00501973
28.69367599	0.00609330
28.70559692	0.00676003
28.71751785	0.00512961
28.72943878	0.00322677
28.74135971	0.00229384
28.75328064	0.00125613
28.76520157	0.00067583
28.77712250	0.00056223
28.78904343	0.00065619
28.80096436	0.00132842
28.81288528	0.00200819
28.82480621	0.00204524
28.83672714	0.00221636
28.84864807	0.00219524
28.86056900	0.00156316
28.87248993	0.00116394
28.88441086	0.00116270
28.89633179	0.00166604
28.90825272	0.00253934
28.92017365	0.00292760
28.93209457	0.00317517
28.94401550	0.00488524
28.95593643	0.00556408
28.96785736	0.00525575
28.97977829	0.00939071
28.99169922	0.01252059
29.00362015	0.01306822
29.01554108	0.01167085
29.02746201	0.00631120
29.03938293	0.00344458
29.05130386	0.00411914
29.06322479	0.00343923
29.07514572	0.00297353
29.08706665	0.00295273
29.09898758	0.00216832
29.11090851	0.00149458
29.12282944	0.00114761
29.13475037	0.00069609
29.14667130	0.00059375
29.15859222	0.00067317
29.17051315	0.00082224
29.18243408	0.00150031
29.19435501	0.00198533
29.20627594	0.00182550
29.21819687	0.00176375
29.23011780	0.00150757
29.24203873	0.00111161
29.25395966	0.00112119
29.26588058	0.00154619
29.27780151	0.00355505
29.28972244	0.00675920
29.30164337	0.00773424
29.31356430	0.00659595
29.32548523	0.00676356
29.33740616	0.00738481
29.34932709	0.00825049
29.36124802	0.00794366
29.37316895	0.00453230
29.38508987	0.00160025
29.39701080	0.00189626
29.40893173	0.00239611
29.42085266	0.00262421
29.43277359	0.00267641
29.44469452	0.00215748
29.45661545	0.00174834
29.46853638	0.00161277
29.48045731	0.00133094
29.49237823	0.00126710
29.50429916	0.00132716
29.51622009	0.00143848
29.52814102	0.00188442
29.54006195	0.00212150
29.55198288	0.00213144
29.56390381	0.00261901
29.57582474	0.00267136
29.58774567	0.00223223
29.59966660	0.00221727
29.61158752	0.00177416
29.62350845	0.00360811
29.63542938	0.00881922
29.64735031	0.01115590
29.65927124	0.01068868
29.67119217	0.00918803
29.68311310	0.00631863
29.69503403	0.00640356
29.70695496	0.00656550
29.71887589	0.00439193
29.73079681	0.00248028
29.74271774	0.00185614
29.75463867	0.00104083
29.76655960	0.00078707
29.77848053	0.00090679
29.79040146	0.00094755
29.80232239	0.00133142
29.81424332	0.00149629
29.82616425	0.00121822
29.83808517	0.00110557
29.85000610	0.00074687
29.86192703	0.00030211
29.87384796	0.00040107
29.88576889	0.00070817
29.89768982	0.00156856
29.90961075	0.00278857
29.92153168	0.00314086
29.93345261	0.00367979
29.94537354	0.00518533
29.95729446	0.00542726
29.96921539	0.00501483
29.98113632	0.00460037
29.99305725	0.00288923
30.00497818	0.00062713
30.01689911	0.00157108
30.02882004	0.00214547
30.04074097	0.00288406
30.05266190	0.00342537
30.06458282	0.00253013
30.07650375	0.00201486
30.08842468	0.00189247
30.10034561	0.00128454
30.11226654	0.00100388
30.12418747	0.00089609
30.13610840	0.00112322
30.14802933	0.00173920
30.15995026	0.00201637
30.17187119	0.00190664
30.18379211	0.00188841
30.19571304	0.00142018
30.20763397	0.00094471
30.21955490	0.00088546
30.23147583	0.00065910
30.24339676	0.00112829
30.25531769	0.00204913
30.26723862	0.00268576
30.27915955	0.00448391
30.29108047	0.00762528
30.30300140	0.00840870
30.31492233	0.00759524
30.32684326	0.00710015
30.33876419	0.00593696
30.35068512	0.00561274
30.36260605	0.00479438
30.37452698	0.00218514
30.38644791	0.00137246
30.39836884	0.00195533
30.41028976	0.00194531
30.42221069	0.00233626
30.43413162	0.00275754
30.44605255	0.00245733
30.45797348	0.00214886
30.46989441	0.00159412
30.48181534	0.00050080
30.49373627	0.00026388
30.50565720	0.00057572
30.51757813	0.00079356
30.52949905	0.00137745
30.54141998	0.00176634
30.55334091	0.00180576
30.56526184	0.00220186
30.57718277	0.00196426
30.58910370	0.00149573
30.60102463	0.00124929
30.61294556	0.00168405
30.62486649	0.00656602
30.63678741	0.01351690
30.64870834	0.01537913
30.66062927	0.01428356
30.67255020	0.01174286
30.68447113	0.00616405
30.69639206	0.00530781
30.70831299	0.00505267
30.72023392	0.00254995
30.73215485	0.00073881
30.74407578	0.00017505
30.75599670	0.00027479
30.76791763	0.00038721
30.77983856	0.00059326
30.79175949	0.00087297
30.80368042	0.00156841
30.81560135	0.00181839
30.82752228	0.00165476
30.83944321	0.00153837
30.85136414	0.00107984
30.86328506	0.00056848
30.87520599	0.00126911
30.88712692	0.00189156
30.89904785	0.00243194
30.91096878	0.00340773
30.92288971	0.00380744
30.93481064	0.00405377
30.94673157	0.00454959
30.95865250	0.00410027
30.97057343	0.00702255
30.98249435	0.01241595
30.99441528	0.01373136
31.00633621	0.01392722
31.01825714	0.01287112
31.03017807	0.00752941
31.04209900	0.00445397
31.05401993	0.00428041
31.06594086	0.00314261
31.07786179	0.00236441
31.08978271	0.00174141
31.10170364	0.00109657
31.11362457	0.00123228
31.12554550	0.00123484
31.13746643	0.00108510
31.14938736	0.00147448
31.16130829	0.00178746
31.17322922	0.00167314
31.18515015	0.00190031
31.19707108	0.00169509
31.20899200	0.00129458
31.22091293	0.00131943
31.23283386	0.00124412
31.24475479	0.00149646
31.25667572	0.00247525
31.26859665	0.00308864
31.28051758	0.00496010
31.29243851	0.00784507
31.30435944	0.00818778
31.31628036	0.00716993
31.32820129	0.00574176
31.34012222	0.00308608
31.35204315	0.00301795
31.36396408	0.00318900
31.37588501	0.00247464
31.38780594	0.00287763
31.39972687	0.00310303
31.41164780	0.00238760
31.42356873	0.00225538
31.43548965	0.00226582
31.44741058	0.00157438
31.45933151	0.00129188
31.47125244	0.00121216
31.48317337	0.00096976
31.49509430	0.00098551
31.50701523	0.00107672
31.51893616	0.00123651
31.53085709	0.00175766
31.54277802	0.00170403
31.55469894	0.00150630
31.56661987	0.00194731
31.57854080	0.00202092
31.59046173	0.00167084
31.60238266	0.00154727
31.61430359	0.00304775
31.62622452	0.00959942
31.63814545	0.01755701
31.65006638	0.01913955
31.66198730	0.01778479
31.67390823	0.01420440
31.68582916	0.00654011
31.69775009	0.00436134
31.70967102	0.00387908
31.72159195	0.00170672
31.73351288	0.00133280
31.74543381	0.00189560
31.75735474	0.00220859
31.76927567	0.00304837
31.78119659	0.00359880
31.79311752	0.00327149
31.80503845	0.00291356
31.81695938	0.00221459
31.82888031	0.00106276
31.84080124	0.00040742
31.85272217	0.00023022
31.86464310	0.00035490
31.87656403	0.00073886
31.88848495	0.00091785
31.90040588	0.00144430
31.91232681	0.00258437
31.92424774	0.00290581
31.93616867	0.00298895
31.94808960	0.00291095
31.96001053	0.00297572
31.97193146	0.01159147
31.98385239	0.02156387
31.99577332	0.02404956
32.00769424	0.02448018
32.01961517	0.02100638
32.03153610	0.01070634
32.04345703	0.00496289
32.05537796	0.00407202
32.06729889	0.00263728
32.07921982	0.00168860
32.09114075	0.00119268
32.10306168	0.00089340
32.11498260	0.00140614
32.12690353	0.00193377
32.13882446	0.00222742
32.15074539	0.00254247
32.16266632	0.00216874
32.17458725	0.00168286
32.18650818	0.00179763
32.19842911	0.00161779
32.21035004	0.00112105
32.22227097	0.00050915
32.23419189	0.00080277
32.24611282	0.00213816
32.25803375	0.00362817
32.26995468	0.00417634
32.28187561	0.00566131
32.29379654	0.00759480
32.30571747	0.00724716
32.31763840	0.00655848
32.32955933	0.00542064
32.34148026	0.00243275
32.35340118	0.00076501
32.36532211	0.00183389
32.37724304	0.00217730
32.38916397	0.00284789
32.40108490	0.00318363
32.41300583	0.00267662
32.42492676	0.00274047
32.43684769	0.00250412
32.44876862	0.00164682
32.46068954	0.00132890
32.47261047	0.00147370
32.48453140	0.00171059
32.49645233	0.00194474
32.50837326	0.00187688
32.52029419	0.00198702
32.53221512	0.00249778
32.54413605	0.00239125
32.55605698	0.00197643
32.56797791	0.00151522
32.57989883	0.00077241
32.59181976	0.00106956
32.60374069	0.00201533
32.61566162	0.00364191
32.62758255	0.01099734
32.63950348	0.01924480
32.65142441	0.02072094
32.66334534	0.01969915
32.67526627	0.01526924
32.68718719	0.00642847
32.69910812	0.00356177
32.71102905	0.00297922
32.72294998	0.00125339
32.73487091	0.00118028
32.74679184	0.00155491
32.75871277	0.00169076
32.77063370	0.00211447
32.78255463	0.00214788
32.79447556	0.00194026
32.80639648	0.00185665
32.81831741	0.00138187
32.83023834	0.00075322
32.84215927	0.00068483
32.85408020	0.00087459
32.86600113	0.00118616
32.87792206	0.00164508
32.88984299	0.00168002
32.90176392	0.00202627
32.91368484	0.00277651
32.92560577	0.00253822
32.93752670	0.00211464
32.94944763	0.00159868
32.96136856	0.00286378
32.97328949	0.01640230
32.98521042	0.02943220
32.99713135	0.03262256
33.00905228	0.03342681
33.02097321	0.02741626
33.03289413	0.01284623
33.04481506	0.00538730
33.05673599	0.00389431
33.06865692	0.00198213
33.08057785	0.00091325
33.09249878	0.00035602
33.10441971	0.00037973
33.11634064	0.00095606
33.12826157	0.00128963
33.14018250	0.00162324
33.15210342	0.00212747
33.16402435	0.00204084
33.17594528	0.00162392
33.18786621	0.00128702
33.19978714	0.00073436
33.21170807	0.00060405
33.22362900	0.00135300
33.23554993	0.00185471
33.24747086	0.00269902
33.25939178	0.00350797
33.27131271	0.00317733
33.28323364	0.00394969
33.29515457	0.00507078
33.30707550	0.00463110
33.31899643	0.00493446
33.33091736	0.00500043
33.34283829	0.00399011
33.35475922	0.00447946
33.36668015	0.00478391
33.37860107	0.00394903
33.39052200	0.00388640
33.40244293	0.00362376
33.41436386	0.00282973
33.42628479	0.00252574
33.43820572	0.00192692
33.45012665	0.00105051
33.46204758	0.00087314
33.47396851	0.00116062
33.48588943	0.00140901
33.49781036	0.00163196
33.50973129	0.00140138
33.52165222	0.00114819
33.53357315	0.00157409
33.54549408	0.00137559
33.55741501	0.00089900
33.56933594	0.00069432
33.58125687	0.00116335
33.59317780	0.00220727
33.60509872	0.00317126
33.61701965	0.00485112
33.62894058	0.01236215
33.64086151	0.01947780
33.65278244	0.02006539
33.66470337	0.01916022
33.67662430	0.01446858
33.68854523	0.00538475
33.70046616	0.00098577
33.71238708	0.00106073
33.72430801	0.00118721
33.73622894	0.00198193
33.74814987	0.00238513
33.76007080	0.00233144
33.77199173	0.00259260
33.78391266	0.00214185
33.79583359	0.00140949
33.80775452	0.00108969
33.81967545	0.00071749
33.83159637	0.00087066
33.84351730	0.00139275
33.85543823	0.00168842
33.86735916	0.00217119
33.87928009	0.00281228
33.89120102	0.00271698
33.90312195	0.00247589
33.91504288	0.00218621
33.92696381	0.00137944
33.93888474	0.00099082
33.95080566	0.00075499
33.96272659	0.00526441
33.97464752	0.02107486
33.98656845	0.03463298
33.99848938	0.03744061
34.01041031	0.03786518
34.02233124	0.02921105
34.03425217	0.01209201
34.04617310	0.00395124
34.05809402	0.00240257
34.07001495	0.00092375
34.08193588	0.00024791
34.09385681	0.00068149
34.10577774	0.00122188
34.11769867	0.00176087
34.12961960	0.00191811
34.14154053	0.00189826
34.15346146	0.00208264
34.16538239	0.00180010
34.17730331	0.00140036
34.18922424	0.00121303
34.20114517	0.00096992
34.21306610	0.00080091
34.22498703	0.00109904
34.23690796	0.00129231
34.24882889	0.00206309
34.26074982	0.00303929
34.27267075	0.00308450
34.28459167	0.00365521
34.29651260	0.00404155
34.30843353	0.00351773
34.32035446	0.00493405
34.33227539	0.00609090
34.34419632	0.00592449
34.35611725	0.00669454
34.36803818	0.00605849
34.37995911	0.00396719
34.39188004	0.00324421
34.40380096	0.00242023
34.41572189	0.00158866
34.42764282	0.00143630
34.43956375	0.00091175
34.45148468	0.00060303
34.46340561	0.00109519
34.47532654	0.00133481
34.48724747	0.00173008
34.49916840	0.00231823
34.51108932	0.00216435
34.52301025	0.00202682
34.53493118	0.00200892
34.54685211	0.00130835
34.55877304	0.00071539
34.57069397	0.00073028
34.58261490	0.00108603
34.59453583	0.00252705
34.60645676	0.00415674
34.61837769	0.00652725
34.63029861	0.01326689
34.64221954	0.01826392
34.65414047	0.01804914
34.66606140	0.01712048
34.67798233	0.01254170
34.68990326	0.00475392
34.70182419	0.00147470
34.71374512	0.00209957
34.72566605	0.00237383
34.73758698	0.00272988
34.74950790	0.00236242
34.76142883	0.00165064
34.77334976	0.00168015
34.78527069	0.00143333
34.79719162	0.00123693
34.80911255	0.00115455
34.82103348	0.00091746
34.83295441	0.00118807
34.84487534	0.00184514
34.85679626	0.00193754
34.86871719	0.00212676
34.88063812	0.00249264
34.89255905	0.00232720
34.90447998	0.00221806
34.91640091	0.00202952
34.92832184	0.00173364
34.94024277	0.00247030
34.95216370	0.00292141
34.96408463	0.00613542
34.97600555	0.02271421
34.98792648	0.03549119
34.99984741	0.03809832
35.01176834	0.03809635
35.02368927	0.02752214
35.03561020	0.01034400
35.04753113	0.00298427
35.05945206	0.00167462
35.07137299	0.00100041
35.08329391	0.00149793
35.09521484	0.00185662
35.10713577	0.00187062
35.11905670	0.00200188
35.13097763	0.00164433
35.14289856	0.00131199
35.15481949	0.00151317
35.16674042	0.00134873
35.17866135	0.00087114
35.19058228	0.00039732
35.20250320	0.00068040
35.21442413	0.00159744
35.22634506	0.00230427
35.23826599	0.00234978
35.25018692	0.00282657
35.26210785	0.00310306
35.27402878	0.00268260
35.28594971	0.00247860
35.29787064	0.00187961
35.30979156	0.00127904
35.32171249	0.00498751
35.33363342	0.00759095
35.34555435	0.00835515
35.35747528	0.00886122
35.36939621	0.00686755
35.38131714	0.00356299
35.39323807	0.00243473
35.40515900	0.00142360
35.41707993	0.00046776
35.42900085	0.00028191
35.44092178	0.00013689
35.45284271	0.00055228
35.46476364	0.00133450
35.47668457	0.00155324
35.48860550	0.00178900
35.50052643	0.00207736
35.51244736	0.00167570
35.52436829	0.00125401
35.53628922	0.00101676
35.54821014	0.00092646
35.56013107	0.00148664
35.57205200	0.00201856
35.58397293	0.00251968
35.59589386	0.00369313
35.60781479	0.00432347
35.61973572	0.00497773
35.63165665	0.00948968
35.64357758	0.01262089
35.65549850	0.01243093
35.66741943	0.01221159
35.67934036	0.00885212
35.69126129	0.00349229
35.70318222	0.00293138
35.71510315	0.00339096
35.72702408	0.00339162
35.73894501	0.00355457
35.75086594	0.00269151
35.76278687	0.00162423
35.77470779	0.00121795
35.78662872	0.00063289
35.79854965	0.00088255
35.81047058	0.00137722
35.82239151	0.00147904
35.83431244	0.00144576
35.84623337	0.00154828
35.85815430	0.00122568
35.87007523	0.00132110
35.88199615	0.00148985
35.89391708	0.00096017
35.90583801	0.00059835
35.91775894	0.00033844
35.92967987	0.00100776
35.94160080	0.00286657
35.95352173	0.00405059
35.96544266	0.00800274
35.97736359	0.02322513
35.98928452	0.03342739
36.00120544	0.03522072
36.01312637	0.03429172
36.02504730	0.02288700
36.03696823	0.00776479
36.04888916	0.00202950
36.06081009	0.00157071
36.07273102	0.00205775
36.08465195	0.00249017
36.09657288	0.00197456
36.10849380	0.00172942
36.12041473	0.00195163
36.13233566	0.00162183
36.14425659	0.00134156
36.15617752	0.00114736
36.16809845	0.00092062
36.18001938	0.00127482
36.19194031	0.00151486
36.20386124	0.00152480
36.21578217	0.00177366
36.22770309	0.00222440
36.23962402	0.00203620
36.25154495	0.00213057
36.26346588	0.00214933
36.27538681	0.00148156
36.28730774	0.00153742
36.29922867	0.00197404
36.31114960	0.00180288
36.32307053	0.00533868
36.33499146	0.00772503
36.34691238	0.00851850
36.35883331	0.00905461
36.37075424	0.00654536
36.38267517	0.00328991
36.39459610	0.00243701
36.40651703	0.00157322
36.41843796	0.00097208
36.43035889	0.00117566
36.44227982	0.00143104
36.45420074	0.00167904
36.46612167	0.00168112
36.47804260	0.00106108
36.48996353	0.00118279
36.50188446	0.00178952
36.51380539	0.00170337
36.52572632	0.00149554
36.53764725	0.00125305
36.54956818	0.00102979
36.56148911	0.00154299
36.57341003	0.00187090
36.58533096	0.00222205
36.59725189	0.00357171
36.60917282	0.00439366
36.62109375	0.00514728
36.63301468	0.00739319
36.64493561	0.00809906
36.65685654	0.00749874
36.66877747	0.00772574
36.68069839	0.00631709
36.69261932	0.00451619
36.70454025	0.00467614
36.71646118	0.00399883
36.72838211	0.00316312
36.74030304	0.00312375
36.75222397	0.00216534
36.76414490	0.00107655
36.77606583	0.00067347
36.78798676	0.00023930
36.79990768	0.00043007
36.81182861	0.00089346
36.82374954	0.00126862
36.83567047	0.00174312
36.84759140	0.00204391
36.85951233	0.00185513
36.87143326	0.00204957
36.88335419	0.00222016
36.89527512	0.00173720
36.90719604	0.00140264
36.91911697	0.00134413
36.93103790	0.00206741
36.94295883	0.00397227
36.95487976	0.00474045
36.96680069	0.00691491
36.97872162	0.01940411
36.99064255	0.02746893
37.00256348	0.02940824
37.01448441	0.02832254
37.02640533	0.01788868
37.03832626	0.00583594
37.05024719	0.00178277
37.06216812	0.00147367
37.07408905	0.00193247
37.08600998	0.00252942
37.09793091	0.00240934
37.10985184	0.00225066
37.12177277	0.00203702
37.13369370	0.00116684
37.14561462	0.00040429
37.15753555	0.00021179
37.16945648	0.00012385
37.18137741	0.00062419
37.19329834	0.00114655
37.20521927	0.00150819
37.21714020	0.00215868
37.22906113	0.00244942
37.24098206	0.00222560
37.25290298	0.00219598
37.26482391	0.00185516
37.27674484	0.00171949
37.28866577	0.00326502
37.30058670	0.00411421
37.31250763	0.00361906
37.32442856	0.00620634
37.33634949	0.00867047
37.34827042	0.01015479
37.36019135	0.01063434
37.37211227	0.00746789
37.38403320	0.00381095
37.39595413	0.00251808
37.40787506	0.00156357
37.41979599	0.00104518
37.43171692	0.00117530
37.44363785	0.00118841
37.45555878	0.00143318
37.46747971	0.00157373
37.47940063	0.00124081
37.49132156	0.00131895
37.50324249	0.00125113
37.51516342	0.00068236
37.52708435	0.00033105
37.53900528	0.00053880
37.55092621	0.00080192
37.56284714	0.00167769
37.57476807	0.00246581
37.58668900	0.00292678
37.59860992	0.00382461
37.61053085	0.00380893
37.62245178	0.00312744
37.63437271	0.00293059
37.64629364	0.00207616
37.65821457	0.00012691
37.67013550	0.00260552
37.68205643	0.00399040
37.69397736	0.00489340
37.70589828	0.00551089
37.71781921	0.00413613
37.72974014	0.00284743
37.74166107	0.00222219
37.75358200	0.00110041
37.76550293	0.00029821
37.77742386	0.00032670
37.78934479	0.00081802
37.80126572	0.00167723
37.81318665	0.00224752
37.82510757	0.00230819
37.83702850	0.00262888
37.84894943	0.00243695
37.86087036	0.00174332
37.87279129	0.00158049
37.88471222	0.00118464
37.89663315	0.00062912
37.90855408	0.00101621
37.92047501	0.00156103
37.93239594	0.00279557
37.94431686	0.00523359
37.95623779	0.00595184
37.96815872	0.00679201
37.98007965	0.01467893
37.99200058	0.01938487
38.00392151	0.02040674
38.01584244	0.01880904
38.02776337	0.01054487
38.03968430	0.00288414
38.05160522	0.00263132
38.06352615	0.00281172
38.07544708	0.00280635
38.08736801	0.00263700
38.09928894	0.00159001
38.11120987	0.00098172
38.12313080	0.00101375
38.13505173	0.00065839
38.14697266	0.00024571
38.15889359	0.00029804
38.17081451	0.00059181
38.18273544	0.00127091
38.19465637	0.00182694
38.20657730	0.00181716
38.21849823	0.00195177
38.23041916	0.00169473
38.24234009	0.00099453
38.25426102	0.00072275
38.26618195	0.00074967
38.27810287	0.00241595
38.29002380	0.00540395
38.30194473	0.00622042
38.31386566	0.00511915
38.32578659	0.00619020
38.33770752	0.00769536
38.34962845	0.00903401
38.36154938	0.00883796
38.37347031	0.00528455
38.38539124	0.00199229
38.39731216	0.00118391
38.40923309	0.00166280
38.42115402	0.00249760
38.43307495	0.00307087
38.44499588	0.00276643
38.45691681	0.00267925
38.46883774	0.00274648
38.48075867	0.00236148
38.49267960	0.00224675
38.50460052	0.00192458
38.51652145	0.00130864
38.52844238	0.00119676
38.54036331	0.00130944
38.55228424	0.00155102
38.56420517	0.00227361
38.57612610	0.00250122
38.58804703	0.00261189
38.59996796	0.00332134
38.61188889	0.00310308
38.62380981	0.00252266
38.63573074	0.00449330
38.64765167	0.00562078
38.65957260	0.00562158
38.67149353	0.00559079
38.68341446	0.00473997
38.69533539	0.00535310
38.70725632	0.00565384
38.71917725	0.00417447
38.73109818	0.00322621
38.74301910	0.00286014
38.75494003	0.00197078
38.76686096	0.00141683
38.77878189	0.00142869
38.79070282	0.00161805
38.80262375	0.00196588
38.81454468	0.00184959
38.82646561	0.00126525
38.83838654	0.00148467
38.85030746	0.00183237
38.86222839	0.00147635
38.87414932	0.00113305
38.88607025	0.00072359
38.89799118	0.00081716
38.90991211	0.00139060
38.92183304	0.00204205
38.93375397	0.00327362
38.94567490	0.00552541
38.95759583	0.00605951
38.96951675	0.00510363
38.98143768	0.00730623
38.99335861	0.00887462
39.00527954	0.00931343
39.01720047	0.00819598
39.02912140	0.00425022
39.04104233	0.00365311
39.05296326	0.00428297
39.06488419	0.00369309
39.07680511	0.00346575
39.08872604	0.00315130
39.10064697	0.00203095
39.11256790	0.00136784
39.12448883	0.00097148
39.13640976	0.00039961
39.14833069	0.00065627
39.16025162	0.00114246
39.17217255	0.00163624
39.18409348	0.00230867
39.19601440	0.00245543
39.20793533	0.00247892
39.21985626	0.00276131
39.23177719	0.00236642
39.24369812	0.00170582
39.25561905	0.00163529
39.26753998	0.00206254
39.27946091	0.00429533
39.29138184	0.00783513
39.30330276	0.00863969
39.31522369	0.00747855
39.32714462	0.00708262
39.33906555	0.00703403
39.35098648	0.00797259
39.36290741	0.00728539
39.37482834	0.00397432
39.38674927	0.00147084
39.39867020	0.00116559
39.41059113	0.00162415
39.42251205	0.00251961
39.43443298	0.00310940
39.44635391	0.00293536
39.45827484	0.00265079
39.47019577	0.00223485
39.48211670	0.00148662
39.49403763	0.00093196
39.50595856	0.00058421
39.51787949	0.00046486
39.52980042	0.00080778
39.54172134	0.00092908
39.55364227	0.00112941
39.56556320	0.00192053
39.57748413	0.00221634
39.58940506	0.00221622
39.60132599	0.00249088
39.61324692	0.00230440
39.62516785	0.00476612
39.63708878	0.01023993
39.64900970	0.01213750
39.66093063	0.01153981
39.67285156	0.00969849
39.68477249	0.00586102
39.69669342	0.00597484
39.70861435	0.00591189
39.72053528	0.00343355
39.73245621	0.00153141
39.74437714	0.00072772
39.75629807	0.00042185
39.76821899	0.00089851
39.78013992	0.00113170
39.79206085	0.00101459
39.80398178	0.00107843
39.81590271	0.00100394
39.82782364	0.00079839
39.83974457	0.00099363
39.85166550	0.00079263
39.86358643	0.00057532
39.87550735	0.00096840
39.88742828	0.00126673
39.89934921	0.00181993
39.91127014	0.00278690
39.92319107	0.00288868
39.93511200	0.00337971
39.94703293	0.00461118
39.95895386	0.00427780
39.97087479	0.00365257
39.98279572	0.00302078
39.99471664	0.00138607
40.00663757	0.00178226
40.01855850	0.00298086
40.03047943	0.00313910
40.04240036	0.00361558
40.05432129	0.00391321
40.06624222	0.00317063
40.07816315	0.00289674
40.09008408	0.00259356
40.10200500	0.00173797
40.11392593	0.00115933
40.12584686	0.00078976
40.13776779	0.00072647
40.14968872	0.00124320
40.16160965	0.00162250
40.17353058	0.00172397
40.18545151	0.00207330
40.19737244	0.00194620
40.20929337	0.00145080
40.22121429	0.00113648
40.23313522	0.00074047
40.24505615	0.00095145
40.25697708	0.00172871
40.26889801	0.00245956
40.28081894	0.00505680
40.29273987	0.00862024
40.30466080	0.00910402
40.31658173	0.00795772
40.32850266	0.00691108
40.34042358	0.00540678
40.35234451	0.00528603
40.36426544	0.00415372
40.37618637	0.00142965
40.38810730	0.00064573
40.40002823	0.00130780
40.41194916	0.00147095
40.42387009	0.00207961
40.43579102	0.00231033
40.44771194	0.00186075
40.45963287	0.00179123
40.47155380	0.00151131
40.48347473	0.00088220
40.49539566	0.00073923
40.50731659	0.00093755
40.51923752	0.00143061
40.53115845	0.00227019
40.54307938	0.00258668
40.55500031	0.00244962
40.56692123	0.00244203
40.57884216	0.00179072
40.59076309	0.00083685
40.60268402	0.00067449
40.61460495	0.00259620
40.62652588	0.00940283
40.63844681	0.01770093
40.65036774	0.02000428
40.66228867	0.01902035
40.67420959	0.01504364
40.68613052	0.00717038
40.69805145	0.00544724
40.70997238	0.00526897
40.72189331	0.00306247
40.73381424	0.00165735
40.74573517	0.00115251
40.75765610	0.00086537
40.76957703	0.00130885
40.78149796	0.00163907
40.79341888	0.00167698
40.80533981	0.00208489
40.81726074	0.00216771
40.82918167	0.00181345
40.84110260	0.00170005
40.85302353	0.00141364
40.86494446	0.00115927
40.87686539	0.00146561
40.88878632	0.00166489
40.90070724	0.00216545
40.91262817	0.00302506
40.92454910	0.00290346
40.93647003	0.00339103
40.94839096	0.00431190
40.96031189	0.00443530
40.97223282	0.00737071
40.98415375	0.01091945
40.99607468	0.01116591
41.00799561	0.01141053
41.01991653	0.01047040
41.03183746	0.00656044
41.04375839	0.00480071
41.05567932	0.00412205
41.06760025	0.00270245
41.07952118	0.00214589
41.09144211	0.00188188
41.10336304	0.00135034
41.11528397	0.00110374
41.12720490	0.00102007
41.13912582	0.00102145
41.15104675	0.00142794
41.16296768	0.00164825
41.17488861	0.00195148
41.18680954	0.00231682
41.19873047	0.00197917
41.21065140	0.00135465
41.22257233	0.00065866
41.23449326	0.00028281
41.24641418	0.00098138
41.25833511	0.00210880
41.27025604	0.00311820
41.28217697	0.00596750
41.29409790	0.00930825
41.30601883	0.00945323
41.31793976	0.00819198
41.32986069	0.00614169
41.34178162	0.00310078
41.35370255	0.00298339
41.36562347	0.00293066
41.37754440	0.00215681
41.38946533	0.00248607
41.40138626	0.00261631
41.41330719	0.00225965
41.42522812	0.00244060
41.43714905	0.00232137
41.44906998	0.00150614
41.46099091	0.00082083
41.47291183	0.00019515
41.48483276	0.00046456
41.49675369	0.00096718
41.50867462	0.00133493
41.52059555	0.00151005
41.53251648	0.00186025
41.54443741	0.00175287
41.55635834	0.00179789
41.56827927	0.00199303
41.58020020	0.00151005
41.59212112	0.00107895
41.60404205	0.00122066
41.61596298	0.00348506
41.62788391	0.01208733
41.63980484	0.02100437
41.65172577	0.02242633
41.66364670	0.02115631
41.67556763	0.01612841
41.68748856	0.00668663
41.69940948	0.00438660
41.71133041	0.00369418
41.72325134	0.00158442
41.73517227	0.00098346
41.74709320	0.00130676
41.75901413	0.00137278
41.77093506	0.00163430
41.78285599	0.00152008
41.79477692	0.00137877
41.80669785	0.00175457
41.81861877	0.00140348
41.83053970	0.00057279
41.84246063	0.00022292
41.85438156	0.00063008
41.86630249	0.00098353
41.87822342	0.00117363
41.89014435	0.00161977
41.90206528	0.00229436
41.91398621	0.00301266
41.92590714	0.00276078
41.93782806	0.00252032
41.94974899	0.00232692
41.96166992	0.00224775
41.97359085	0.00965390
41.98551178	0.01680094
41.99743271	0.01857361
42.00935364	0.01940393
42.02127457	0.01629247
42.03319550	0.00829884
42.04511642	0.00466202
42.05703735	0.00353624
42.06895828	0.00169853
42.08087921	0.00088413
42.09280014	0.00038630
42.10472107	0.00033264
42.11664200	0.00095834
42.12856293	0.00139376
42.14048386	0.00152642
42.15240479	0.00191398
42.16432571	0.00195399
42.17624664	0.00152650
42.18816757	0.00124102
42.20008850	0.00064370
42.21200943	0.00013017
42.22393036	0.00016860
42.23585129	0.00050887
42.24777222	0.00168785
42.25969315	0.00306107
42.27161407	0.00381721
42.28353500	0.00597530
42.29545593	0.00799536
42.30737686	0.00755802
42.31929779	0.00672732
42.33121872	0.00503076
42.34313965	0.00170786
42.35506058	0.00100063
42.36698151	0.00197822
42.37890244	0.00225184
42.39082336	0.00273957
42.40274429	0.00262103
42.41466522	0.00211853
42.42658615	0.00227374
42.43850708	0.00167714
42.45042801	0.00098647
42.46234894	0.00077912
42.47426987	0.00045513
42.48619080	0.00019680
42.49811172	0.00101520
42.51003265	0.00136472
42.52195358	0.00177230
42.53387451	0.00223411
42.54579544	0.00202250
42.55771637	0.00180141
42.56963730	0.00162676
42.58155823	0.00123666
42.59347916	0.00148468
42.60540009	0.00250853
42.61732101	0.00540497
42.62924194	0.01501694
42.64116287	0.02368923
42.65308380	0.02452631
42.66500473	0.02320347
42.67692566	0.01716981
42.68884659	0.00634359
42.70076752	0.00216278
42.71268845	0.00162056
42.72460938	0.00119148
42.73653030	0.00190215
42.74845123	0.00221659
42.76037216	0.00221347
42.77229309	0.00247037
42.78421402	0.00223022
42.79613495	0.00190173
42.80805588	0.00174403
42.81997681	0.00119583
42.83189774	0.00080888
42.84381866	0.00096563
42.85573959	0.00117947
42.86766052	0.00170296
42.87958145	0.00221868
42.89150238	0.00202920
42.90342331	0.00228054
42.91534424	0.00279389
42.92726517	0.00235801
42.93918610	0.00192094
42.95110703	0.00145262
42.96302795	0.00322816
42.97494888	0.01425988
42.98686981	0.02314177
42.99879074	0.02468356
43.01071167	0.02517331
43.02263260	0.01962685
43.03455353	0.00862247
43.04647446	0.00406472
43.05839539	0.00287834
43.07031631	0.00129576
43.08223724	0.00053571
43.09415817	0.00021012
43.10607910	0.00028739
43.11800003	0.00073894
43.12992096	0.00098447
43.14184189	0.00153475
43.15376282	0.00219842
43.16568375	0.00200429
43.17760468	0.00171168
43.18952560	0.00163895
43.20144653	0.00118847
43.21336746	0.00107433
43.22528839	0.00157326
43.23720932	0.00208311
43.24913025	0.00310862
43.26105118	0.00401600
43.27297211	0.00384311
43.28489304	0.00473060
43.29681396	0.00580618
43.30873489	0.00541507
43.32065582	0.00584704
43.33257675	0.00548825
43.34449768	0.00368305
43.35641861	0.00370394
43.36833954	0.00387501
43.38026047	0.00357080
43.39218140	0.00399433
43.40410233	0.00362309
43.41602325	0.00278646
43.42794418	0.00239883
43.43986511	0.00178595
43.45178604	0.00127434
43.46370697	0.00135569
43.47562790	0.00158384
43.48754883	0.00201656
43.49946976	0.00257034
43.51139069	0.00245674
43.52331161	0.00235463
43.53523254	0.00244005
43.54715347	0.00189127
43.55907440	0.00139485
43.57099533	0.00124815
43.58291626	0.00144138
43.59483719	0.00261660
43.60675812	0.00387206
43.61867905	0.00698043
43.63059998	0.01670786
43.64252090	0.02404421
43.65444183	0.02400688
43.66636276	0.02241485
43.67828369	0.01555738
43.69020462	0.00459659
43.70212555	0.00133350
43.71404648	0.00152464
43.72596741	0.00144582
43.73788834	0.00192947
43.74980927	0.00196069
43.76173019	0.00179521
43.77365112	0.00218623
43.78557205	0.00222223
43.79749298	0.00199304
43.80941391	0.00188048
43.82133484	0.00162748
43.83325577	0.00161323
43.84517670	0.00180313
43.85709763	0.00182572
43.86901855	0.00216953
43.88093948	0.00241601
43.89286041	0.00214892
43.90478134	0.00224483
43.91670227	0.00236054
43.92862320	0.00181322
43.94054413	0.00131034
43.95246506	0.00108950
43.96438599	0.00493911
43.97630692	0.01780317
43.98822784	0.02704553
44.00014877	0.02871560
44.01206970	0.02892728
44.02399063	0.02127620
44.03591156	0.00873035
44.04783249	0.00395038
44.05975342	0.00293595
44.07167435	0.00171438
44.08359528	0.00132625
44.09551620	0.00155851
44.10743713	0.00193343
44.11935806	0.00240545
44.13127899	0.00238077
44.14319992	0.00225960
44.15512085	0.00226049
44.16704178	0.00164034
44.17896271	0.00127114
44.19088364	0.00115517
44.20280457	0.00082211
44.21472549	0.00091211
44.22664642	0.00152650
44.23856735	0.00181000
44.25048828	0.00279947
44.26240921	0.00355893
44.27433014	0.00346324
44.28625107	0.00410950
44.29817200	0.00431968
44.31009293	0.00396124
44.32201385	0.00544083
44.33393478	0.00619257
44.34585571	0.00589160
44.35777664	0.00653484
44.36969757	0.00578316
44.38161850	0.00441337
44.39353943	0.00430689
44.40546036	0.00336839
44.41738129	0.00220902
44.42930222	0.00208484
44.44122314	0.00200473
44.45314407	0.00195463
44.46506500	0.00219932
44.47698593	0.00230738
44.48890686	0.00241054
44.50082779	0.00233792
44.51274872	0.00182526
44.52466965	0.00165277
44.53659058	0.00159135
44.54851151	0.00109192
44.56043243	0.00081243
44.57235336	0.00095836
44.58427429	0.00160881
44.59619522	0.00323423
44.60811615	0.00475856
44.62003708	0.00787141
44.63195801	0.01654440
44.64387894	0.02195987
44.65579987	0.02149777
44.66772079	0.02012997
44.67964172	0.01360132
44.69156265	0.00424065
44.70348358	0.00114671
44.71540451	0.00204192
44.72732544	0.00257031
44.73924637	0.00308840
44.75116730	0.00276188
44.76308823	0.00238792
44.77500916	0.00226560
44.78693008	0.00151895
44.79885101	0.00099800
44.81077194	0.00075969
44.82269287	0.00037689
44.83461380	0.00075390
44.84653473	0.00139950
44.85845566	0.00151994
44.87037659	0.00168047
44.88229752	0.00183653
44.89421844	0.00160863
44.90613937	0.00160986
44.91806030	0.00136843
44.92998123	0.00085341
44.94190216	0.00203731
44.95382309	0.00306409
44.96574402	0.00613622
44.97766495	0.01885170
44.98958588	0.02729948
45.00150681	0.02894331
45.01342773	0.02863535
45.02534866	0.01933743
45.03726959	0.00687039
45.04919052	0.00251828
45.06111145	0.00138506
45.07303238	0.00126151
45.08495331	0.00206346
45.09687424	0.00248131
45.10879517	0.00286660
45.12071609	0.00303499
45.13263702	0.00239820
45.14455795	0.00189013
45.15647888	0.00174731
45.16839981	0.00138867
45.18032074	0.00108566
45.19224167	0.00099186
45.20416260	0.00120347
45.21608353	0.00205884
45.22800446	0.00278499
45.23992538	0.00302555
45.25184631	0.00364310
45.26376724	0.00365741
45.27568817	0.00275925
45.28760910	0.00220323
45.29953003	0.00136568
45.31145096	0.00096329
45.32337189	0.00449502
45.33529282	0.00674667
45.34721375	0.00773478
45.35913467	0.00839624
45.37105560	0.00653849
45.38297653	0.00401118
45.39489746	0.00343808
45.40681839	0.00256467
45.41873932	0.00143710
45.43066025	0.00091551
45.44258118	0.00063364
45.45450211	0.00083013
45.46642303	0.00119412
45.47834396	0.00140990
45.49026489	0.00187036
45.50218582	0.00208286
45.51410675	0.00160600
45.52602768	0.00130413
45.53794861	0.00100110
45.54986954	0.00075018
45.56179047	0.00140363
45.57371140	0.00222361
45.58563232	0.00303767
45.59755325	0.00448379
45.60947418	0.00499118
45.62139511	0.00611663
45.63331604	0.01216348
45.64523697	0.01547585
45.65715790	0.01521923
45.66907883	0.01470321
45.68099976	0.00971634
45.69292068	0.00313419
45.70484161	0.00231657
45.71676254	0.00238749
45.72868347	0.00238793
45.74060440	0.00261414
45.75252533	0.00179898
45.76444626	0.00131408
45.77636719	0.00124424
45.78828812	0.00075908
45.80020905	0.00067594
45.81212997	0.00103840
45.82405090	0.00145400
45.83597183	0.00211044
45.84789276	0.00238810
45.85981369	0.00202414
45.87173462	0.00180482
45.88365555	0.00135309
45.89557648	0.00049707
45.90749741	0.00082544
45.91941833	0.00100264
45.93133926	0.00039594
45.94326019	0.00170187
45.95518112	0.00301288
45.96710205	0.00670212
45.97902298	0.01886876
45.99094391	0.02607239
46.00286484	0.02766295
46.01478577	0.02664376
46.02670670	0.01648020
46.03862762	0.00484260
46.05054855	0.00104687
46.06246948	0.00016920
46.07439041	0.00088617
46.08631134	0.00160837
46.09823227	0.00181329
46.11015320	0.00197096
46.12207413	0.00221589
46.13399506	0.00189992
46.14591599	0.00164218
46.15783691	0.00146071
46.16975784	0.00118448
46.18167877	0.00152382
46.19359970	0.00188366
46.20552063	0.00183146
46.21744156	0.00203174
46.22936249	0.00219581
46.24128342	0.00208430
46.25320435	0.00258354
46.26512527	0.00260429
46.27704620	0.00193690
46.28896713	0.00190644
46.30088806	0.00206683
46.31280899	0.00294636
46.32472992	0.00646376
46.33665085	0.00854274
46.34857178	0.00951592
46.36049271	0.00967695
46.37241364	0.00675060
46.38433456	0.00404446
46.39625549	0.00329773
46.40817642	0.00199311
46.42009735	0.00118122
46.43201828	0.00169655
46.44393921	0.00211355
46.45586014	0.00250077
46.46778107	0.00265224
46.47970200	0.00221438
46.49162292	0.00201629
46.50354385	0.00175030
46.51546478	0.00104420
46.52738571	0.00065359
46.53930664	0.00033762
46.55122757	0.00011268
46.56314850	0.00073766
46.57506943	0.00105197
46.58699036	0.00142660
46.59891129	0.00306982
46.61083221	0.00419466
46.62275314	0.00596797
46.63467407	0.00924315
46.64659500	0.00976036
46.65851593	0.00864367
46.67043686	0.00813206
46.68235779	0.00546785
46.69427872	0.00361327
46.70619965	0.00411856
46.71812057	0.00341776
46.73004150	0.00292428
46.74196243	0.00296092
46.75388336	0.00223117
46.76580429	0.00165696
46.77772522	0.00126880
46.78964615	0.00062045
46.80156708	0.00067670
46.81348801	0.00104749
46.82540894	0.00129565
46.83732986	0.00187777
46.84925079	0.00214911
46.86117172	0.00160821
46.87309265	0.00156667
46.88501358	0.00164722
46.89693451	0.00114671
46.90885544	0.00094707
46.92077637	0.00122486
46.93269730	0.00232934
46.94461823	0.00445478
46.95653915	0.00509875
46.96846008	0.00666358
46.98038101	0.01593504
46.99230194	0.02120756
47.00422287	0.02244485
47.01614380	0.02083888
47.02806473	0.01191827
47.03998566	0.00325020
47.05190659	0.00102554
47.06382751	0.00137875
47.07574844	0.00200556
47.08766937	0.00219585
47.09959030	0.00163900
47.11151123	0.00123848
47.12343216	0.00108905
47.13535309	0.00077179
47.14727402	0.00080979
47.15919495	0.00118021
47.17111588	0.00161453
47.18303680	0.00218706
47.19495773	0.00238816
47.20687866	0.00245559
47.21879959	0.00295072
47.23072052	0.00265027
47.24264145	0.00176731
47.25456238	0.00153057
47.26648331	0.00119873
47.27840424	0.00171053
47.29032516	0.00422038
47.30224609	0.00540832
47.31416702	0.00474876
47.32608795	0.00630055
47.33800888	0.00798243
47.34992981	0.00938168
47.36185074	0.00955707
47.37377167	0.00622478
47.38569260	0.00292936
47.39761353	0.00166535
47.40953445	0.00088552
47.42145538	0.00110422
47.43337631	0.00165227
47.44529724	0.00193347
47.45721817	0.00204113
47.46913910	0.00182070
47.48106003	0.00104402
47.49298096	0.00082531
47.50490189	0.00087819
47.51682281	0.00075123
47.52874374	0.00036972
47.54066467	0.00018929
47.55258560	0.00082662
47.56450653	0.00168923
47.57642746	0.00202243
47.58834839	0.00222128
47.60026932	0.00332830
47.61219025	0.00371508
47.62411118	0.00339925
47.63603210	0.00319713
47.64795303	0.00202184
47.65987396	0.00127960
47.67179489	0.00325479
47.68371582	0.00423808
47.69563675	0.00510086
47.70755768	0.00558452
47.71947861	0.00445779
47.73139954	0.00360163
47.74332047	0.00302703
47.75524139	0.00198727
47.76716232	0.00128993
47.77908325	0.00090338
47.79100418	0.00093405
47.80292511	0.00149975
47.81484604	0.00174180
47.82676697	0.00183351
47.83868790	0.00231945
47.85060883	0.00221261
47.86252975	0.00167515
47.87445068	0.00145712
47.88637161	0.00084105
47.89829254	0.00049589
47.91021347	0.00132900
47.92213440	0.00191732
47.93405533	0.00305575
47.94597626	0.00525472
47.95789719	0.00522023
47.96981812	0.00595597
47.98173904	0.01247758
47.99365997	0.01600342
48.00558090	0.01709793
48.01750183	0.01535379
48.02942276	0.00841484
48.04134369	0.00351813
48.05326462	0.00348297
48.06518555	0.00357558
48.07710648	0.00370494
48.08902740	0.00367719
48.10094833	0.00295328
48.11286926	0.00263073
48.12479019	0.00234100
48.13671112	0.00143892
48.14863205	0.00077890
48.16055298	0.00080261
48.17247391	0.00100392
48.18439484	0.00132840
48.19631577	0.00140841
48.20823669	0.00171196
48.22015762	0.00250850
48.23207855	0.00248232
48.24399948	0.00192962
48.25592041	0.00174483
48.26784134	0.00173537
48.27976227	0.00352908
48.29168320	0.00675638
48.30360413	0.00770045
48.31552505	0.00686742
48.32744598	0.00735442
48.33936691	0.00792142
48.35128784	0.00893910
48.36320877	0.00835291
48.37512970	0.00459960
48.38705063	0.00150178
48.39897156	0.00073647
48.41089249	0.00121256
48.42281342	0.00188839
48.43473434	0.00241395
48.44665527	0.00248968
48.45857620	0.00265863
48.47049713	0.00235882
48.48241806	0.00141961
48.49433899	0.00105773
48.50625992	0.00103610
48.51818085	0.00102335
48.53010178	0.00138437
48.54202271	0.00160711
48.55394363	0.00185051
48.56586456	0.00262867
48.57778549	0.00307001
48.58970642	0.00357078
48.60162735	0.00425637
48.61354828	0.00366786
48.62546921	0.00389525
48.63739014	0.00731129
48.64931107	0.00892012
48.66123199	0.00880706
48.67315292	0.00775233
48.68507385	0.00599758
48.69699478	0.00653543
48.70891571	0.00660709
48.72083664	0.00466479
48.73275757	0.00337883
48.74467850	0.00279794
48.75659943	0.00164568
48.76852036	0.00092236
48.78044128	0.00073482
48.79236221	0.00072924
48.80428314	0.00115534
48.81620407	0.00137009
