Частота	Канал A
(kГц)	(В)

0.00000000	0.84091390
0.01192093	0.58439900
0.02384186	0.39908680
0.03576279	0.12748340
0.04768372	0.01247492
0.05960464	0.00084913
0.07152557	0.00064464
0.08344650	0.00061254
0.09536743	0.00034882
0.10728836	0.00043298
0.11920929	0.00072777
0.13113022	0.00103769
0.14305115	0.00096520
0.15497208	0.00082317
0.16689301	0.00037196
0.17881393	0.00041932
0.19073486	0.00114979
0.20265579	0.00122302
0.21457672	0.00131545
0.22649765	0.00126314
0.23841858	0.00100566
0.25033951	0.00059420
0.26226044	0.00103597
0.27418137	0.00132558
0.28610229	0.00291147
0.29802322	0.00424887
0.30994415	0.00610545
0.32186508	0.01020154
0.33378601	0.01194366
0.34570694	0.01036136
0.35762787	0.00891966
0.36954880	0.00539144
0.38146973	0.00146909
0.39339066	0.00138790
0.40531158	0.00121968
0.41723251	0.00186270
0.42915344	0.00226950
0.44107437	0.00202170
0.45299530	0.00164522
0.46491623	0.00127740
0.47683716	0.00062092
0.48875809	0.00065679
0.50067902	0.00136061
0.51259995	0.00175233
0.52452087	0.00178031
0.53644180	0.00162958
0.54836273	0.00099538
0.56028366	0.00018503
0.57220459	0.00102822
0.58412552	0.00179631
0.59604645	0.00270258
0.60796738	0.00314363
0.61988831	0.00209995
0.63180923	0.00704884
0.64373016	0.01140159
0.65565109	0.01336733
0.66757202	0.01525442
0.67949295	0.01240127
0.69141388	0.00746316
0.70333481	0.00519760
0.71525574	0.00292254
0.72717667	0.00116728
0.73909760	0.00177756
0.75101852	0.00156608
0.76293945	0.00134923
0.77486038	0.00139618
0.78678131	0.00094783
0.79870224	0.00072900
0.81062317	0.00109970
0.82254410	0.00115212
0.83446503	0.00112353
0.84638596	0.00116197
0.85830688	0.00116748
0.87022781	0.00155495
0.88214874	0.00160111
0.89406967	0.00107889
0.90599060	0.00097384
0.91791153	0.00109726
0.92983246	0.00111954
0.94175339	0.00145117
0.95367432	0.01858386
0.96559525	0.15474220
0.97751617	0.43463570
0.98943710	0.59797920
1.00135803	0.60962450
1.01327896	0.57858790
1.02519989	0.36849970
1.03712082	0.10409870
1.04904175	0.00689372
1.06096268	0.00081737
1.07288361	0.00079964
1.08480453	0.00092476
1.09672546	0.00057916
1.10864639	0.00043725
1.12056732	0.00048951
1.13248825	0.00055173
1.14440918	0.00052134
1.15633011	0.00043042
1.16825104	0.00024181
1.18017197	0.00015302
1.19209290	0.00035909
1.20401382	0.00049192
1.21593475	0.00038643
1.22785568	0.00025877
1.23977661	0.00027502
1.25169754	0.00092249
1.26361847	0.00143513
1.27553940	0.00138015
1.28746033	0.00145277
1.29938126	0.00188109
1.31130219	0.00313913
1.32322311	0.00544040
1.33514404	0.00628699
1.34706497	0.00550565
1.35898590	0.00482746
1.37090683	0.00314517
1.38282776	0.00181431
1.39474869	0.00136756
1.40666962	0.00070248
1.41859055	0.00087543
1.43051147	0.00113192
1.44243240	0.00119141
1.45435333	0.00149609
1.46627426	0.00148419
1.47819519	0.00090468
1.49011612	0.00043930
1.50203705	0.00126064
1.51395798	0.00171409
1.52587891	0.00167876
1.53779984	0.00150709
1.54972076	0.00091850
1.56164169	0.00043114
1.57356262	0.00068267
1.58548355	0.00060682
1.59740448	0.00166406
1.60932541	0.00230394
1.62124634	0.00322162
1.63316727	0.00856767
1.64508820	0.01223449
1.65700912	0.01384169
1.66893005	0.01528007
1.68085098	0.01202866
1.69277191	0.00729633
1.70469284	0.00476130
1.71661377	0.00248952
1.72853470	0.00249877
1.74045563	0.00293695
1.75237656	0.00221865
1.76429749	0.00125323
1.77621841	0.00084034
1.78813934	0.00099617
1.80006027	0.00103325
1.81198120	0.00086005
1.82390213	0.00013033
1.83582306	0.00094155
1.84774399	0.00156746
1.85966492	0.00157516
1.87158585	0.00161162
1.88350677	0.00164559
1.89542770	0.00111278
1.90734863	0.00141288
1.91926956	0.00137571
1.93119049	0.00089818
1.94311142	0.00263348
1.95503235	0.02344525
1.96695328	0.16281380
1.97887421	0.41309790
1.99079514	0.53678660
2.00271606	0.54182640
2.01463699	0.50248180
2.02655792	0.29739170
2.03847885	0.07372438
2.05039978	0.00244473
2.06232071	0.00218833
2.07424164	0.00150999
2.08616257	0.00110340
2.09808350	0.00054941
2.11000443	0.00114522
2.12192535	0.00147625
2.13384628	0.00123762
2.14576721	0.00080683
2.15768814	0.00064427
2.16960907	0.00034206
2.18153000	0.00064173
2.19345093	0.00063916
2.20537186	0.00021313
2.21729279	0.00026513
2.22921371	0.00060096
2.24113464	0.00099168
2.25305557	0.00097692
2.26497650	0.00092753
2.27689743	0.00070439
2.28881836	0.00038708
2.30073929	0.00024442
2.31266022	0.00033570
2.32458115	0.00064496
2.33650208	0.00068005
2.34842300	0.00082067
2.36034393	0.00092377
2.37226486	0.00081498
2.38418579	0.00069445
2.39610672	0.00086414
2.40802765	0.00088728
2.41994858	0.00092281
2.43186951	0.00090232
2.44379044	0.00079925
2.45571136	0.00058360
2.46763229	0.00062012
2.47955322	0.00061958
2.49147415	0.00062233
2.50339508	0.00066344
2.51531601	0.00065682
2.52723694	0.00075372
2.53915787	0.00080485
2.55107880	0.00071104
2.56299973	0.00096981
2.57492065	0.00103452
2.58684158	0.00118147
2.59876251	0.00189812
2.61068344	0.00223448
2.62260437	0.00254994
2.63452530	0.00653809
2.64644623	0.00914178
2.65836716	0.01058829
2.67028809	0.01167310
2.68220901	0.00901386
2.69412994	0.00594240
2.70605087	0.00424736
2.71797180	0.00218296
2.72989273	0.00164975
2.74181366	0.00208370
2.75373459	0.00170100
2.76565552	0.00143554
2.77757645	0.00125411
2.78949738	0.00079571
2.80141830	0.00091766
2.81333923	0.00158622
2.82526016	0.00203885
2.83718109	0.00210549
2.84910202	0.00190041
2.86102295	0.00105016
2.87294388	0.00095270
2.88486481	0.00153314
2.89678574	0.00135579
2.90870667	0.00167035
2.92062759	0.00202690
2.93254852	0.00240313
2.94446945	0.00489793
2.95639038	0.02743918
2.96831131	0.15571270
2.98023224	0.35692150
2.99215317	0.43999730
3.00407410	0.44089930
3.01599503	0.39708200
3.02791595	0.21707670
3.03983688	0.04674008
3.05175781	0.00144532
3.06367874	0.00240919
3.07559967	0.00188402
3.08752060	0.00155823
3.09944153	0.00076228
3.11136246	0.00053700
3.12328339	0.00055764
3.13520432	0.00091786
3.14712524	0.00116288
3.15904617	0.00103809
3.17096710	0.00027927
3.18288803	0.00111782
3.19480896	0.00178401
3.20672989	0.00149629
3.21865082	0.00084996
3.23057175	0.00076319
3.24249268	0.00148020
3.25441360	0.00238723
3.26633453	0.00256417
3.27825546	0.00214672
3.29017639	0.00261909
3.30209732	0.00323755
3.31401825	0.00476604
3.32593918	0.00688763
3.33786011	0.00665091
3.34978104	0.00553210
3.36170197	0.00441115
3.37362289	0.00212673
3.38554382	0.00092978
3.39746475	0.00085881
3.40938568	0.00034949
3.42130661	0.00049405
3.43322754	0.00064752
3.44514847	0.00059768
3.45706940	0.00047820
3.46899033	0.00035130
3.48091125	0.00027445
3.49283218	0.00026324
3.50475311	0.00016723
3.51667404	0.00044092
3.52859497	0.00080713
3.54051590	0.00100446
3.55243683	0.00110277
3.56435776	0.00088881
3.57627869	0.00063786
3.58819962	0.00057230
3.60012054	0.00082233
3.61204147	0.00095999
3.62396240	0.00195500
3.63588333	0.00382582
3.64780426	0.00478591
3.65972519	0.00538558
3.67164612	0.00570115
3.68356705	0.00420184
3.69548798	0.00276660
3.70740891	0.00191008
3.71932983	0.00103481
3.73125076	0.00095736
3.74317169	0.00102168
3.75509262	0.00113080
3.76701355	0.00143391
3.77893448	0.00133305
3.79085541	0.00088242
3.80277634	0.00104452
3.81469727	0.00143430
3.82661819	0.00136925
3.83853912	0.00104760
3.85046005	0.00089753
3.86238098	0.00036909
3.87430191	0.00028540
3.88622284	0.00072107
3.89814377	0.00085039
3.91006470	0.00127846
3.92198563	0.00117058
3.93390656	0.00115926
3.94582748	0.00354665
3.95774841	0.02468792
3.96966934	0.12807430
3.98159027	0.26935310
3.99351120	0.31731940
4.00543213	0.31647810
4.01735306	0.27569540
4.02927399	0.13865590
4.04119492	0.02544744
4.05311584	0.00214901
4.06503677	0.00208177
4.07695770	0.00176927
4.08887863	0.00171397
4.10079956	0.00126119
4.11272049	0.00101487
4.12464142	0.00108146
4.13656235	0.00103630
4.14848328	0.00111825
4.16040421	0.00110983
4.17232513	0.00081552
4.18424606	0.00096600
4.19616699	0.00113974
4.20808792	0.00147370
4.22000885	0.00206087
4.23192978	0.00184983
4.24385071	0.00105934
4.25577164	0.00135514
4.26769257	0.00155170
4.27961349	0.00194748
4.29153442	0.00394052
4.30345535	0.00561085
4.31537628	0.00863669
4.32729721	0.01205500
4.33921814	0.01147210
4.35113907	0.00976509
4.36306000	0.00784997
4.37498093	0.00364736
4.38690186	0.00122833
4.39882278	0.00137025
4.41074371	0.00138373
4.42266464	0.00138330
4.43458557	0.00073683
4.44650650	0.00016007
4.45842743	0.00079501
4.47034836	0.00107328
4.48226929	0.00120639
4.49419022	0.00124104
4.50611115	0.00089265
4.51803207	0.00068665
4.52995300	0.00076233
4.54187393	0.00056514
4.55379486	0.00032558
4.56571579	0.00050422
4.57763672	0.00045801
4.58955765	0.00029789
4.60147858	0.00059656
4.61339951	0.00088118
4.62532043	0.00065337
4.63724136	0.00030635
4.64916229	0.00057416
4.66108322	0.00090184
4.67300415	0.00108467
4.68492508	0.00058952
4.69684601	0.00034229
4.70876694	0.00016485
4.72068787	0.00015875
4.73260880	0.00034072
4.74452972	0.00030246
4.75645065	0.00032045
4.76837158	0.00049731
4.78029251	0.00069662
4.79221344	0.00093676
4.80413437	0.00093381
4.81605530	0.00073545
4.82797623	0.00030111
4.83989716	0.00043867
4.85181808	0.00097455
4.86373901	0.00127932
4.87565994	0.00134839
4.88758087	0.00106672
4.89950180	0.00056897
4.91142273	0.00096892
4.92334366	0.00142447
4.93526459	0.00154741
4.94718552	0.00306809
4.95910645	0.01944269
4.97102737	0.08687740
4.98294830	0.16711240
4.99486923	0.18902350
5.00679016	0.18721640
5.01871109	0.15602880
5.03063202	0.07119053
5.04255295	0.01037461
5.05447388	0.00208839
5.06639481	0.00112344
5.07831573	0.00135760
5.09023666	0.00163381
5.10215759	0.00157654
5.11407852	0.00130400
5.12599945	0.00082114
5.13792038	0.00086660
5.14984131	0.00166280
5.16176224	0.00209384
5.17368317	0.00165862
5.18560410	0.00098507
5.19752502	0.00068954
5.20944595	0.00110677
5.22136688	0.00140998
5.23328781	0.00133153
5.24520874	0.00176682
5.25712967	0.00260482
5.26905060	0.00215377
5.28097153	0.00217919
5.29289246	0.00494566
5.30481339	0.00704096
5.31673431	0.01110731
5.32865524	0.01491291
5.34057617	0.01385887
5.35249710	0.01200109
5.36441803	0.00919738
5.37633896	0.00392015
5.38825989	0.00254195
5.40018082	0.00239682
5.41210175	0.00155127
5.42402267	0.00126760
5.43594360	0.00070788
5.44786453	0.00102491
5.45978546	0.00159352
5.47170639	0.00149916
5.48362732	0.00114669
5.49554825	0.00102798
5.50746918	0.00090502
5.51939011	0.00082774
5.53131104	0.00134730
5.54323196	0.00138815
5.55515289	0.00112088
5.56707382	0.00112138
5.57899475	0.00108763
5.59091568	0.00123541
5.60283661	0.00181562
5.61475754	0.00165698
5.62667847	0.00317091
5.63859940	0.00646313
5.65052032	0.00783905
5.66244125	0.00866296
5.67436218	0.00788981
5.68628311	0.00461514
5.69820404	0.00275029
5.71012497	0.00211445
5.72204590	0.00122914
5.73396683	0.00102176
5.74588776	0.00054184
5.75780869	0.00014181
5.76972961	0.00031620
5.78165054	0.00029757
5.79357147	0.00050533
5.80549240	0.00077981
5.81741333	0.00070957
5.82933426	0.00051933
5.84125519	0.00037670
5.85317612	0.00020065
5.86509705	0.00022747
5.87701797	0.00031061
5.88893890	0.00049786
5.90085983	0.00085096
5.91278076	0.00126875
5.92470169	0.00132666
5.93662262	0.00087177
5.94854355	0.00099985
5.96046448	0.00855851
5.97238541	0.03539859
5.98430634	0.06298173
5.99622726	0.06886192
6.00814819	0.06781993
6.02006912	0.05384592
6.03199005	0.02198413
6.04391098	0.00182707
6.05583191	0.00177146
6.06775284	0.00120741
6.07967377	0.00061536
6.09159470	0.00041169
6.10351563	0.00082926
6.11543655	0.00103456
6.12735748	0.00131924
6.13927841	0.00147642
6.15119934	0.00116721
6.16312027	0.00083886
6.17504120	0.00102938
6.18696213	0.00148342
6.19888306	0.00131774
6.21080399	0.00068577
6.22272491	0.00076704
6.23464584	0.00100190
6.24656677	0.00114558
6.25848770	0.00195233
6.27040863	0.00192288
6.28232956	0.00269818
6.29425049	0.00515119
6.30617142	0.00714087
6.31809235	0.01133999
6.33001328	0.01475531
6.34193420	0.01331358
6.35385513	0.01104099
6.36577606	0.00765559
6.37769699	0.00331414
6.38961792	0.00318576
6.40153885	0.00243485
6.41345978	0.00138125
6.42538071	0.00194263
6.43730164	0.00182676
6.44922256	0.00103168
6.46114349	0.00113436
6.47306442	0.00132715
6.48498535	0.00152828
6.49690628	0.00150400
6.50882721	0.00126775
6.52074814	0.00114055
6.53266907	0.00135835
6.54459000	0.00145226
6.55651093	0.00109622
6.56843185	0.00106430
6.58035278	0.00095710
6.59227371	0.00125253
6.60419464	0.00218906
6.61611557	0.00219715
6.62803650	0.00590103
6.63995743	0.01070988
6.65187836	0.01259036
6.66379929	0.01423727
6.67572021	0.01304060
6.68764114	0.00816594
6.69956207	0.00504042
6.71148300	0.00289904
6.72340393	0.00111638
6.73532486	0.00207899
6.74724579	0.00203657
6.75916672	0.00134933
6.77108765	0.00107998
6.78300858	0.00074610
6.79492950	0.00026944
6.80685043	0.00066739
6.81877136	0.00068936
6.83069229	0.00045891
6.84261322	0.00019020
6.85453415	0.00057134
6.86645508	0.00093693
6.87837601	0.00074532
6.89029694	0.00049868
6.90221786	0.00072742
6.91413879	0.00111363
6.92605972	0.00124335
6.93798065	0.00143485
6.94990158	0.00197252
6.96182251	0.00584669
6.97374344	0.01821349
6.98566437	0.02922086
6.99758530	0.03056753
7.00950623	0.02963271
7.02142715	0.02225266
7.03334808	0.00801232
7.04526901	0.00018477
7.05718994	0.00076922
7.06911087	0.00044739
7.08103180	0.00033743
7.09295273	0.00027351
7.10487366	0.00011044
7.11679459	0.00035831
7.12871552	0.00032075
7.14063644	0.00048327
7.15255737	0.00063374
7.16447830	0.00057192
7.17639923	0.00051768
7.18832016	0.00050618
7.20024109	0.00059311
7.21216202	0.00098869
7.22408295	0.00135724
7.23600388	0.00133866
7.24792480	0.00081774
7.25984573	0.00004067
7.27176666	0.00085127
7.28368759	0.00240159
7.29560852	0.00390493
7.30752945	0.00534615
7.31945038	0.00865408
7.33137131	0.01058346
7.34329224	0.00941063
7.35521317	0.00817429
7.36713409	0.00562514
7.37905502	0.00223943
7.39097595	0.00166137
7.40289688	0.00106798
7.41481781	0.00102129
7.42673874	0.00169036
7.43865967	0.00182468
7.45058060	0.00171816
7.46250153	0.00140732
7.47442245	0.00056523
7.48634338	0.00052373
7.49826431	0.00123527
7.51018524	0.00122767
7.52210617	0.00077716
7.53402710	0.00095990
7.54594803	0.00121271
7.55786896	0.00153311
7.56978989	0.00181534
7.58171082	0.00185726
7.59363174	0.00232204
7.60555267	0.00287682
7.61747360	0.00224655
7.62939453	0.00708788
7.64131546	0.01273588
7.65323639	0.01495060
7.66515732	0.01687478
7.67707825	0.01482272
7.68899918	0.00889024
7.70092010	0.00561231
7.71284103	0.00349225
7.72476196	0.00203490
7.73668289	0.00220763
7.74860382	0.00155988
7.76052475	0.00084187
7.77244568	0.00138270
7.78436661	0.00160497
7.79628754	0.00149852
7.80820847	0.00120827
7.82012939	0.00049572
7.83205032	0.00049068
7.84397125	0.00108628
7.85589218	0.00138001
7.86781311	0.00158750
7.87973404	0.00164683
7.89165497	0.00136597
7.90357590	0.00122313
7.91549683	0.00123472
7.92741776	0.00072262
7.93933868	0.00126758
7.95125961	0.00373793
7.96318054	0.01971862
7.97510147	0.06258392
7.98702240	0.09566281
7.99894333	0.09936401
8.01086426	0.09621901
8.02278519	0.06855862
8.03470612	0.02303927
8.04662704	0.00218323
8.05854797	0.00199998
8.07046890	0.00092480
8.08238983	0.00011596
8.09431076	0.00045472
8.10623169	0.00077896
8.11815262	0.00061888
8.13007355	0.00040936
8.14199448	0.00077317
8.15391541	0.00104737
8.16583633	0.00116230
8.17775726	0.00098528
8.18967819	0.00074684
8.20159912	0.00067747
8.21352005	0.00062731
8.22544098	0.00034572
8.23736191	0.00020292
8.24928284	0.00026965
8.26120377	0.00039604
8.27312469	0.00047274
8.28504562	0.00076947
8.29696655	0.00144241
8.30888748	0.00221513
8.32080841	0.00351460
8.33272934	0.00420994
8.34465027	0.00375573
8.35657120	0.00291683
8.36849213	0.00132762
8.38041306	0.00099591
8.39233398	0.00209738
8.40425491	0.00210949
8.41617584	0.00163688
8.42809677	0.00105490
8.44001770	0.00058034
8.45193863	0.00032330
8.46385956	0.00050168
8.47578049	0.00067135
8.48770142	0.00046416
8.49962234	0.00052680
8.51154327	0.00057562
8.52346420	0.00083945
8.53538513	0.00101557
8.54730606	0.00100048
8.55922699	0.00152742
8.57114792	0.00195978
8.58306885	0.00167106
8.59498978	0.00142926
8.60691071	0.00209269
8.61883163	0.00242291
8.63075256	0.00754376
8.64267349	0.01216797
8.65459442	0.01407267
8.66651535	0.01588202
8.67843628	0.01356943
8.69035721	0.00837056
8.70227814	0.00578552
8.71419907	0.00354349
8.72612000	0.00130153
8.73804092	0.00160572
8.74996185	0.00193690
8.76188278	0.00208574
8.77380371	0.00184945
8.78572464	0.00130235
8.79764557	0.00141182
8.80956650	0.00176725
8.82148743	0.00149549
8.83340836	0.00130227
8.84532928	0.00177568
8.85725021	0.00170972
8.86917114	0.00128847
8.88109207	0.00107154
8.89301300	0.00098488
8.90493393	0.00151490
8.91685486	0.00178198
8.92877579	0.00131350
8.94069672	0.00232841
8.95261765	0.00591900
8.96453857	0.03090290
8.97645950	0.09025031
8.98838043	0.12956430
9.00030136	0.13230160
9.01222229	0.12647520
9.02414322	0.08450592
9.03606415	0.02486541
9.04798508	0.00168458
9.05990601	0.00240927
9.07182693	0.00178093
9.08374786	0.00120889
9.09566879	0.00058454
9.10758972	0.00048859
9.11951065	0.00094200
9.13143158	0.00115006
9.14335251	0.00166829
9.15527344	0.00183666
9.16719437	0.00130673
9.17911530	0.00035027
9.19103622	0.00029940
9.20295715	0.00076140
9.21487808	0.00096373
9.22679901	0.00100607
9.23871994	0.00112608
9.25064087	0.00133839
9.26256180	0.00149544
9.27448273	0.00108110
9.28640366	0.00104989
9.29832458	0.00185535
9.31024551	0.00273267
9.32216644	0.00375442
9.33408737	0.00387075
9.34600830	0.00316436
9.35792923	0.00258969
9.36985016	0.00168848
9.38177109	0.00057159
9.39369202	0.00031438
9.40561295	0.00032777
9.41753387	0.00029998
9.42945480	0.00026016
9.44137573	0.00028230
9.45329666	0.00016464
9.46521759	0.00045031
9.47713852	0.00054928
9.48905945	0.00030006
9.50098038	0.00021807
9.51290131	0.00055036
9.52482224	0.00056298
9.53674316	0.00057007
9.54866409	0.00057323
9.56058502	0.00039334
9.57250595	0.00038732
9.58442688	0.00067053
9.59634781	0.00121568
9.60826874	0.00113605
9.62018967	0.00185986
9.63211060	0.00595687
9.64403152	0.00893256
9.65595245	0.01017216
9.66787338	0.01117242
9.67979431	0.00919464
9.69171524	0.00570784
9.70363617	0.00405460
9.71555710	0.00280917
9.72747803	0.00176426
9.73939896	0.00154927
9.75131989	0.00112022
9.76324081	0.00137915
9.77516174	0.00177856
9.78708267	0.00148390
9.79900360	0.00108481
9.81092453	0.00096335
9.82284546	0.00119748
9.83476639	0.00149172
9.84668732	0.00157106
9.85860825	0.00101117
9.87052917	0.00103510
9.88245010	0.00153722
9.89437103	0.00172587
9.90629196	0.00215252
9.91821289	0.00241574
9.93013382	0.00243797
9.94205475	0.00345048
9.95397568	0.00809703
9.96589661	0.03803183
9.97781754	0.09894747
9.98973846	0.13292010
10.00165939	0.13366640
10.01358032	0.12510790
10.02550125	0.07757408
10.03742218	0.01958331
10.04934311	0.00219958
10.06126404	0.00283334
10.07318497	0.00239643
10.08510590	0.00235049
10.09702682	0.00168023
10.10894775	0.00171031
10.12086868	0.00181571
10.13278961	0.00149130
10.14471054	0.00099640
10.15663147	0.00029919
10.16855240	0.00076885
10.18047333	0.00179425
10.19239426	0.00229765
10.20431519	0.00224193
10.21623611	0.00189637
10.22815704	0.00160112
10.24007797	0.00092613
10.25199890	0.00073167
10.26391983	0.00120855
10.27584076	0.00130661
10.28776169	0.00257862
10.29968262	0.00404166
10.31160355	0.00600372
10.32352448	0.00920095
10.33544540	0.00976358
10.34736633	0.00818867
10.35928726	0.00664599
10.37120819	0.00343687
10.38312912	0.00115640
10.39505005	0.00187625
10.40697098	0.00133443
10.41889191	0.00090307
10.43081284	0.00087315
10.44273376	0.00076678
10.45465469	0.00058408
10.46657562	0.00040917
10.47849655	0.00041954
10.49041748	0.00034620
10.50233841	0.00022336
10.51425934	0.00012599
10.52618027	0.00031635
10.53810120	0.00044137
10.55002213	0.00043384
10.56194305	0.00039203
10.57386398	0.00050493
10.58578491	0.00061053
10.59770584	0.00074806
10.60962677	0.00087825
10.62154770	0.00075587
10.63346863	0.00175689
10.64538956	0.00245569
10.65731049	0.00277003
10.66923141	0.00332738
10.68115234	0.00277478
10.69307327	0.00172228
10.70499420	0.00143180
10.71691513	0.00147494
10.72883606	0.00187121
10.74075699	0.00177050
10.75267792	0.00106188
10.76459885	0.00016549
10.77651978	0.00053034
10.78844070	0.00072265
10.80036163	0.00059970
10.81228256	0.00045912
10.82420349	0.00023210
10.83612442	0.00056446
10.84804535	0.00099074
10.85996628	0.00115107
10.87188721	0.00101545
10.88380814	0.00071605
10.89572906	0.00045656
10.90764999	0.00147881
10.91957092	0.00233084
10.93149185	0.00200591
10.94341278	0.00204375
10.95533371	0.00667319
10.96725464	0.03480974
10.97917557	0.08468284
10.99109650	0.10843870
11.00301743	0.10836850
11.01493835	0.09901337
11.02685928	0.05705348
11.03878021	0.01264991
11.05070114	0.00205984
11.06262207	0.00172549
11.07454300	0.00145126
11.08646393	0.00181445
11.09838486	0.00156844
11.11030579	0.00147417
11.12222672	0.00149336
11.13414764	0.00098868
11.14606857	0.00101895
11.15798950	0.00101225
11.16991043	0.00080980
11.18183136	0.00093058
11.19375229	0.00121403
11.20567322	0.00128641
11.21759415	0.00144355
11.22951508	0.00180287
11.24143600	0.00172376
11.25335693	0.00181380
11.26527786	0.00188723
11.27719879	0.00189583
11.28911972	0.00414300
11.30104065	0.00587241
11.31296158	0.00816873
11.32488251	0.01189418
11.33680344	0.01207297
11.34872437	0.00996575
11.36064529	0.00801539
11.37256622	0.00419595
11.38448715	0.00199572
11.39640808	0.00213652
11.40832901	0.00171202
11.42024994	0.00209514
11.43217087	0.00194481
11.44409180	0.00141600
11.45601273	0.00132526
11.46793365	0.00108638
11.47985458	0.00072822
11.49177551	0.00109696
11.50369644	0.00148783
11.51561737	0.00142704
11.52753830	0.00113056
11.53945923	0.00088875
11.55138016	0.00069697
11.56330109	0.00067354
11.57522202	0.00031304
11.58714294	0.00054794
11.59906387	0.00150262
11.61098480	0.00188894
11.62290573	0.00162291
11.63482666	0.00277254
11.64674759	0.00387987
11.65866852	0.00456533
11.67058945	0.00478564
11.68251038	0.00325953
11.69443130	0.00152570
11.70635223	0.00099663
11.71827316	0.00111325
11.73019409	0.00145633
11.74211502	0.00136117
11.75403595	0.00092181
11.76595688	0.00058841
11.77787781	0.00040465
11.78979874	0.00024265
11.80171967	0.00023173
11.81364059	0.00026147
11.82556152	0.00029718
11.83748245	0.00024364
11.84940338	0.00008998
11.86132431	0.00060970
11.87324524	0.00126890
11.88516617	0.00154463
11.89708710	0.00115784
11.90900803	0.00067401
11.92092896	0.00075753
11.93284988	0.00076884
11.94477081	0.00150297
11.95669174	0.00512481
11.96861267	0.02403478
11.98053360	0.05353625
11.99245453	0.06510926
12.00437546	0.06467117
12.01629639	0.05772468
12.02821732	0.03102874
12.04013824	0.00629425
12.05205917	0.00136206
12.06398010	0.00092611
12.07590103	0.00150568
12.08782196	0.00170673
12.09974289	0.00129294
12.11166382	0.00094563
12.12358475	0.00118793
12.13550568	0.00118766
12.14742661	0.00106356
12.15934753	0.00071055
12.17126846	0.00055105
12.18318939	0.00120669
12.19511032	0.00148261
12.20703125	0.00135838
12.21895218	0.00122738
12.23087311	0.00085618
12.24279404	0.00064131
12.25471497	0.00162698
12.26663589	0.00225949
12.27855682	0.00283001
12.29047775	0.00560213
12.30239868	0.00774044
12.31431961	0.01104363
12.32624054	0.01506398
12.33816147	0.01417617
12.35008240	0.01153756
12.36200333	0.00886170
12.37392426	0.00386467
12.38584518	0.00231665
12.39776611	0.00269545
12.40968704	0.00215940
12.42160797	0.00205970
12.43352890	0.00160751
12.44544983	0.00102356
12.45737076	0.00170682
12.46929169	0.00222320
12.48121262	0.00197477
12.49313354	0.00133436
12.50505447	0.00062944
12.51697540	0.00037920
12.52889633	0.00094725
12.54081726	0.00105009
12.55273819	0.00110277
12.56465912	0.00176962
12.57658005	0.00230484
12.58850098	0.00245467
12.60042191	0.00239506
12.61234283	0.00156323
12.62426376	0.00258108
12.63618469	0.00766745
12.64810562	0.00998516
12.66002655	0.01124414
12.67194748	0.01132573
12.68386841	0.00731633
12.69578934	0.00380734
12.70771027	0.00227748
12.71963120	0.00090841
12.73155212	0.00171995
12.74347305	0.00183989
12.75539398	0.00146205
12.76731491	0.00154074
12.77923584	0.00141748
12.79115677	0.00110339
12.80307770	0.00083603
12.81499863	0.00049110
12.82691956	0.00006151
12.83884048	0.00052513
12.85076141	0.00093126
12.86268234	0.00111114
12.87460327	0.00110615
12.88652420	0.00090103
12.89844513	0.00051632
12.91036606	0.00044673
12.92228699	0.00040738
12.93420792	0.00017466
12.94612885	0.00013518
12.95804977	0.00097942
12.96997070	0.00614946
12.98189163	0.01308255
12.99381256	0.01532280
13.00573349	0.01503284
13.01765442	0.01264844
13.02957535	0.00585897
13.04149628	0.00100187
13.05341721	0.00106435
13.06533813	0.00057206
13.07725906	0.00020207
13.08917999	0.00015351
13.10110092	0.00032899
13.11302185	0.00063091
13.12494278	0.00072724
13.13686371	0.00070651
13.14878464	0.00105477
13.16070557	0.00154345
13.17262650	0.00166401
13.18454742	0.00142614
13.19646835	0.00092756
13.20838928	0.00043985
13.22031021	0.00102782
13.23223114	0.00151958
13.24415207	0.00171410
13.25607300	0.00198800
13.26799393	0.00175803
13.27991486	0.00166030
13.29183578	0.00372256
13.30375671	0.00537994
13.31567764	0.00853334
13.32759857	0.01215360
13.33951950	0.01181230
13.35144043	0.01032127
13.36336136	0.00824139
13.37528229	0.00406532
13.38720322	0.00229563
13.39912415	0.00182080
13.41104507	0.00105949
13.42296600	0.00194810
13.43488693	0.00221351
13.44680786	0.00186651
13.45872879	0.00167810
13.47064972	0.00133452
13.48257065	0.00113640
13.49449158	0.00134358
13.50641251	0.00125250
13.51833344	0.00120663
13.53025436	0.00141619
13.54217529	0.00150501
13.55409622	0.00134302
13.56601715	0.00167087
13.57793808	0.00166107
13.58985901	0.00100429
13.60177994	0.00176238
13.61370087	0.00203736
13.62562180	0.00569789
13.63754272	0.01196743
13.64946365	0.01487990
13.66138458	0.01675818
13.67330551	0.01636720
13.68522644	0.01073946
13.69714737	0.00647787
13.70906830	0.00454973
13.72098923	0.00207530
13.73291016	0.00122146
13.74483109	0.00114657
13.75675201	0.00117623
13.76867294	0.00139866
13.78059387	0.00128735
13.79251480	0.00096432
13.80443573	0.00088785
13.81635666	0.00075089
13.82827759	0.00053934
13.84019852	0.00055302
13.85211945	0.00064252
13.86404037	0.00072633
13.87596130	0.00078549
13.88788223	0.00051671
13.89980316	0.00045483
13.91172409	0.00111660
13.92364502	0.00144764
13.93556595	0.00152324
13.94748688	0.00162130
13.95940781	0.00371523
13.97132874	0.01407358
13.98324966	0.02652346
13.99517059	0.02958330
14.00709152	0.02906187
14.01901245	0.02391817
14.03093338	0.01034048
14.04285431	0.00095997
14.05477524	0.00118043
14.06669617	0.00096374
14.07861710	0.00070134
14.09053802	0.00046489
14.10245895	0.00020963
14.11437988	0.00019250
14.12630081	0.00024626
14.13822174	0.00014903
14.15014267	0.00015252
14.16206360	0.00049787
14.17398453	0.00078022
14.18590546	0.00087606
14.19782639	0.00070634
14.20974731	0.00044146
14.22166824	0.00054461
14.23358917	0.00078198
14.24551010	0.00099883
14.25743103	0.00139119
14.26935196	0.00103949
14.28127289	0.00104078
14.29319382	0.00276118
14.30511475	0.00398952
14.31703568	0.00606153
14.32895660	0.00779710
14.34087753	0.00702031
14.35279846	0.00592330
14.36471939	0.00419661
14.37664032	0.00182678
14.38856125	0.00202955
14.40048218	0.00196616
14.41240311	0.00144497
14.42432404	0.00093796
14.43624496	0.00064671
14.44816589	0.00013118
14.46008682	0.00028466
14.47200775	0.00035170
14.48392868	0.00068245
14.49584961	0.00102088
14.50777054	0.00108181
14.51969147	0.00085291
14.53161240	0.00091544
14.54353333	0.00116868
14.55545425	0.00133046
14.56737518	0.00169000
14.57929611	0.00170680
14.59121704	0.00191827
14.60313797	0.00260069
14.61505890	0.00184128
14.62697983	0.00612223
14.63890076	0.01283741
14.65082169	0.01554259
14.66274261	0.01734224
14.67466354	0.01627677
14.68658447	0.00995184
14.69850540	0.00575108
14.71042633	0.00390027
14.72234726	0.00191125
14.73426819	0.00194186
14.74618912	0.00164503
14.75811005	0.00117237
14.77003098	0.00129136
14.78195190	0.00115881
14.79387283	0.00098252
14.80579376	0.00115585
14.81771469	0.00104658
14.82963562	0.00114714
14.84155655	0.00138207
14.85347748	0.00103111
14.86539841	0.00081770
14.87731934	0.00100881
14.88924026	0.00102303
14.90116119	0.00077842
14.91308212	0.00127777
14.92500305	0.00144614
14.93692398	0.00135926
14.94884491	0.00274479
14.96076584	0.00945010
14.97268677	0.03387605
14.98460770	0.05893159
14.99652863	0.06378330
15.00844955	0.06239661
15.02037048	0.04913950
15.03229141	0.01984372
15.04421234	0.00181071
15.05613327	0.00155811
15.06805420	0.00063309
15.07997513	0.00043846
15.09189606	0.00072550
15.10381699	0.00096407
15.11573792	0.00092496
15.12765884	0.00063950
15.13957977	0.00031768
15.15150070	0.00006313
15.16342163	0.00043808
15.17534256	0.00079878
15.18726349	0.00077551
15.19918442	0.00055709
15.21110535	0.00031580
15.22302628	0.00027933
15.23494720	0.00051920
15.24686813	0.00054174
15.25878906	0.00042598
15.27070999	0.00033355
15.28263092	0.00053687
15.29455185	0.00093088
15.30647278	0.00132209
15.31839371	0.00175354
15.33031464	0.00211264
15.34223557	0.00194770
15.35415649	0.00144264
15.36607742	0.00063296
15.37799835	0.00044460
15.38991928	0.00065515
15.40184021	0.00044570
15.41376114	0.00026426
15.42568207	0.00083570
15.43760300	0.00093600
15.44952393	0.00072991
15.46144485	0.00047883
15.47336578	0.00053519
15.48528671	0.00067700
15.49720764	0.00067428
15.50912857	0.00035660
15.52104950	0.00048840
15.53297043	0.00075868
15.54489136	0.00080131
15.55681229	0.00114385
15.56873322	0.00165632
15.58065414	0.00139202
15.59257507	0.00103796
15.60449600	0.00197334
15.61641693	0.00262017
15.62833786	0.00678366
15.64025879	0.01171676
15.65217972	0.01353741
15.66410065	0.01483808
15.67602158	0.01315605
15.68794250	0.00784969
15.69986343	0.00492673
15.71178436	0.00380322
15.72370529	0.00289487
15.73562622	0.00289644
15.74754715	0.00223350
15.75946808	0.00084866
15.77138901	0.00044004
15.78330994	0.00095631
15.79523087	0.00136823
15.80715179	0.00169262
15.81907272	0.00168076
15.83099365	0.00172169
15.84291458	0.00192798
15.85483551	0.00196006
15.86675644	0.00188323
15.87867737	0.00158071
15.89059830	0.00117909
15.90251923	0.00150957
15.91444016	0.00246101
15.92636108	0.00222386
15.93828201	0.00154282
15.95020294	0.00380200
15.96212387	0.01468593
15.97404480	0.04767966
15.98596573	0.07648026
15.99788666	0.08031055
16.00980759	0.07786079
16.02172852	0.05796308
16.03364944	0.02104673
16.04557037	0.00295882
16.05749130	0.00232936
16.06941223	0.00122404
16.08133316	0.00158026
16.09325409	0.00132609
16.10517502	0.00093254
16.11709595	0.00125280
16.12901688	0.00157874
16.14093781	0.00155644
16.15285873	0.00138435
16.16477966	0.00098056
16.17670059	0.00086358
16.18862152	0.00121212
16.20054245	0.00125988
16.21246338	0.00108127
16.22438431	0.00082379
16.23630524	0.00087644
16.24822617	0.00139326
16.26014709	0.00171443
16.27206802	0.00114687
16.28398895	0.00062189
16.29590988	0.00215664
16.30783081	0.00333669
16.31975174	0.00490934
16.33167267	0.00555512
16.34359360	0.00468862
16.35551453	0.00376889
16.36743546	0.00227299
16.37935638	0.00065379
16.39127731	0.00098780
16.40319824	0.00102487
16.41511917	0.00076527
16.42704010	0.00062428
16.43896103	0.00057132
16.45088196	0.00058519
16.46280289	0.00052405
16.47472382	0.00036255
16.48664474	0.00018926
16.49856567	0.00021511
16.51048660	0.00031060
16.52240753	0.00038370
16.53432846	0.00065321
16.54624939	0.00086123
16.55817032	0.00077895
16.57009125	0.00059142
16.58201218	0.00076979
16.59393311	0.00144390
16.60585403	0.00202094
16.61777496	0.00175843
16.62969589	0.00347660
16.64161682	0.00605895
16.65353775	0.00731515
16.66545868	0.00885107
16.67737961	0.00855413
16.68930054	0.00593582
16.70122147	0.00395787
16.71314240	0.00257030
16.72506332	0.00168875
16.73698425	0.00188435
16.74890518	0.00155132
16.76082611	0.00114365
16.77274704	0.00126644
16.78466797	0.00104362
16.79658890	0.00056797
16.80850983	0.00042779
16.82043076	0.00062275
16.83235168	0.00037064
16.84427261	0.00030784
16.85619354	0.00086092
16.86811447	0.00211789
16.88003540	0.00280838
16.89195633	0.00257902
16.90387726	0.00204217
16.91579819	0.00224021
16.92771912	0.00242594
16.93964005	0.00282348
16.95156097	0.00503823
16.96348190	0.01776932
16.97540283	0.05133688
16.98732376	0.07635863
16.99924469	0.07794859
17.01116562	0.07415882
17.02308655	0.05149573
17.03500748	0.01594002
17.04692841	0.00269769
17.05884933	0.00277886
17.07077026	0.00174490
17.08269119	0.00211269
17.09461212	0.00171989
17.10653305	0.00139541
17.11845398	0.00184095
17.13037491	0.00167022
17.14229584	0.00103887
17.15421677	0.00064811
17.16613770	0.00112814
17.17805862	0.00175873
17.18997955	0.00179929
17.20190048	0.00118547
17.21382141	0.00082234
17.22574234	0.00132687
17.23766327	0.00170148
17.24958420	0.00192875
17.26150513	0.00212083
17.27342606	0.00146405
17.28534698	0.00288350
17.29726791	0.00518854
17.30918884	0.00713235
17.32110977	0.01031605
17.33303070	0.01133822
17.34495163	0.00941244
17.35687256	0.00783516
17.36879349	0.00504360
17.38071442	0.00198280
17.39263535	0.00129659
17.40455627	0.00062440
17.41647720	0.00103455
17.42839813	0.00150299
17.44031906	0.00136801
17.45223999	0.00089985
17.46416092	0.00051508
17.47608185	0.00008827
17.48800278	0.00047648
17.49992371	0.00060402
17.51184464	0.00040295
17.52376556	0.00011671
17.53568649	0.00022631
17.54760742	0.00021031
17.55952835	0.00022308
17.57144928	0.00028292
17.58337021	0.00039977
17.59529114	0.00059084
17.60721207	0.00058324
17.61913300	0.00066893
17.63105392	0.00104181
17.64297485	0.00121797
17.65489578	0.00121879
17.66681671	0.00141021
17.67873764	0.00142622
17.69065857	0.00117134
17.70257950	0.00073487
17.71450043	0.00030905
17.72642136	0.00038989
17.73834229	0.00090264
17.75026321	0.00142744
17.76218414	0.00171249
17.77410507	0.00160801
17.78602600	0.00116711
17.79794693	0.00072839
17.80986786	0.00082328
17.82178879	0.00098912
17.83370972	0.00075665
17.84563065	0.00038824
17.85755157	0.00025686
17.86947250	0.00124905
17.88139343	0.00196325
17.89331436	0.00184951
17.90523529	0.00150018
17.91715622	0.00113463
17.92907715	0.00129195
17.94099808	0.00265698
17.95291901	0.00474428
17.96483994	0.01589798
17.97676086	0.04227708
17.98868179	0.05896081
18.00060272	0.05925132
18.01252365	0.05592858
18.02444458	0.03658064
18.03636551	0.01003962
18.04828644	0.00196745
18.06020737	0.00205713
18.07212830	0.00202889
18.08404922	0.00208322
18.09597015	0.00156007
18.10789108	0.00103604
18.11981201	0.00059862
18.13173294	0.00019093
18.14365387	0.00105867
18.15557480	0.00168370
18.16749573	0.00167479
18.17941666	0.00132465
18.19133759	0.00128503
18.20325851	0.00134388
18.21517944	0.00113843
18.22710037	0.00102572
18.23902130	0.00049413
18.25094223	0.00171635
18.26286316	0.00259071
18.27478409	0.00249468
18.28670502	0.00433476
18.29862595	0.00666728
18.31054688	0.00901291
18.32246780	0.01281211
18.33438873	0.01344348
18.34630966	0.01104148
18.35823059	0.00924377
18.37015152	0.00574225
18.38207245	0.00269769
18.39399338	0.00242158
18.40591431	0.00103193
18.41783524	0.00087973
18.42975616	0.00157976
18.44167709	0.00156874
18.45359802	0.00155764
18.46551895	0.00157416
18.47743988	0.00143875
18.48936081	0.00128322
18.50128174	0.00104695
18.51320267	0.00077750
18.52512360	0.00055315
18.53704453	0.00032762
18.54896545	0.00012088
18.56088638	0.00062815
18.57280731	0.00076208
18.58472824	0.00042211
18.59664917	0.00070647
18.60857010	0.00147964
18.62049103	0.00202533
18.63241196	0.00462189
18.64433289	0.00662663
18.65625381	0.00747890
18.66817474	0.00797022
18.68009567	0.00592797
18.69201660	0.00264150
18.70393753	0.00114156
18.71585846	0.00062687
18.72777939	0.00096628
18.73970032	0.00075116
18.75162125	0.00017574
18.76354218	0.00008896
18.77546310	0.00022384
18.78738403	0.00018086
18.79930496	0.00005895
18.81122589	0.00022526
18.82314682	0.00042594
18.83506775	0.00057398
18.84698868	0.00062695
18.85890961	0.00050721
18.87083054	0.00023751
18.88275146	0.00018835
18.89467239	0.00032267
18.90659332	0.00061400
18.91851425	0.00083528
18.93043518	0.00084092
18.94235611	0.00116244
18.95427704	0.00260625
18.96619797	0.00992044
18.97811890	0.02418237
18.99003983	0.03181794
19.00196075	0.03162827
19.01388168	0.02917182
19.02580261	0.01764360
19.03772354	0.00394444
19.04964447	0.00109638
19.06156540	0.00115223
19.07348633	0.00114457
19.08540726	0.00138100
19.09732819	0.00125212
19.10924911	0.00108213
19.12117004	0.00091319
19.13309097	0.00064778
19.14501190	0.00102379
19.15693283	0.00130875
19.16885376	0.00136108
19.18077469	0.00126025
19.19269562	0.00102046
19.20461655	0.00064875
19.21653748	0.00112462
19.22845840	0.00159154
19.24037933	0.00112943
19.25230026	0.00106004
19.26422119	0.00168991
19.27614212	0.00207568
19.28806305	0.00452440
19.29998398	0.00680116
19.31190491	0.00907366
19.32382584	0.01274093
19.33574677	0.01295404
19.34766769	0.01046460
19.35958862	0.00833900
19.37150955	0.00412407
19.38343048	0.00202060
19.39535141	0.00296093
19.40727234	0.00218435
19.41919327	0.00138774
19.43111420	0.00107375
19.44303513	0.00054587
19.45495605	0.00065313
19.46687698	0.00106695
19.47879791	0.00111126
19.49071884	0.00098271
19.50263977	0.00086270
19.51456070	0.00104970
19.52648163	0.00169673
19.53840256	0.00189489
19.55032349	0.00156543
19.56224442	0.00155620
19.57416534	0.00163296
19.58608627	0.00140276
19.59800720	0.00219156
19.60992813	0.00247491
19.62184906	0.00338164
19.63376999	0.00898674
19.64569092	0.01260337
19.65761185	0.01398421
19.66953278	0.01450019
19.68145370	0.01052346
19.69337463	0.00561325
19.70529556	0.00361647
19.71721649	0.00241274
19.72913742	0.00234246
19.74105835	0.00218597
19.75297928	0.00134357
19.76490021	0.00111793
19.77682114	0.00139714
19.78874207	0.00117051
19.80066299	0.00072883
19.81258392	0.00024938
19.82450485	0.00051719
19.83642578	0.00060284
19.84834671	0.00075861
19.86026764	0.00107562
19.87218857	0.00155302
19.88410950	0.00147110
19.89603043	0.00089734
19.90795135	0.00025025
19.91987228	0.00041964
19.93179321	0.00061864
19.94371414	0.00038542
19.95563507	0.00039694
19.96755600	0.00106202
19.97947693	0.00145125
19.99139786	0.00132459
20.00331879	0.00069276
20.01523972	0.00024768
20.02716064	0.00041100
20.03908157	0.00031816
20.05100250	0.00008483
20.06292343	0.00034814
20.07484436	0.00062709
20.08676529	0.00056215
20.09868622	0.00009649
20.11060715	0.00050955
20.12252808	0.00093390
20.13444901	0.00096288
20.14636993	0.00059614
20.15829086	0.00016538
20.17021179	0.00042600
20.18213272	0.00083348
20.19405365	0.00097709
20.20597458	0.00087320
20.21789551	0.00088607
20.22981644	0.00093457
20.24173737	0.00092770
20.25365829	0.00146442
20.26557922	0.00166617
20.27750015	0.00197112
20.28942108	0.00411833
20.30134201	0.00584314
20.31326294	0.00816311
20.32518387	0.01137038
20.33710480	0.01115203
20.34902573	0.00901548
20.36094666	0.00681176
20.37286758	0.00325363
20.38478851	0.00265444
20.39670944	0.00285619
20.40863037	0.00194697
20.42055130	0.00165526
20.43247223	0.00149288
20.44439316	0.00088658
20.45631409	0.00095870
20.46823502	0.00136726
20.48015594	0.00126852
20.49207687	0.00144075
20.50399780	0.00165734
20.51591873	0.00156524
20.52783966	0.00143925
20.53976059	0.00130308
20.55168152	0.00084379
20.56360245	0.00142121
20.57552338	0.00210973
20.58744431	0.00231893
20.59936523	0.00293820
20.61128616	0.00274462
20.62320709	0.00419426
20.63512802	0.01197262
20.64704895	0.01620694
20.65896988	0.01802219
20.67089081	0.01842856
20.68281174	0.01287331
20.69473267	0.00720807
20.70665359	0.00489154
20.71857452	0.00230768
20.73049545	0.00122158
20.74241638	0.00172038
20.75433731	0.00148562
20.76625824	0.00120389
20.77817917	0.00080930
20.79010010	0.00067509
20.80202103	0.00135152
20.81394196	0.00175739
20.82586288	0.00182060
20.83778381	0.00163745
20.84970474	0.00112349
20.86162567	0.00058855
20.87354660	0.00111562
20.88546753	0.00149602
20.89738846	0.00156540
20.90930939	0.00162212
20.92123032	0.00156498
20.93315125	0.00140199
20.94507217	0.00203126
20.95699310	0.00392962
20.96891403	0.01244435
20.98083496	0.02547781
20.99275589	0.03005371
21.00467682	0.02923503
21.01659775	0.02553086
21.02851868	0.01321545
21.04043961	0.00239761
21.05236053	0.00088198
21.06428146	0.00067913
21.07620239	0.00082886
21.08812332	0.00081832
21.10004425	0.00061748
21.11196518	0.00058688
21.12388611	0.00053813
21.13580704	0.00053665
21.14772797	0.00032152
21.15964890	0.00013444
21.17156982	0.00022667
21.18349075	0.00026273
21.19541168	0.00024820
21.20733261	0.00022449
21.21925354	0.00038146
21.23117447	0.00038388
21.24309540	0.00024751
21.25501633	0.00069485
21.26693726	0.00094886
21.27885818	0.00078829
21.29077911	0.00116512
21.30270004	0.00183128
21.31462097	0.00325252
21.32654190	0.00512363
21.33846283	0.00511917
21.35038376	0.00442219
21.36230469	0.00362176
21.37422562	0.00182993
21.38614655	0.00134963
21.39806747	0.00168674
21.40998840	0.00140529
21.42190933	0.00123798
21.43383026	0.00125359
21.44575119	0.00092363
21.45767212	0.00045322
21.46959305	0.00032296
21.48151398	0.00078368
21.49343491	0.00095810
21.50535583	0.00083845
21.51727676	0.00087248
21.52919769	0.00168568
21.54111862	0.00214400
21.55303955	0.00190315
21.56496048	0.00117929
21.57688141	0.00056990
21.58880234	0.00138319
21.60072327	0.00283944
21.61264420	0.00268846
21.62456512	0.00526674
21.63648605	0.01283476
21.64840698	0.01647477
21.66032791	0.01848929
21.67224884	0.01849930
21.68416977	0.01241694
21.69609070	0.00705893
21.70801163	0.00484462
21.71993256	0.00269743
21.73185349	0.00239320
21.74377441	0.00229882
21.75569534	0.00189665
21.76761627	0.00224087
21.77953720	0.00212284
21.79145813	0.00149061
21.80337906	0.00140361
21.81529999	0.00132406
21.82722092	0.00100629
21.83914185	0.00106283
21.85106277	0.00095223
21.86298370	0.00126055
21.87490463	0.00179179
21.88682556	0.00201626
21.89874649	0.00190126
21.91066742	0.00196285
21.92258835	0.00192525
21.93450928	0.00157011
21.94643021	0.00282730
21.95835114	0.00686255
21.97027206	0.02303674
21.98219299	0.04420042
21.99411392	0.05004687
22.00603485	0.04856915
22.01795578	0.04085912
22.02987671	0.01895065
22.04179764	0.00188935
22.05371857	0.00230519
22.06563950	0.00203317
22.07756042	0.00171997
22.08948135	0.00118743
22.10140228	0.00091520
22.11332321	0.00082532
22.12524414	0.00072923
22.13716507	0.00056088
22.14908600	0.00037731
22.16100693	0.00016733
22.17292786	0.00065397
22.18484879	0.00098400
22.19676971	0.00089205
22.20869064	0.00060100
22.22061157	0.00031806
22.23253250	0.00011069
22.24445343	0.00065949
22.25637436	0.00107220
22.26829529	0.00112228
22.28021622	0.00081840
22.29213715	0.00031272
22.30405807	0.00018820
22.31597900	0.00076310
22.32789993	0.00104272
22.33982086	0.00078244
22.35174179	0.00058786
22.36366272	0.00036764
22.37558365	0.00012843
22.38750458	0.00013076
22.39942551	0.00038437
22.41134644	0.00063606
22.42326736	0.00060121
22.43518829	0.00063959
22.44710922	0.00074343
22.45903015	0.00054344
22.47095108	0.00051919
22.48287201	0.00081165
22.49479294	0.00095015
22.50671387	0.00090689
22.51863480	0.00068033
22.53055573	0.00048650
22.54247665	0.00045295
22.55439758	0.00012653
22.56631851	0.00061488
22.57823944	0.00084978
22.59016037	0.00093086
22.60208130	0.00161646
22.61400223	0.00165976
22.62592316	0.00470435
22.63784409	0.01007335
22.64976501	0.01233896
22.66168594	0.01388021
22.67360687	0.01370416
22.68552780	0.00895462
22.69744873	0.00521416
22.70936966	0.00353139
22.72129059	0.00185517
22.73321152	0.00203469
22.74513245	0.00212496
22.75705338	0.00163390
22.76897430	0.00132818
22.78089523	0.00098562
22.79281616	0.00123110
22.80473709	0.00175579
22.81665802	0.00174643
22.82857895	0.00112132
22.84049988	0.00071854
22.85242081	0.00110482
22.86434174	0.00153706
22.87626266	0.00206266
22.88818359	0.00190555
22.90010452	0.00146919
22.91202545	0.00187571
22.92394638	0.00197502
22.93586731	0.00225037
22.94778824	0.00396233
22.95970917	0.00918263
22.97163010	0.02946213
22.98355103	0.05316573
22.99547195	0.05842139
23.00739288	0.05667985
23.01931381	0.04596183
23.03123474	0.01962747
23.04315567	0.00267352
23.05507660	0.00283259
23.06699753	0.00146074
23.07891846	0.00132329
23.09083939	0.00129642
23.10276031	0.00110359
23.11468124	0.00127306
23.12660217	0.00104171
23.13852310	0.00121804
23.15044403	0.00170946
23.16236496	0.00187775
23.17428589	0.00181494
23.18620682	0.00152532
23.19812775	0.00095130
23.21004868	0.00060146
23.22196960	0.00095937
23.23389053	0.00112854
23.24581146	0.00106511
23.25773239	0.00141806
23.26965332	0.00119460
23.28157425	0.00141717
23.29349518	0.00319129
23.30541611	0.00440731
23.31733704	0.00602873
23.32925797	0.00717921
23.34117889	0.00607876
23.35309982	0.00485750
23.36502075	0.00349870
23.37694168	0.00165008
23.38886261	0.00139352
23.40078354	0.00110148
23.41270447	0.00032199
23.42462540	0.00048620
23.43654633	0.00068604
23.44846725	0.00082896
23.46038818	0.00087463
23.47230911	0.00064522
23.48423004	0.00041119
23.49615097	0.00044276
23.50807190	0.00066991
23.51999283	0.00083821
23.53191376	0.00092900
23.54383469	0.00089199
23.55575562	0.00068733
23.56767654	0.00054210
23.57959747	0.00050397
23.59151840	0.00037669
23.60343933	0.00066624
23.61536026	0.00070280
23.62728119	0.00242258
23.63920212	0.00489697
23.65112305	0.00591320
23.66304398	0.00666547
23.67496490	0.00634582
23.68688583	0.00417942
23.69880676	0.00283940
23.71072769	0.00219353
23.72264862	0.00126693
23.73456955	0.00069232
23.74649048	0.00029202
23.75841141	0.00043480
23.77033234	0.00105560
23.78225327	0.00140322
23.79417419	0.00136597
23.80609512	0.00105851
23.81801605	0.00075511
23.82993698	0.00090137
23.84185791	0.00107770
23.85377884	0.00078525
23.86569977	0.00012217
23.87762070	0.00091193
23.88954163	0.00137353
23.90146255	0.00162142
23.91338348	0.00199383
23.92530441	0.00183880
23.93722534	0.00206331
23.94914627	0.00379678
23.96106720	0.00984693
23.97298813	0.03031199
23.98490906	0.05051791
23.99682999	0.05357007
24.00875092	0.05170505
24.02067184	0.03999713
24.03259277	0.01559795
24.04451370	0.00228258
24.05643463	0.00199660
24.06835556	0.00114722
24.08027649	0.00188672
24.09219742	0.00172956
24.10411835	0.00156208
24.11603928	0.00175389
24.12796021	0.00168389
24.13988113	0.00151416
24.15180206	0.00117980
24.16372299	0.00087763
24.17564392	0.00049562
24.18756485	0.00072556
24.19948578	0.00109381
24.21140671	0.00168067
24.22332764	0.00201077
24.23524857	0.00158511
24.24716949	0.00130724
24.25909042	0.00212853
24.27101135	0.00247128
24.28293228	0.00384386
24.29485321	0.00633367
24.30677414	0.00801084
24.31869507	0.01084898
24.33061600	0.01228730
24.34253693	0.00992902
24.35445786	0.00788054
24.36637878	0.00551421
24.37829971	0.00224725
24.39022064	0.00242535
24.40214157	0.00205993
24.41406250	0.00110779
24.42598343	0.00079493
24.43790436	0.00031777
24.44982529	0.00076225
24.46174622	0.00139865
24.47366714	0.00176138
24.48558807	0.00178805
24.49750900	0.00153710
24.50942993	0.00108071
24.52135086	0.00052225
24.53327179	0.00004178
24.54519272	0.00033778
24.55711365	0.00056487
24.56903458	0.00069340
24.58095551	0.00070303
24.59287643	0.00089724
24.60479736	0.00108173
24.61671829	0.00105138
24.62863922	0.00169212
24.64056015	0.00254321
24.65248108	0.00288148
24.66440201	0.00286882
24.67632294	0.00210778
24.68824387	0.00073273
24.70016479	0.00054047
24.71208572	0.00078005
24.72400665	0.00062440
24.73592758	0.00039247
24.74784851	0.00040017
24.75976944	0.00066853
24.77169037	0.00080881
24.78361130	0.00079828
24.79553223	0.00081911
24.80745316	0.00068228
24.81937408	0.00048883
24.83129501	0.00058905
24.84321594	0.00055915
24.85513687	0.00032916
24.86705780	0.00045776
24.87897873	0.00084939
24.89089966	0.00118198
24.90282059	0.00151220
24.91474152	0.00177594
24.92666245	0.00142872
24.93858337	0.00138710
24.95050430	0.00291346
24.96242523	0.00808868
24.97434616	0.02349000
24.98626709	0.03664018
24.99818802	0.03772257
25.01010895	0.03572729
25.02202988	0.02592032
25.03395081	0.00874710
25.04587173	0.00242176
25.05779266	0.00221977
25.06971359	0.00155716
25.08163452	0.00188044
25.09355545	0.00165158
25.10547638	0.00123364
25.11739731	0.00108211
25.12931824	0.00082945
25.14123917	0.00141831
25.15316010	0.00188129
25.16508102	0.00187187
25.17700195	0.00130877
25.18892288	0.00137155
25.20084381	0.00165751
25.21276474	0.00140132
25.22468567	0.00128386
25.23660660	0.00096993
25.24852753	0.00099663
25.26044846	0.00173225
25.27236938	0.00210319
25.28429031	0.00422658
25.29621124	0.00654502
25.30813217	0.00815220
25.32005310	0.01166169
25.33197403	0.01349640
25.34389496	0.01148529
25.35581589	0.00966856
25.36773682	0.00640333
25.37965775	0.00214675
25.39157867	0.00241355
25.40349960	0.00212181
25.41542053	0.00131466
25.42734146	0.00127502
25.43926239	0.00095835
25.45118332	0.00099036
25.46310425	0.00123333
25.47502518	0.00121042
25.48694611	0.00122070
25.49886703	0.00124351
25.51078796	0.00127073
25.52270889	0.00124611
25.53462982	0.00113719
25.54655075	0.00060765
25.55847168	0.00030193
25.57039261	0.00106607
25.58231354	0.00146753
25.59423447	0.00193100
25.60615540	0.00216512
25.61807632	0.00144646
25.62999725	0.00562444
25.64191818	0.00977785
25.65383911	0.01118675
25.66576004	0.01209412
25.67768097	0.01013649
25.68960190	0.00548358
25.70152283	0.00294864
25.71344376	0.00211189
25.72536469	0.00215412
25.73728561	0.00224036
25.74920654	0.00147472
25.76112747	0.00051233
25.77304840	0.00023685
25.78496933	0.00039657
25.79689026	0.00011571
25.80881119	0.00057267
25.82073212	0.00092883
25.83265305	0.00103416
25.84457397	0.00087240
25.85649490	0.00071770
25.86841583	0.00067765
25.88033676	0.00068889
25.89225769	0.00070366
25.90417862	0.00053718
25.91609955	0.00035853
25.92802048	0.00049926
25.93994141	0.00090913
25.95186234	0.00127997
25.96378326	0.00358192
25.97570419	0.01027956
25.98762512	0.01515993
25.99954605	0.01542528
26.01146698	0.01461362
26.02338791	0.01005272
26.03530884	0.00315487
26.04722977	0.00136402
26.05915070	0.00097405
26.07107162	0.00062890
26.08299255	0.00091585
26.09491348	0.00085747
26.10683441	0.00082004
26.11875534	0.00125924
26.13067627	0.00156499
26.14259720	0.00110392
26.15451813	0.00045654
26.16643906	0.00062888
26.17835999	0.00114681
26.19028091	0.00128904
26.20220184	0.00108846
26.21412277	0.00102352
26.22604370	0.00105982
26.23796463	0.00059522
26.24988556	0.00074370
26.26180649	0.00191634
26.27372742	0.00234665
26.28564835	0.00428629
26.29756927	0.00639387
26.30949020	0.00831928
26.32141113	0.01192026
26.33333206	0.01302568
26.34525299	0.01073434
26.35717392	0.00858229
26.36909485	0.00502172
26.38101578	0.00208293
26.39293671	0.00286137
26.40485764	0.00210456
26.41677856	0.00134359
26.42869949	0.00146468
26.44062042	0.00125416
26.45254135	0.00116092
26.46446228	0.00098474
26.47638321	0.00095103
26.48830414	0.00142330
26.50022507	0.00190391
26.51214600	0.00177538
26.52406693	0.00162663
26.53598785	0.00184536
26.54790878	0.00177024
26.55982971	0.00152138
26.57175064	0.00116323
26.58367157	0.00069113
26.59559250	0.00193513
26.60751343	0.00277370
26.61943436	0.00257791
26.63135529	0.00909679
26.64327621	0.01473856
26.65519714	0.01672707
26.66711807	0.01807112
26.67903900	0.01444607
26.69095993	0.00773797
26.70288086	0.00468208
26.71480179	0.00257837
26.72672272	0.00093692
26.73864365	0.00156338
26.75056458	0.00146391
26.76248550	0.00140423
26.77440643	0.00148951
26.78632736	0.00163381
26.79824829	0.00192640
26.81016922	0.00197700
26.82209015	0.00140735
26.83401108	0.00051092
26.84593201	0.00045217
26.85785294	0.00079056
26.86977386	0.00115224
26.88169479	0.00149142
26.89361572	0.00134870
26.90553665	0.00114805
26.91745758	0.00122064
26.92937851	0.00110107
26.94129944	0.00100465
26.95322037	0.00105314
26.96514130	0.00266457
26.97706223	0.00646104
26.98898315	0.00866308
27.00090408	0.00837560
27.01282501	0.00771677
27.02474594	0.00488372
27.03666687	0.00129314
27.04858780	0.00089460
27.06050873	0.00083558
27.07242966	0.00061050
27.08435059	0.00052155
27.09627151	0.00048624
27.10819244	0.00048977
27.12011337	0.00065668
27.13203430	0.00076482
27.14395523	0.00060371
27.15587616	0.00034235
27.16779709	0.00023826
27.17971802	0.00025684
27.19163895	0.00032596
27.20355988	0.00015497
27.21548080	0.00064383
27.22740173	0.00106087
27.23932266	0.00118828
27.25124359	0.00155281
27.26316452	0.00175924
27.27508545	0.00131649
27.28700638	0.00225621
27.29892731	0.00386998
27.31084824	0.00549553
27.32276917	0.00822684
27.33469009	0.00885282
27.34661102	0.00756281
27.35853195	0.00656306
27.37045288	0.00409038
27.38237381	0.00133410
27.39429474	0.00092015
27.40621567	0.00098345
27.41813660	0.00149135
27.43005753	0.00165806
27.44197845	0.00125209
27.45389938	0.00059746
27.46582031	0.00050133
27.47774124	0.00072447
27.48966217	0.00132858
27.50158310	0.00167673
27.51350403	0.00142481
27.52542496	0.00120540
27.53734589	0.00113514
27.54926682	0.00095903
27.56118774	0.00141151
27.57310867	0.00212966
27.58502960	0.00199777
27.59695053	0.00236738
27.60887146	0.00288075
27.62079239	0.00384311
27.63271332	0.01134837
27.64463425	0.01646342
27.65655518	0.01819355
27.66847610	0.01938014
27.68039703	0.01465893
27.69231796	0.00808759
27.70423889	0.00536564
27.71615982	0.00321541
27.72808075	0.00186073
27.74000168	0.00181570
27.75192261	0.00187277
27.76384354	0.00239184
27.77576447	0.00237835
27.78768539	0.00149191
27.79960632	0.00019943
27.81152725	0.00077399
27.82344818	0.00122828
27.83536911	0.00133975
27.84729004	0.00111416
27.85921097	0.00051532
27.87113190	0.00079094
27.88305283	0.00118830
27.89497375	0.00112288
27.90689468	0.00117627
27.91881561	0.00100200
27.93073654	0.00084350
27.94265747	0.00181894
27.95457840	0.00347915
27.96649933	0.00984910
27.97842026	0.02272047
27.99034119	0.02957700
28.00226212	0.02925871
28.01418304	0.02669275
28.02610397	0.01597749
28.03802490	0.00367030
28.04994583	0.00158142
28.06186676	0.00110536
28.07378769	0.00081038
28.08570862	0.00093358
28.09762955	0.00067649
28.10955048	0.00013582
28.12147141	0.00032189
28.13339233	0.00069961
28.14531326	0.00094604
28.15723419	0.00108023
28.16915512	0.00113027
28.18107605	0.00096902
28.19299698	0.00066730
28.20491791	0.00029338
28.21683884	0.00010490
28.22875977	0.00010365
28.24068069	0.00021016
28.25260162	0.00015464
28.26452255	0.00021666
28.27644348	0.00064568
28.28836441	0.00155514
28.30028534	0.00229933
28.31220627	0.00282661
28.32412720	0.00344287
28.33604813	0.00335058
28.34796906	0.00275654
28.35988998	0.00205279
28.37181091	0.00079263
28.38373184	0.00096655
28.39565277	0.00146900
28.40757370	0.00121294
28.41949463	0.00074449
28.43141556	0.00098341
28.44333649	0.00133914
28.45525742	0.00130597
28.46717834	0.00112051
28.47909927	0.00091545
28.49102020	0.00058029
28.50294113	0.00053833
28.51486206	0.00014455
28.52678299	0.00075495
28.53870392	0.00131669
28.55062485	0.00135476
28.56254578	0.00124522
28.57446671	0.00094003
28.58638763	0.00084769
28.59830856	0.00206435
28.61022949	0.00246877
28.62215042	0.00368874
28.63407135	0.01118438
28.64599228	0.01584886
28.65791321	0.01778017
28.66983414	0.01872258
28.68175507	0.01364238
28.69367599	0.00742636
28.70559692	0.00508885
28.71751785	0.00312442
28.72943878	0.00171288
28.74135971	0.00127752
28.75328064	0.00074106
28.76520157	0.00151364
28.77712250	0.00154976
28.78904343	0.00098718
28.80096436	0.00091411
28.81288528	0.00121439
28.82480621	0.00101584
28.83672714	0.00068712
28.84864807	0.00112062
28.86056900	0.00149315
28.87248993	0.00176078
28.88441086	0.00176406
28.89633179	0.00172953
28.90825272	0.00234880
28.92017365	0.00242399
28.93209457	0.00210956
28.94401550	0.00330748
28.95593643	0.00568694
28.96785736	0.01617257
28.97977829	0.03437500
28.99169922	0.04182249
29.00362015	0.04063177
29.01554108	0.03637586
29.02746201	0.02023399
29.03938293	0.00433132
29.05130386	0.00209353
29.06322479	0.00110555
29.07514572	0.00125861
29.08706665	0.00153441
29.09898758	0.00124399
29.11090851	0.00149814
29.12282944	0.00162786
29.13475037	0.00141045
29.14667130	0.00110315
29.15859222	0.00074658
29.17051315	0.00054314
29.18243408	0.00073215
29.19435501	0.00081496
29.20627594	0.00061689
29.21819687	0.00066409
29.23011780	0.00087113
29.24203873	0.00089545
29.25395966	0.00060033
29.26588058	0.00031917
29.27780151	0.00076305
29.28972244	0.00182409
29.30164337	0.00235554
29.31356430	0.00283956
29.32548523	0.00329217
29.33740616	0.00267233
29.34932709	0.00183233
29.36124802	0.00118781
29.37316895	0.00018654
29.38508987	0.00079925
29.39701080	0.00095356
29.40893173	0.00074348
29.42085266	0.00065033
29.43277359	0.00066417
29.44469452	0.00048153
29.45661545	0.00031461
29.46853638	0.00016614
29.48045731	0.00036936
29.49237823	0.00070593
29.50429916	0.00075348
29.51622009	0.00081448
29.52814102	0.00073563
29.54006195	0.00056588
29.55198288	0.00050193
29.56390381	0.00056402
29.57582474	0.00053827
29.58774567	0.00047233
29.59966660	0.00103157
29.61158752	0.00104615
29.62350845	0.00279338
29.63542938	0.00835584
29.64735031	0.01129292
29.65927124	0.01252035
29.67119217	0.01276990
29.68311310	0.00873025
29.69503403	0.00472821
29.70695496	0.00301666
29.71887589	0.00160685
29.73079681	0.00149581
29.74271774	0.00183292
29.75463867	0.00126647
29.76655960	0.00044103
29.77848053	0.00027938
29.79040146	0.00093589
29.80232239	0.00151793
29.81424332	0.00161991
29.82616425	0.00162607
29.83808517	0.00178151
29.85000610	0.00176457
29.86192703	0.00107551
29.87384796	0.00069374
29.88576889	0.00095963
29.89768982	0.00117845
29.90961075	0.00161632
29.92153168	0.00183976
29.93345261	0.00181122
29.94537354	0.00360330
29.95729446	0.00689343
29.96921539	0.01990948
29.98113632	0.03940297
29.99305725	0.04572280
30.00497818	0.04401301
30.01689911	0.03803563
30.02882004	0.01939685
30.04074097	0.00352583
30.05266190	0.00232741
30.06458282	0.00170265
30.07650375	0.00222584
30.08842468	0.00200910
30.10034561	0.00132689
30.11226654	0.00181647
30.12418747	0.00220865
30.13610840	0.00198107
30.14802933	0.00149536
30.15995026	0.00088405
30.17187119	0.00075429
30.18379211	0.00136208
30.19571304	0.00167517
30.20763397	0.00154952
30.21955490	0.00139230
30.23147583	0.00114337
30.24339676	0.00072563
30.25531769	0.00133243
30.26723862	0.00170295
30.27915955	0.00227616
30.29108047	0.00429259
30.30300140	0.00582581
30.31492233	0.00743546
30.32684326	0.00897993
30.33876419	0.00799816
30.35068512	0.00653944
30.36260605	0.00520283
30.37452698	0.00247848
30.38644791	0.00064442
30.39836884	0.00068300
30.41028976	0.00015112
30.42221069	0.00101391
30.43413162	0.00164366
30.44605255	0.00203454
30.45797348	0.00175710
30.46989441	0.00113384
30.48181534	0.00056522
30.49373627	0.00049029
30.50565720	0.00049966
30.51757813	0.00029237
30.52949905	0.00052793
30.54141998	0.00061695
30.55334091	0.00056925
30.56526184	0.00048832
30.57718277	0.00047591
30.58910370	0.00044277
30.60102463	0.00036372
30.61294556	0.00068054
30.62486649	0.00183108
30.63678741	0.00328062
30.64870834	0.00384099
30.66062927	0.00402678
30.67255020	0.00376043
30.68447113	0.00219132
30.69639206	0.00086217
30.70831299	0.00032273
30.72023392	0.00052263
30.73215485	0.00107153
30.74407578	0.00125251
30.75599670	0.00128432
30.76791763	0.00134067
30.77983856	0.00149976
30.79175949	0.00135199
30.80368042	0.00089592
30.81560135	0.00017024
30.82752228	0.00086610
30.83944321	0.00128827
30.85136414	0.00107323
30.86328506	0.00055649
30.87520599	0.00086843
30.88712692	0.00123879
30.89904785	0.00102940
30.91096878	0.00122878
30.92288971	0.00128577
30.93481064	0.00169131
30.94673157	0.00333984
30.95865250	0.00622469
30.97057343	0.01795045
30.98249435	0.03379444
30.99441528	0.03774295
31.00633621	0.03611268
31.01825714	0.02987362
31.03017807	0.01310929
31.04209900	0.00191062
31.05401993	0.00324297
31.06594086	0.00234650
31.07786179	0.00162657
31.08978271	0.00082183
31.10170364	0.00083707
31.11362457	0.00136794
31.12554550	0.00136882
31.13746643	0.00079863
31.14938736	0.00078016
31.16130829	0.00073468
31.17322922	0.00074532
31.18515015	0.00113319
31.19707108	0.00103970
31.20899200	0.00096198
31.22091293	0.00137370
31.23283386	0.00158044
31.24475479	0.00146057
31.25667572	0.00187928
31.26859665	0.00192272
31.28051758	0.00257761
31.29243851	0.00549026
31.30435944	0.00740589
31.31628036	0.01007997
31.32820129	0.01255034
31.34012222	0.01107512
31.35204315	0.00912237
31.36396408	0.00714398
31.37588501	0.00356286
31.38780594	0.00210976
31.39972687	0.00165776
31.41164780	0.00081978
31.42356873	0.00109106
31.43548965	0.00109339
31.44741058	0.00061058
31.45933151	0.00027640
31.47125244	0.00035535
31.48317337	0.00046127
31.49509430	0.00072373
31.50701523	0.00090676
31.51893616	0.00123334
31.53085709	0.00152282
31.54277802	0.00160557
31.55469894	0.00115868
31.56661987	0.00054050
31.57854080	0.00068584
31.59046173	0.00117018
31.60238266	0.00135834
31.61430359	0.00067555
31.62622452	0.00163503
31.63814545	0.00432303
31.65006638	0.00535075
31.66198730	0.00595499
31.67390823	0.00575754
31.68582916	0.00344108
31.69775009	0.00186604
31.70967102	0.00147605
31.72159195	0.00093632
31.73351288	0.00068466
31.74543381	0.00088349
31.75735474	0.00098732
31.76927567	0.00084096
31.78119659	0.00047195
31.79311752	0.00002302
31.80503845	0.00044403
31.81695938	0.00080264
31.82888031	0.00073699
31.84080124	0.00038819
31.85272217	0.00017509
31.86464310	0.00033089
31.87656403	0.00051657
31.88848495	0.00027578
31.90040588	0.00025045
31.91232681	0.00085506
31.92424774	0.00105717
31.93616867	0.00081122
31.94808960	0.00167672
31.96001053	0.00426152
31.97193146	0.01310191
31.98385239	0.02302109
31.99577332	0.02491506
32.00769424	0.02390135
32.01961517	0.01907714
32.03153610	0.00799474
32.04345703	0.00197646
32.05537796	0.00186634
32.06729889	0.00078486
32.07921982	0.00092213
32.09114075	0.00110703
32.10306168	0.00090557
32.11498260	0.00074344
32.12690353	0.00069574
32.13882446	0.00094011
32.15074539	0.00126395
32.16266632	0.00152866
32.17458725	0.00144581
32.18650818	0.00131126
32.19842911	0.00104257
32.21035004	0.00119559
32.22227097	0.00173235
32.23419189	0.00151634
32.24611282	0.00088560
32.25803375	0.00168142
32.26995468	0.00202543
32.28187561	0.00327479
32.29379654	0.00614632
32.30571747	0.00795545
32.31763840	0.01091673
32.32955933	0.01338343
32.34148026	0.01158199
32.35340118	0.00942627
32.36532211	0.00706843
32.37724304	0.00358163
32.38916397	0.00337212
32.40108490	0.00298580
32.41300583	0.00184769
32.42492676	0.00142468
32.43684769	0.00090460
32.44876862	0.00068081
32.46068954	0.00131165
32.47261047	0.00135981
32.48453140	0.00099691
32.49645233	0.00074787
32.50837326	0.00097212
32.52029419	0.00142212
32.53221512	0.00169253
32.54413605	0.00140445
32.55605698	0.00098585
32.56797791	0.00074949
32.57989883	0.00060593
32.59181976	0.00136934
32.60374069	0.00234662
32.61566162	0.00193159
32.62758255	0.00580541
32.63950348	0.01163789
32.65142441	0.01366081
32.66334534	0.01452410
32.67526627	0.01281198
32.68718719	0.00709685
32.69910812	0.00369917
32.71102905	0.00223699
32.72294998	0.00070824
32.73487091	0.00107343
32.74679184	0.00119281
32.75871277	0.00090450
32.77063370	0.00072714
32.78255463	0.00027415
32.79447556	0.00039887
32.80639648	0.00071802
32.81831741	0.00092515
32.83023834	0.00111325
32.84215927	0.00104706
32.85408020	0.00082558
32.86600113	0.00043526
32.87792206	0.00002951
32.88984299	0.00032034
32.90176392	0.00046557
32.91368484	0.00048038
32.92560577	0.00056527
32.93752670	0.00054873
32.94944763	0.00046702
32.96136856	0.00118893
32.97328949	0.00349479
32.98521042	0.00551609
32.99713135	0.00571927
33.00905228	0.00524701
33.02097321	0.00359485
33.03289413	0.00083125
33.04481506	0.00095873
33.05673599	0.00129246
33.06865692	0.00132640
33.08057785	0.00136178
33.09249878	0.00144579
33.10441971	0.00124748
33.11634064	0.00090991
33.12826157	0.00049138
33.14018250	0.00097286
33.15210342	0.00168378
33.16402435	0.00181962
33.17594528	0.00132970
33.18786621	0.00058279
33.19978714	0.00046760
33.21170807	0.00065608
33.22362900	0.00049896
33.23554993	0.00088253
33.24747086	0.00212157
33.25939178	0.00316093
33.27131271	0.00291132
33.28323364	0.00326936
33.29515457	0.00550957
33.30707550	0.00717889
33.31899643	0.01011423
33.33091736	0.01164409
33.34283829	0.00963385
33.35475922	0.00764826
33.36668015	0.00489159
33.37860107	0.00126967
33.39052200	0.00196507
33.40244293	0.00209362
33.41436386	0.00173165
33.42628479	0.00172522
33.43820572	0.00139289
33.45012665	0.00071917
33.46204758	0.00061972
33.47396851	0.00094434
33.48588943	0.00162432
33.49781036	0.00222093
33.50973129	0.00217946
33.52165222	0.00160805
33.53357315	0.00102263
33.54549408	0.00063644
33.55741501	0.00135185
33.56933594	0.00190606
33.58125687	0.00145983
33.59317780	0.00146778
33.60509872	0.00316431
33.61701965	0.00302883
33.62894058	0.00844803
33.64086151	0.01587431
33.65278244	0.01857883
33.66470337	0.02043083
33.67662430	0.01760652
33.68854523	0.00961629
33.70046616	0.00525648
33.71238708	0.00327598
33.72430801	0.00153532
33.73622894	0.00212326
33.74814987	0.00211618
33.76007080	0.00172915
33.77199173	0.00134587
33.78391266	0.00095785
33.79583359	0.00115784
33.80775452	0.00142875
33.81967545	0.00114339
33.83159637	0.00054001
33.84351730	0.00024472
33.85543823	0.00058097
33.86735916	0.00091921
33.87928009	0.00099078
33.89120102	0.00076061
33.90312195	0.00065903
33.91504288	0.00061399
33.92696381	0.00050984
33.93888474	0.00085653
33.95080566	0.00154551
33.96272659	0.00356565
33.97464752	0.00900994
33.98656845	0.01337333
33.99848938	0.01345545
34.01041031	0.01254751
34.02233124	0.00896484
34.03425217	0.00295531
34.04617310	0.00047571
34.05809402	0.00066624
34.07001495	0.00034137
34.08193588	0.00017275
34.09385681	0.00032238
34.10577774	0.00052579
34.11769867	0.00036915
34.12961960	0.00034090
34.14154053	0.00050466
34.15346146	0.00066026
34.16538239	0.00059536
34.17730331	0.00028849
34.18922424	0.00026383
34.20114517	0.00045735
34.21306610	0.00086044
34.22498703	0.00128825
34.23690796	0.00140681
34.24882889	0.00094724
34.26074982	0.00037151
34.27267075	0.00041806
34.28459167	0.00198938
34.29651260	0.00338804
34.30843353	0.00440571
34.32035446	0.00653722
34.33227539	0.00754493
34.34419632	0.00632376
34.35611725	0.00512860
34.36803818	0.00318323
34.37995911	0.00096867
34.39188004	0.00146955
34.40380096	0.00152903
34.41572189	0.00159480
34.42764282	0.00160545
34.43956375	0.00135034
34.45148468	0.00120677
34.46340561	0.00132862
34.47532654	0.00099605
34.48724747	0.00067372
34.49916840	0.00103543
34.51108932	0.00110428
34.52301025	0.00066457
34.53493118	0.00051718
34.54685211	0.00087219
34.55877304	0.00159161
34.57069397	0.00216703
34.58261490	0.00176428
34.59453583	0.00133154
34.60645676	0.00201190
34.61837769	0.00372524
34.63029861	0.01212073
34.64221954	0.01911793
34.65414047	0.02122016
34.66606140	0.02270675
34.67798233	0.01846659
34.68990326	0.00967442
34.70182419	0.00528078
34.71374512	0.00284018
34.72566605	0.00135373
34.73758698	0.00214165
34.74950790	0.00211418
34.76142883	0.00215068
34.77334976	0.00222179
34.78527069	0.00145634
34.79719162	0.00082407
34.80911255	0.00117089
34.82103348	0.00135477
34.83295441	0.00132052
34.84487534	0.00139063
34.85679626	0.00097669
34.86871719	0.00021999
34.88063812	0.00069786
34.89255905	0.00119235
34.90447998	0.00187303
34.91640091	0.00227801
34.92832184	0.00227254
34.94024277	0.00255715
34.95216370	0.00378463
34.96408463	0.00820014
34.97600555	0.01935860
34.98792648	0.02699445
34.99984741	0.02661645
35.01176834	0.02481030
35.02368927	0.01653355
35.03561020	0.00452134
35.04753113	0.00135150
35.05945206	0.00121596
35.07137299	0.00143662
35.08329391	0.00165085
35.09521484	0.00111184
35.10713577	0.00042854
35.11905670	0.00033890
35.13097763	0.00045555
35.14289856	0.00071873
35.15481949	0.00068413
35.16674042	0.00061399
35.17866135	0.00060932
35.19058228	0.00050958
35.20250320	0.00056611
35.21442413	0.00065301
35.22634506	0.00056763
35.23826599	0.00044983
35.25018692	0.00012852
35.26210785	0.00030309
35.27402878	0.00038552
35.28594971	0.00025429
35.29787064	0.00021267
35.30979156	0.00074049
35.32171249	0.00131013
35.33363342	0.00161316
35.34555435	0.00145712
35.35747528	0.00121841
35.36939621	0.00081013
35.38131714	0.00028282
35.39323807	0.00030676
35.40515900	0.00020904
35.41707993	0.00031746
35.42900085	0.00052445
35.44092178	0.00070156
35.45284271	0.00064584
35.46476364	0.00084563
35.47668457	0.00074675
35.48860550	0.00066144
35.50052643	0.00076901
35.51244736	0.00075530
35.52436829	0.00093760
35.53628922	0.00104101
35.54821014	0.00121903
35.56013107	0.00164682
35.57205200	0.00191318
35.58397293	0.00162668
35.59589386	0.00165937
35.60781479	0.00195073
35.61973572	0.00284782
35.63165665	0.01048120
35.64357758	0.01637399
35.65549850	0.01822866
35.66741943	0.01907136
35.67934036	0.01446344
35.69126129	0.00722847
35.70318222	0.00416020
35.71510315	0.00241593
35.72702408	0.00156719
35.73894501	0.00200079
35.75086594	0.00140712
35.76278687	0.00068452
35.77470779	0.00112242
35.78662872	0.00109131
35.79854965	0.00103525
35.81047058	0.00107746
35.82239151	0.00083379
35.83431244	0.00119868
35.84623337	0.00160628
35.85815430	0.00162538
35.87007523	0.00149089
35.88199615	0.00148102
35.89391708	0.00175348
35.90583801	0.00199379
35.91775894	0.00214658
35.92967987	0.00169146
35.94160080	0.00315740
35.95352173	0.00562937
35.96544266	0.01238551
35.97736359	0.02760655
35.98928452	0.03654985
36.00120544	0.03566828
36.01312637	0.03275603
36.02504730	0.02060168
36.03696823	0.00486372
36.04888916	0.00239666
36.06081009	0.00248300
36.07273102	0.00208868
36.08465195	0.00152979
36.09657288	0.00097857
36.10849380	0.00156725
36.12041473	0.00158282
36.13233566	0.00091030
36.14425659	0.00116141
36.15617752	0.00198081
36.16809845	0.00199537
36.18001938	0.00149389
36.19194031	0.00089956
36.20386124	0.00020000
36.21578217	0.00065982
36.22770309	0.00092109
36.23962402	0.00073701
36.25154495	0.00082796
36.26346588	0.00129459
36.27538681	0.00138877
36.28730774	0.00232577
36.29922867	0.00315951
36.31114960	0.00387304
36.32307053	0.00500321
36.33499146	0.00489426
36.34691238	0.00387068
36.35883331	0.00319174
36.37075424	0.00197782
36.38267517	0.00057630
36.39459610	0.00046114
36.40651703	0.00037504
36.41843796	0.00055442
36.43035889	0.00043959
36.44227982	0.00019968
36.45420074	0.00018655
36.46612167	0.00027451
36.47804260	0.00039540
36.48996353	0.00056324
36.50188446	0.00062186
36.51380539	0.00055417
36.52572632	0.00061533
36.53764725	0.00086065
36.54956818	0.00099231
36.56148911	0.00091302
36.57341003	0.00060056
36.58533096	0.00018310
36.59725189	0.00122332
36.60917282	0.00163786
36.62109375	0.00231445
36.63301468	0.00687754
36.64493561	0.00994035
36.65685654	0.01084978
36.66877747	0.01118346
36.68069839	0.00804861
36.69261932	0.00390739
36.70454025	0.00241691
36.71646118	0.00162368
36.72838211	0.00122915
36.74030304	0.00118390
36.75222397	0.00084224
36.76414490	0.00117057
36.77606583	0.00162894
36.78798676	0.00131920
36.79990768	0.00059288
36.81182861	0.00082695
36.82374954	0.00141187
36.83567047	0.00155719
36.84759140	0.00137377
36.85951233	0.00123939
36.87143326	0.00165873
36.88335419	0.00201261
36.89527512	0.00155305
36.90719604	0.00147554
36.91911697	0.00208898
36.93103790	0.00217915
36.94295883	0.00327482
36.95487976	0.00514891
36.96680069	0.01282983
36.97872162	0.02831885
36.99064255	0.03566811
37.00256348	0.03433025
37.01448441	0.03080100
37.02640533	0.01761267
37.03832626	0.00379706
37.05024719	0.00348586
37.06216812	0.00237549
37.07408905	0.00225023
37.08600998	0.00254550
37.09793091	0.00187435
37.10985184	0.00111008
37.12177277	0.00075439
37.13369370	0.00053515
37.14561462	0.00045946
37.15753555	0.00080466
37.16945648	0.00091550
37.18137741	0.00130432
37.19329834	0.00148432
37.20521927	0.00119514
37.21714020	0.00102666
37.22906113	0.00100442
37.24098206	0.00107642
37.25290298	0.00171844
37.26482391	0.00192235
37.27674484	0.00164042
37.28866577	0.00415757
37.30058670	0.00617711
37.31250763	0.00788068
37.32442856	0.00998682
37.33634949	0.00908716
37.34827042	0.00672572
37.36019135	0.00522800
37.37211227	0.00277569
37.38403320	0.00167662
37.39595413	0.00185423
37.40787506	0.00151331
37.41979599	0.00136567
37.43171692	0.00115585
37.44363785	0.00063807
37.45555878	0.00049819
37.46747971	0.00064909
37.47940063	0.00054144
37.49132156	0.00072586
37.50324249	0.00098932
37.51516342	0.00096308
37.52708435	0.00093550
37.53900528	0.00105174
37.55092621	0.00117036
37.56284714	0.00117123
37.57476807	0.00090558
37.58668900	0.00046164
37.59860992	0.00010724
37.61053085	0.00030718
37.62245178	0.00041050
37.63437271	0.00050397
37.64629364	0.00085314
37.65821457	0.00119933
37.67013550	0.00160662
37.68205643	0.00155911
37.69397736	0.00116942
37.70589828	0.00090691
37.71781921	0.00055091
37.72974014	0.00063409
37.74166107	0.00109229
37.75358200	0.00117236
37.76550293	0.00084356
37.77742386	0.00043413
37.78934479	0.00031033
37.80126572	0.00045938
37.81318665	0.00034965
37.82510757	0.00044473
37.83702850	0.00088578
37.84894943	0.00139916
37.86087036	0.00163540
37.87279129	0.00156202
37.88471222	0.00131161
37.89663315	0.00053062
37.90855408	0.00070880
37.92047501	0.00146488
37.93239594	0.00152439
37.94431686	0.00259254
37.95623779	0.00442163
37.96815872	0.01167634
37.98007965	0.02417376
37.99200058	0.02889780
38.00392151	0.02746880
38.01584244	0.02384443
38.02776337	0.01265038
38.03968430	0.00299729
38.05160522	0.00281702
38.06352615	0.00148962
38.07544708	0.00134966
38.08736801	0.00182640
38.09928894	0.00128523
38.11120987	0.00060371
38.12313080	0.00049581
38.13505173	0.00096724
38.14697266	0.00133062
38.15889359	0.00143656
38.17081451	0.00146126
38.18273544	0.00142236
38.19465637	0.00102476
38.20657730	0.00085618
38.21849823	0.00191443
38.23041916	0.00238634
38.24234009	0.00192391
38.25426102	0.00194621
38.26618195	0.00235682
38.27810287	0.00254061
38.29002380	0.00538650
38.30194473	0.00793561
38.31386566	0.01079234
38.32578659	0.01394712
38.33770752	0.01283634
38.34962845	0.01010127
38.36154938	0.00780286
38.37347031	0.00354407
38.38539124	0.00083626
38.39731216	0.00181381
38.40923309	0.00164915
38.42115402	0.00159943
38.43307495	0.00151974
38.44499588	0.00107285
38.45691681	0.00085048
38.46883774	0.00088326
38.48075867	0.00104414
38.49267960	0.00092373
38.50460052	0.00077236
38.51652145	0.00151949
38.52844238	0.00234639
38.54036331	0.00242218
38.55228424	0.00201175
38.56420517	0.00175563
38.57612610	0.00149524
38.58804703	0.00092753
38.59996796	0.00142276
38.61188889	0.00183766
38.62380981	0.00299450
38.63573074	0.00721494
38.64765167	0.00955787
38.65957260	0.01053719
38.67149353	0.01032864
38.68341446	0.00662750
38.69533539	0.00308811
38.70725632	0.00185303
38.71917725	0.00074841
38.73109818	0.00038794
38.74301910	0.00090197
38.75494003	0.00075149
38.76686096	0.00047091
38.77878189	0.00018603
38.79070282	0.00009598
38.80262375	0.00024277
38.81454468	0.00013308
38.82646561	0.00035507
38.83838654	0.00038688
38.85030746	0.00041576
38.86222839	0.00052398
38.87414932	0.00030545
38.88607025	0.00022426
38.89799118	0.00029306
38.90991211	0.00056656
38.92183304	0.00051879
38.93375397	0.00035029
38.94567490	0.00088369
38.95759583	0.00188269
38.96951675	0.00625292
38.98143768	0.01307237
38.99335861	0.01539065
39.00527954	0.01506441
39.01720047	0.01331986
39.02912140	0.00719986
39.04104233	0.00175750
39.05296326	0.00055170
39.06488419	0.00044623
39.07680511	0.00109739
39.08872604	0.00134778
39.10064697	0.00124700
39.11256790	0.00123882
39.12448883	0.00132157
39.13640976	0.00105709
39.14833069	0.00079125
39.16025162	0.00042508
39.17217255	0.00021366
39.18409348	0.00097670
39.19601440	0.00153448
39.20793533	0.00156082
39.21985626	0.00133020
39.23177719	0.00106747
39.24369812	0.00115545
39.25561905	0.00211060
39.26753998	0.00204116
39.27946091	0.00175174
39.29138184	0.00511201
39.30330276	0.00737474
39.31522369	0.00990406
39.32714462	0.01270018
39.33906555	0.01133959
39.35098648	0.00888272
39.36290741	0.00680148
39.37482834	0.00352607
39.38674927	0.00269460
39.39867020	0.00224819
39.41059113	0.00083755
39.42251205	0.00055864
39.43443298	0.00094890
39.44635391	0.00132419
39.45827484	0.00179676
39.47019577	0.00176845
39.48211670	0.00115172
39.49403763	0.00042520
39.50595856	0.00020117
39.51787949	0.00079395
39.52980042	0.00129103
39.54172134	0.00143818
39.55364227	0.00124124
39.56556320	0.00120501
39.57748413	0.00101450
39.58940506	0.00108622
39.60132599	0.00229057
39.61324692	0.00233988
39.62516785	0.00610346
39.63708878	0.01421570
39.64900970	0.01797903
39.66093063	0.01949971
39.67285156	0.01855278
39.68477249	0.01130829
39.69669342	0.00509450
39.70861435	0.00297376
39.72053528	0.00163626
39.73245621	0.00185145
39.74437714	0.00187391
39.75629807	0.00146966
39.76821899	0.00117761
39.78013992	0.00063749
39.79206085	0.00044017
39.80398178	0.00078971
39.81590271	0.00072165
39.82782364	0.00042852
39.83974457	0.00077696
39.85166550	0.00147456
39.86358643	0.00179949
39.87550735	0.00163239
39.88742828	0.00103114
39.89934921	0.00041961
39.91127014	0.00048529
39.92319107	0.00061916
39.93511200	0.00080865
39.94703293	0.00098269
39.95895386	0.00084021
39.97087479	0.00056965
39.98279572	0.00041558
39.99471664	0.00025455
40.00663757	0.00055517
40.01855850	0.00054145
40.03047943	0.00043704
40.04240036	0.00010659
40.05432129	0.00053628
40.06624222	0.00067575
40.07816315	0.00061976
40.09008408	0.00059778
40.10200500	0.00088341
40.11392593	0.00122191
40.12584686	0.00129595
40.13776779	0.00115654
40.14968872	0.00109865
40.16160965	0.00112178
40.17353058	0.00101303
40.18545151	0.00078761
40.19737244	0.00052464
40.20929337	0.00006245
40.22121429	0.00072259
40.23313522	0.00102878
40.24505615	0.00108286
40.25697708	0.00152419
40.26889801	0.00148856
40.28081894	0.00184033
40.29273987	0.00429283
40.30466080	0.00588351
40.31658173	0.00835757
40.32850266	0.01062040
40.34042358	0.00938340
40.35234451	0.00742804
40.36426544	0.00528619
40.37618637	0.00223097
40.38810730	0.00252045
40.40002823	0.00242555
40.41194916	0.00161908
40.42387009	0.00179283
40.43579102	0.00179007
40.44771194	0.00131031
40.45963287	0.00096712
40.47155380	0.00103516
40.48347473	0.00139675
40.49539566	0.00180105
40.50731659	0.00187147
40.51923752	0.00156318
40.53115845	0.00126745
40.54307938	0.00114937
40.55500031	0.00108612
40.56692123	0.00143045
40.57884216	0.00141799
40.59076309	0.00155132
40.60268402	0.00273769
40.61460495	0.00219214
40.62652588	0.00872001
40.63844681	0.01856628
40.65036774	0.02226765
40.66228867	0.02406454
40.67420959	0.02206005
40.68613052	0.01275557
40.69805145	0.00627790
40.70997238	0.00392986
40.72189331	0.00166588
40.73381424	0.00161629
40.74573517	0.00180169
40.75765610	0.00171840
40.76957703	0.00218903
40.78149796	0.00208089
40.79341888	0.00125337
40.80533981	0.00016705
40.81726074	0.00091052
40.82918167	0.00149952
40.84110260	0.00156699
40.85302353	0.00109796
40.86494446	0.00077872
40.87686539	0.00095658
40.88878632	0.00126432
40.90070724	0.00162600
40.91262817	0.00204115
40.92454910	0.00195400
40.93647003	0.00175872
40.94839096	0.00211658
40.96031189	0.00360484
40.97223282	0.00883820
40.98415375	0.01470812
40.99607468	0.01549600
41.00799561	0.01450711
41.01991653	0.01141901
41.03183746	0.00459674
41.04375839	0.00093208
41.05567932	0.00119205
41.06760025	0.00081872
41.07952118	0.00096603
41.09144211	0.00087195
41.10336304	0.00051744
41.11528397	0.00026786
41.12720490	0.00016587
41.13912582	0.00067258
41.15104675	0.00120391
41.16296768	0.00153741
41.17488861	0.00165374
41.18680954	0.00147476
41.19873047	0.00103530
41.21065140	0.00077080
41.22257233	0.00067123
41.23449326	0.00049942
41.24641418	0.00039408
41.25833511	0.00055433
41.27025604	0.00092351
41.28217697	0.00168960
41.29409790	0.00273036
41.30601883	0.00342349
41.31793976	0.00441575
41.32986069	0.00511807
41.34178162	0.00436976
41.35370255	0.00343676
41.36562347	0.00263015
41.37754440	0.00171921
41.38946533	0.00164520
41.40138626	0.00113172
41.41330719	0.00041570
41.42522812	0.00087378
41.43714905	0.00089536
41.44906998	0.00080471
41.46099091	0.00095032
41.47291183	0.00093480
41.48483276	0.00052101
41.49675369	0.00066253
41.50867462	0.00075295
41.52059555	0.00064514
41.53251648	0.00095929
41.54443741	0.00130957
41.55635834	0.00145008
41.56827927	0.00162527
41.58020020	0.00153058
41.59212112	0.00176489
41.60404205	0.00257810
41.61596298	0.00245951
41.62788391	0.01037722
41.63980484	0.01976824
41.65172577	0.02286452
41.66364670	0.02437755
41.67556763	0.02122046
41.68748856	0.01139927
41.69940948	0.00552158
41.71133041	0.00357090
41.72325134	0.00202776
41.73517227	0.00217212
41.74709320	0.00187755
41.75901413	0.00147616
41.77093506	0.00175651
41.78285599	0.00172731
41.79477692	0.00157840
41.80669785	0.00141343
41.81861877	0.00100623
41.83053970	0.00096977
41.84246063	0.00148647
41.85438156	0.00152821
41.86630249	0.00106950
41.87822342	0.00095985
41.89014435	0.00062234
41.90206528	0.00073395
41.91398621	0.00153803
41.92590714	0.00158351
41.93782806	0.00190019
41.94974899	0.00347697
41.96166992	0.00677368
41.97359085	0.01668794
41.98551178	0.02607943
41.99743271	0.02673678
42.00935364	0.02505821
42.02127457	0.01866728
42.03319550	0.00693670
42.04511642	0.00247951
42.05703735	0.00191051
42.06895828	0.00060565
42.08087921	0.00120633
42.09280014	0.00140587
42.10472107	0.00142834
42.11664200	0.00121455
42.12856293	0.00108726
42.14048386	0.00092282
42.15240479	0.00077895
42.16432571	0.00054173
42.17624664	0.00026148
42.18816757	0.00041203
42.20008850	0.00059231
42.21200943	0.00060091
42.22393036	0.00050495
42.23585129	0.00056009
42.24777222	0.00100947
42.25969315	0.00120528
42.27161407	0.00097744
42.28353500	0.00047248
42.29545593	0.00070643
42.30737686	0.00118824
42.31929779	0.00146920
42.33121872	0.00133651
42.34313965	0.00090099
42.35506058	0.00043260
42.36698151	0.00014190
42.37890244	0.00024335
42.39082336	0.00037660
42.40274429	0.00043341
42.41466522	0.00026161
42.42658615	0.00009082
42.43850708	0.00024723
42.45042801	0.00020080
42.46234894	0.00014001
42.47426987	0.00033074
42.48619080	0.00067659
42.49811172	0.00099782
42.51003265	0.00107060
42.52195358	0.00100348
42.53387451	0.00070837
42.54579544	0.00014120
42.55771637	0.00083984
42.56963730	0.00152552
42.58155823	0.00166171
42.59347916	0.00143521
42.60540009	0.00153407
42.61732101	0.00169772
42.62924194	0.00852001
42.64116287	0.01498136
42.65308380	0.01698031
42.66500473	0.01820981
42.67692566	0.01537331
42.68884659	0.00839295
42.70076752	0.00462331
42.71268845	0.00298042
42.72460938	0.00218144
42.73653030	0.00225792
42.74845123	0.00165028
42.76037216	0.00110392
42.77229309	0.00161312
42.78421402	0.00183597
42.79613495	0.00160881
42.80805588	0.00143912
42.81997681	0.00080446
42.83189774	0.00016435
42.84381866	0.00100482
42.85573959	0.00139285
42.86766052	0.00168806
42.87958145	0.00200724
42.89150238	0.00183968
42.90342331	0.00175399
42.91534424	0.00210753
42.92726517	0.00222853
42.93918610	0.00288975
42.95110703	0.00458368
42.96302795	0.00905670
42.97494888	0.02148136
42.98686981	0.03114311
42.99879074	0.03096023
43.01071167	0.02915662
43.02263260	0.02089158
43.03455353	0.00710841
43.04647446	0.00281408
43.05839539	0.00219494
43.07031631	0.00102361
43.08223724	0.00089075
43.09415817	0.00044345
43.10607910	0.00085124
43.11800003	0.00152649
43.12992096	0.00187111
43.14184189	0.00205218
43.15376282	0.00190568
43.16568375	0.00129414
43.17760468	0.00033533
43.18952560	0.00051531
43.20144653	0.00082808
43.21336746	0.00109237
43.22528839	0.00146870
43.23720932	0.00137860
43.24913025	0.00061522
43.26105118	0.00060375
43.27297211	0.00141648
43.28489304	0.00321579
43.29681396	0.00479959
43.30873489	0.00574783
43.32065582	0.00702076
43.33257675	0.00680839
43.34449768	0.00487783
43.35641861	0.00354161
43.36833954	0.00205058
43.38026047	0.00123941
43.39218140	0.00176848
43.40410233	0.00140140
43.41602325	0.00108706
43.42794418	0.00101142
43.43986511	0.00086427
43.45178604	0.00062429
43.46370697	0.00047863
43.47562790	0.00045454
43.48754883	0.00039180
43.49946976	0.00032566
43.51139069	0.00029130
43.52331161	0.00022989
43.53523254	0.00038444
43.54715347	0.00066054
43.55907440	0.00069781
43.57099533	0.00065049
43.58291626	0.00061864
43.59483719	0.00063383
43.60675812	0.00064357
43.61867905	0.00127191
43.63059998	0.00475761
43.64252090	0.00774966
43.65444183	0.00874490
43.66636276	0.00920927
43.67828369	0.00724130
43.69020462	0.00362707
43.70212555	0.00186523
43.71404648	0.00093226
43.72596741	0.00014423
43.73788834	0.00039743
43.74980927	0.00058684
43.76173019	0.00096704
43.77365112	0.00126325
43.78557205	0.00147308
43.79749298	0.00171727
43.80941391	0.00199537
43.82133484	0.00175534
43.83325577	0.00093769
43.84517670	0.00006651
43.85709763	0.00070470
43.86901855	0.00138530
43.88093948	0.00174377
43.89286041	0.00138320
43.90478134	0.00101713
43.91670227	0.00136392
43.92862320	0.00140162
43.94054413	0.00247341
43.95246506	0.00442112
43.96438599	0.00908614
43.97630692	0.02087349
43.98822784	0.02911200
44.00014877	0.02880875
44.01206970	0.02675262
44.02399063	0.01791756
44.03591156	0.00495999
44.04783249	0.00220628
44.05975342	0.00270801
44.07167435	0.00278819
44.08359528	0.00275782
44.09551620	0.00204627
44.10743713	0.00108589
44.11935806	0.00081627
44.13127899	0.00068002
44.14319992	0.00086916
44.15512085	0.00107313
44.16704178	0.00094246
44.17896271	0.00113203
44.19088364	0.00137770
44.20280457	0.00106875
44.21472549	0.00124081
44.22664642	0.00170693
44.23856735	0.00184194
44.25048828	0.00231120
44.26240921	0.00269216
44.27433014	0.00218322
44.28625107	0.00351281
44.29817200	0.00596500
44.31009293	0.00774618
44.32201385	0.01055300
44.33393478	0.01088680
44.34585571	0.00838735
44.35777664	0.00672556
44.36969757	0.00423140
44.38161850	0.00160477
44.39353943	0.00125482
44.40546036	0.00075650
44.41738129	0.00134277
44.42930222	0.00173018
44.44122314	0.00131919
44.45314407	0.00067871
44.46506500	0.00052596
44.47698593	0.00083338
44.48890686	0.00111987
44.50082779	0.00132313
44.51274872	0.00115125
44.52466965	0.00108666
44.53659058	0.00096198
44.54851151	0.00040900
44.56043243	0.00022550
44.57235336	0.00028676
44.58427429	0.00009053
44.59619522	0.00034108
44.60811615	0.00057777
44.62003708	0.00106207
44.63195801	0.00269161
44.64387894	0.00391257
44.65579987	0.00418433
44.66772079	0.00401422
44.67964172	0.00275140
44.69156265	0.00100132
44.70348358	0.00027183
44.71540451	0.00031715
44.72732544	0.00047952
44.73924637	0.00068226
44.75116730	0.00075313
44.76308823	0.00063248
44.77500916	0.00058722
44.78693008	0.00058754
44.79885101	0.00032791
44.81077194	0.00060663
44.82269287	0.00099262
44.83461380	0.00119643
44.84653473	0.00113275
44.85845566	0.00070900
44.87037659	0.00019532
44.88229752	0.00076665
44.89421844	0.00089428
44.90613937	0.00057689
44.91806030	0.00035158
44.92998123	0.00078636
44.94190216	0.00207559
44.95382309	0.00329687
44.96574402	0.00705784
44.97766495	0.01607041
44.98958588	0.02117758
45.00150681	0.02060283
45.01342773	0.01879894
45.02534866	0.01164164
45.03726959	0.00261263
45.04919052	0.00181096
45.06111145	0.00165118
45.07303238	0.00142931
45.08495331	0.00154737
45.09687424	0.00148007
45.10879517	0.00164922
45.12071609	0.00152602
45.13263702	0.00072506
45.14455795	0.00033333
45.15647888	0.00123208
45.16839981	0.00195148
45.18032074	0.00227691
45.19224167	0.00207573
45.20416260	0.00153091
45.21608353	0.00124431
45.22800446	0.00139333
45.23992538	0.00076735
45.25184631	0.00132496
45.26376724	0.00220337
45.27568817	0.00233771
45.28760910	0.00529314
45.29953003	0.00781981
45.31145096	0.00984125
45.32337189	0.01293985
45.33529282	0.01250916
45.34721375	0.00948280
45.35913467	0.00720719
45.37105560	0.00372188
45.38297653	0.00184613
45.39489746	0.00272690
45.40681839	0.00193651
45.41873932	0.00094354
45.43066025	0.00092422
45.44258118	0.00145841
45.45450211	0.00215123
45.46642303	0.00223750
45.47834396	0.00184129
45.49026489	0.00155834
45.50218582	0.00120872
45.51410675	0.00072389
45.52602768	0.00077652
45.53794861	0.00136543
45.54986954	0.00169837
45.56179047	0.00179125
45.57371140	0.00176335
45.58563232	0.00116039
45.59755325	0.00132839
45.60947418	0.00158973
45.62139511	0.00268565
45.63331604	0.00942814
45.64523697	0.01388247
45.65715790	0.01524159
45.66907883	0.01527670
45.68099976	0.01047806
45.69292068	0.00443937
45.70484161	0.00202702
45.71676254	0.00042956
45.72868347	0.00110287
45.74060440	0.00148408
45.75252533	0.00117730
45.76444626	0.00118913
45.77636719	0.00126679
45.78828812	0.00099515
45.80020905	0.00052352
45.81212997	0.00033867
45.82405090	0.00052923
45.83597183	0.00048753
45.84789276	0.00036965
45.85981369	0.00039891
45.87173462	0.00033493
45.88365555	0.00020221
45.89557648	0.00015256
45.90749741	0.00030595
45.91941833	0.00049420
45.93133926	0.00030043
45.94326019	0.00052095
45.95518112	0.00123693
45.96710205	0.00337171
45.97902298	0.00748957
45.99094391	0.00938794
46.00286484	0.00888700
46.01478577	0.00770798
46.02670670	0.00442821
46.03862762	0.00162272
46.05054855	0.00156565
46.06246948	0.00080773
46.07439041	0.00055889
46.08631134	0.00089064
46.09823227	0.00063659
46.11015320	0.00019853
46.12207413	0.00067220
46.13399506	0.00105238
46.14591599	0.00120346
46.15783691	0.00112207
46.16975784	0.00074673
46.18167877	0.00068820
46.19359970	0.00076697
46.20552063	0.00035151
46.21744156	0.00049458
46.22936249	0.00112553
46.24128342	0.00153581
46.25320435	0.00192467
46.26512527	0.00198631
46.27704620	0.00181402
46.28896713	0.00485779
46.30088806	0.00742122
46.31280899	0.00966470
46.32472992	0.01260667
46.33665085	0.01207566
46.34857178	0.00977720
46.36049271	0.00811753
46.37241364	0.00503437
46.38433456	0.00298929
46.39625549	0.00262513
46.40817642	0.00153252
46.42009735	0.00075709
46.43201828	0.00089409
46.44393921	0.00084060
46.45586014	0.00094088
46.46778107	0.00099714
46.47970200	0.00058946
46.49162292	0.00082719
46.50354385	0.00128675
46.51546478	0.00159417
46.52738571	0.00170037
46.53930664	0.00155918
46.55122757	0.00101582
46.56314850	0.00108656
46.57506943	0.00154206
46.58699036	0.00116793
46.59891129	0.00210541
46.61083221	0.00260738
46.62275314	0.00603538
46.63467407	0.01637946
46.64659500	0.02220326
46.65851593	0.02407821
46.67043686	0.02399020
46.68235779	0.01607876
46.69427872	0.00723852
46.70619965	0.00398436
46.71812057	0.00193864
46.73004150	0.00147227
46.74196243	0.00186204
46.75388336	0.00154931
46.76580429	0.00125784
46.77772522	0.00098478
46.78964615	0.00097447
46.80156708	0.00133080
46.81348801	0.00165730
46.82540894	0.00162495
46.83732986	0.00131655
46.84925079	0.00108590
46.86117172	0.00074841
46.87309265	0.00013492
46.88501358	0.00016681
46.89693451	0.00034108
46.90885544	0.00065880
46.92077637	0.00089740
46.93269730	0.00099535
46.94461823	0.00098663
46.95653915	0.00126768
46.96846008	0.00272653
46.98038101	0.00498546
46.99230194	0.00584955
47.00422287	0.00564469
47.01614380	0.00490060
47.02806473	0.00273459
47.03998566	0.00082035
47.05190659	0.00053963
47.06382751	0.00037623
47.07574844	0.00030569
47.08766937	0.00055149
47.09959030	0.00084733
47.11151123	0.00107854
47.12343216	0.00097776
47.13535309	0.00061851
47.14727402	0.00038506
47.15919495	0.00060574
47.17111588	0.00063613
47.18303680	0.00042639
47.19495773	0.00016389
47.20687866	0.00056228
47.21879959	0.00100274
47.23072052	0.00102760
47.24264145	0.00070070
47.25456238	0.00110118
47.26648331	0.00165192
47.27840424	0.00195914
47.29032516	0.00371068
47.30224609	0.00494387
47.31416702	0.00606558
47.32608795	0.00757166
47.33800888	0.00658808
47.34992981	0.00491419
47.36185074	0.00388304
47.37377167	0.00170078
47.38569260	0.00087431
47.39761353	0.00124873
47.40953445	0.00110044
47.42145538	0.00156144
47.43337631	0.00178572
47.44529724	0.00140708
47.45721817	0.00082814
47.46913910	0.00017111
47.48106003	0.00065326
47.49298096	0.00130089
47.50490189	0.00157762
47.51682281	0.00146369
47.52874374	0.00111610
47.54066467	0.00084005
47.55258560	0.00086851
47.56450653	0.00137448
47.57642746	0.00187612
47.58834839	0.00212578
47.60026932	0.00286189
47.61219025	0.00233308
47.62411118	0.00772903
47.63603210	0.02000974
47.64795303	0.02573977
47.65987396	0.02749889
47.67179489	0.02659369
47.68371582	0.01675550
47.69563675	0.00755124
47.70755768	0.00497001
47.71947861	0.00344449
47.73139954	0.00228093
47.74332047	0.00144570
47.75524139	0.00089104
47.76716232	0.00151811
47.77908325	0.00163583
47.79100418	0.00180723
47.80292511	0.00232221
47.81484604	0.00231768
47.82676697	0.00148563
47.83868790	0.00052568
47.85060883	0.00085398
47.86252975	0.00128651
47.87445068	0.00145126
47.88637161	0.00123300
47.89829254	0.00071698
47.91021347	0.00107359
47.92213440	0.00143269
47.93405533	0.00137990
47.94597626	0.00216164
47.95789719	0.00355526
47.96981812	0.00798600
47.98173904	0.01478362
47.99365997	0.01648047
48.00558090	0.01562655
48.01750183	0.01353041
48.02942276	0.00676831
48.04134369	0.00185316
48.05326462	0.00127766
48.06518555	0.00019816
48.07710648	0.00078690
48.08902740	0.00114001
48.10094833	0.00120517
48.11286926	0.00128402
48.12479019	0.00102231
48.13671112	0.00050015
48.14863205	0.00043718
48.16055298	0.00076890
48.17247391	0.00092398
48.18439484	0.00101239
48.19631577	0.00094985
48.20823669	0.00082814
48.22015762	0.00078928
48.23207855	0.00067262
48.24399948	0.00052249
48.25592041	0.00042906
48.26784134	0.00043880
48.27976227	0.00068811
48.29168320	0.00129389
48.30360413	0.00157311
48.31552505	0.00199863
48.32744598	0.00273432
48.33936691	0.00274562
48.35128784	0.00258985
48.36320877	0.00229885
48.37512970	0.00142354
48.38705063	0.00096017
48.39897156	0.00098557
48.41089249	0.00108665
48.42281342	0.00106441
48.43473434	0.00070735
48.44665527	0.00021133
48.45857620	0.00077257
48.47049713	0.00122844
48.48241806	0.00118448
48.49433899	0.00071404
48.50625992	0.00034377
48.51818085	0.00051902
48.53010178	0.00115465
48.54202271	0.00119908
48.55394363	0.00102541
48.56586456	0.00150323
48.57778549	0.00183553
48.58970642	0.00210527
48.60162735	0.00264467
48.61354828	0.00162733
48.62546921	0.00763885
48.63739014	0.01850942
48.64931107	0.02330635
48.66123199	0.02527200
48.67315292	0.02376578
48.68507385	0.01412736
48.69699478	0.00660771
48.70891571	0.00427173
48.72083664	0.00181137
48.73275757	0.00049365
48.74467850	0.00132023
48.75659943	0.00156440
48.76852036	0.00179524
48.78044128	0.00170723
48.79236221	0.00129344
48.80428314	0.00132149
48.81620407	0.00134817
