Частота	Канал A
(kГц)	(В)

0.00000000	1.12570400
0.01192093	0.78096680
0.02384186	0.53088260
0.03576279	0.16609540
0.04768372	0.01157186
0.05960464	0.00318910
0.07152557	0.00113951
0.08344650	0.00076477
0.09536743	0.00116242
0.10728836	0.00209877
0.11920929	0.00238366
0.13113022	0.00190069
0.14305115	0.00087936
0.15497208	0.00051091
0.16689301	0.00065423
0.17881393	0.00126469
0.19073486	0.00170708
0.20265579	0.00157782
0.21457672	0.00140342
0.22649765	0.00095152
0.23841858	0.00027685
0.25033951	0.00237278
0.26226044	0.00356917
0.27418137	0.00363986
0.28610229	0.00360475
0.29802322	0.00320753
0.30994415	0.00413573
0.32186508	0.00931375
0.33378601	0.01273132
0.34570694	0.01302781
0.35762787	0.01303891
0.36954880	0.00921691
0.38146973	0.00346919
0.39339066	0.00080600
0.40531158	0.00014212
0.41723251	0.00105220
0.42915344	0.00176798
0.44107437	0.00146381
0.45299530	0.00068711
0.46491623	0.00049478
0.47683716	0.00118057
0.48875809	0.00207251
0.50067902	0.00261231
0.51259995	0.00232960
0.52452087	0.00173154
0.53644180	0.00089135
0.54836273	0.00052603
0.56028366	0.00177796
0.57220459	0.00252459
0.58412552	0.00256223
0.59604645	0.00257780
0.60796738	0.00203555
0.61988831	0.00147563
0.63180923	0.00782161
0.64373016	0.01183342
0.65565109	0.01175301
0.66757202	0.00994770
0.67949295	0.00524267
0.69141388	0.00017547
0.70333481	0.00102662
0.71525574	0.00057719
0.72717667	0.00237760
0.73909760	0.00315322
0.75101852	0.00253605
0.76293945	0.00147419
0.77486038	0.00093845
0.78678131	0.00063851
0.79870224	0.00098946
0.81062317	0.00172058
0.82254410	0.00157293
0.83446503	0.00162715
0.84638596	0.00120161
0.85830688	0.00029502
0.87022781	0.00135673
0.88214874	0.00197646
0.89406967	0.00249064
0.90599060	0.00255309
0.91791153	0.00233223
0.92983246	0.00116669
0.94175339	0.00213114
0.95367432	0.01839024
0.96559525	0.19448780
0.97751617	0.55678620
0.98943710	0.76970180
1.00135803	0.78703360
1.01327896	0.74753760
1.02519989	0.47559580
1.03712082	0.13303450
1.04904175	0.00645531
1.06096268	0.00376668
1.07288361	0.00255932
1.08480453	0.00183671
1.09672546	0.00105620
1.10864639	0.00191281
1.12056732	0.00269473
1.13248825	0.00261831
1.14440918	0.00214574
1.15633011	0.00141768
1.16825104	0.00017198
1.18017197	0.00115541
1.19209290	0.00189339
1.20401382	0.00186008
1.21593475	0.00202751
1.22785568	0.00183240
1.23977661	0.00083760
1.25169754	0.00074037
1.26361847	0.00173956
1.27553940	0.00325329
1.28746033	0.00531506
1.29938126	0.00609025
1.31130219	0.00716626
1.32322311	0.01033431
1.33514404	0.01099257
1.34706497	0.01013138
1.35898590	0.01027359
1.37090683	0.00755904
1.38282776	0.00376452
1.39474869	0.00199020
1.40666962	0.00036706
1.41859055	0.00143133
1.43051147	0.00228410
1.44243240	0.00221144
1.45435333	0.00193764
1.46627426	0.00166242
1.47819519	0.00095389
1.49011612	0.00081986
1.50203705	0.00146531
1.51395798	0.00154831
1.52587891	0.00187322
1.53779984	0.00188619
1.54972076	0.00106278
1.56164169	0.00012542
1.57356262	0.00083009
1.58548355	0.00179260
1.59740448	0.00313345
1.60932541	0.00334828
1.62124634	0.00162891
1.63316727	0.00360548
1.64508820	0.00591436
1.65700912	0.00550932
1.66893005	0.00290716
1.68085098	0.00163842
1.69277191	0.00452823
1.70469284	0.00502348
1.71661377	0.00261209
1.72853470	0.00071532
1.74045563	0.00253728
1.75237656	0.00287201
1.76429749	0.00295639
1.77621841	0.00295921
1.78813934	0.00185773
1.80006027	0.00055306
1.81198120	0.00043479
1.82390213	0.00072837
1.83582306	0.00120181
1.84774399	0.00110735
1.85966492	0.00061919
1.87158585	0.00038348
1.88350677	0.00066538
1.89542770	0.00143123
1.90734863	0.00233233
1.91926956	0.00311512
1.93119049	0.00161353
1.94311142	0.00074693
1.95503235	0.02375959
1.96695328	0.18715730
1.97887421	0.48106140
1.99079514	0.62790840
2.00271606	0.63635650
2.01463699	0.59142160
2.02655792	0.35061510
2.03847885	0.08759853
2.05039978	0.00324111
2.06232071	0.00323606
2.07424164	0.00313497
2.08616257	0.00336430
2.09808350	0.00230297
2.11000443	0.00106992
2.12192535	0.00048823
2.13384628	0.00092623
2.14576721	0.00170604
2.15768814	0.00189568
2.16960907	0.00105801
2.18153000	0.00007947
2.19345093	0.00069188
2.20537186	0.00150673
2.21729279	0.00226911
2.22921371	0.00228835
2.24113464	0.00157217
2.25305557	0.00065673
2.26497650	0.00057712
2.27689743	0.00287381
2.28881836	0.00617815
2.30073929	0.00749814
2.31266022	0.00726939
2.32458115	0.00690875
2.33650208	0.00471374
2.34842300	0.00278456
2.36034393	0.00314339
2.37226486	0.00318948
2.38418579	0.00294598
2.39610672	0.00269584
2.40802765	0.00150764
2.41994858	0.00071560
2.43186951	0.00084984
2.44379044	0.00109215
2.45571136	0.00155082
2.46763229	0.00200738
2.47955322	0.00162733
2.49147415	0.00105129
2.50339508	0.00054288
2.51531601	0.00060927
2.52723694	0.00142707
2.53915787	0.00162910
2.55107880	0.00108218
2.56299973	0.00041220
2.57492065	0.00050766
2.58684158	0.00201890
2.59876251	0.00367884
2.61068344	0.00413598
2.62260437	0.00373159
2.63452530	0.00356217
2.64644623	0.00264214
2.65836716	0.00320241
2.67028809	0.00579820
2.68220901	0.00699816
2.69412994	0.00721328
2.70605087	0.00711422
2.71797180	0.00451512
2.72989273	0.00153804
2.74181366	0.00020997
2.75373459	0.00096819
2.76565552	0.00177624
2.77757645	0.00215311
2.78949738	0.00165144
2.80141830	0.00098552
2.81333923	0.00037001
2.82526016	0.00058888
2.83718109	0.00167826
2.84910202	0.00224413
2.86102295	0.00219534
2.87294388	0.00174595
2.88486481	0.00116864
2.89678574	0.00112456
2.90870667	0.00234867
2.92062759	0.00303001
2.93254852	0.00248573
2.94446945	0.00305839
2.95639038	0.02380061
2.96831131	0.14720520
2.98023224	0.34148990
2.99215317	0.42276790
3.00407410	0.42590190
3.01599503	0.38600250
3.02791595	0.21334620
3.03983688	0.04898438
3.05175781	0.00305643
3.06367874	0.00078587
3.07559967	0.00176197
3.08752060	0.00243157
3.09944153	0.00170072
3.11136246	0.00118253
3.12328339	0.00057572
3.13520432	0.00034442
3.14712524	0.00147000
3.15904617	0.00198268
3.17096710	0.00195989
3.18288803	0.00159679
3.19480896	0.00115658
3.20672989	0.00075633
3.21865082	0.00168468
3.23057175	0.00211094
3.24249268	0.00216252
3.25441360	0.00238200
3.26633453	0.00156396
3.27825546	0.00138614
3.29017639	0.00458711
3.30209732	0.00575014
3.31401825	0.00385800
3.32593918	0.00054117
3.33786011	0.00333257
3.34978104	0.00484585
3.36170197	0.00350465
3.37362289	0.00009653
3.38554382	0.00284651
3.39746475	0.00334993
3.40938568	0.00212821
3.42130661	0.00099609
3.43322754	0.00028638
3.44514847	0.00071103
3.45706940	0.00158228
3.46899033	0.00183191
3.48091125	0.00141552
3.49283218	0.00121313
3.50475311	0.00079733
3.51667404	0.00061913
3.52859497	0.00147119
3.54051590	0.00176640
3.55243683	0.00192329
3.56435776	0.00205907
3.57627869	0.00155909
3.58819962	0.00004073
3.60012054	0.00165563
3.61204147	0.00313977
3.62396240	0.00622265
3.63588333	0.01020405
3.64780426	0.01098790
3.65972519	0.01146828
3.67164612	0.01207468
3.68356705	0.00927645
3.69548798	0.00678650
3.70740891	0.00620644
3.71932983	0.00435250
3.73125076	0.00262375
3.74317169	0.00168659
3.75509262	0.00060804
3.76701355	0.00090262
3.77893448	0.00126532
3.79085541	0.00109442
3.80277634	0.00099060
3.81469727	0.00081173
3.82661819	0.00026792
3.83853912	0.00087809
3.85046005	0.00152289
3.86238098	0.00189563
3.87430191	0.00230864
3.88622284	0.00212946
3.89814377	0.00087272
3.91006470	0.00059207
3.92198563	0.00173238
3.93390656	0.00324669
3.94582748	0.00545383
3.95774841	0.01869925
3.96966934	0.08242401
3.98159027	0.16960740
3.99351120	0.19891180
4.00543213	0.19939390
4.01735306	0.17569830
4.02927399	0.09112039
4.04119492	0.02096232
4.05311584	0.00368348
4.06503677	0.00117420
4.07695770	0.00152912
4.08887863	0.00230358
4.10079956	0.00232807
4.11272049	0.00236060
4.12464142	0.00188575
4.13656235	0.00109220
4.14848328	0.00067132
4.16040421	0.00090953
4.17232513	0.00099684
4.18424606	0.00111820
4.19616699	0.00095463
4.20808792	0.00066847
4.22000885	0.00133136
4.23192978	0.00193296
4.24385071	0.00256591
4.25577164	0.00335706
4.26769257	0.00303100
4.27961349	0.00130746
4.29153442	0.00108816
4.30345535	0.00154841
4.31537628	0.00182586
4.32729721	0.00727204
4.33921814	0.01033398
4.35113907	0.01144534
4.36306000	0.00961102
4.37498093	0.00382562
4.38690186	0.00140961
4.39882278	0.00283442
4.41074371	0.00264525
4.42266464	0.00236096
4.43458557	0.00191871
4.44650650	0.00067312
4.45842743	0.00049851
4.47034836	0.00115969
4.48226929	0.00154589
4.49419022	0.00197359
4.50611115	0.00180998
4.51803207	0.00085736
4.52995300	0.00050329
4.54187393	0.00114370
4.55379486	0.00193000
4.56571579	0.00273339
4.57763672	0.00246718
4.58955765	0.00143987
4.60147858	0.00073787
4.61339951	0.00195354
4.62532043	0.00711566
4.63724136	0.01305037
4.64916229	0.01427042
4.66108322	0.01383898
4.67300415	0.01189678
4.68492508	0.00629698
4.69684601	0.00291887
4.70876694	0.00306251
4.72068787	0.00304922
4.73260880	0.00301960
4.74452972	0.00245219
4.75645065	0.00102086
4.76837158	0.00068348
4.78029251	0.00100209
4.79221344	0.00117254
4.80413437	0.00160614
4.81605530	0.00164435
4.82797623	0.00107396
4.83989716	0.00087617
4.85181808	0.00064568
4.86373901	0.00031276
4.87565994	0.00129562
4.88758087	0.00156299
4.89950180	0.00129938
4.91142273	0.00101508
4.92334366	0.00038542
4.93526459	0.00203722
4.94718552	0.00412113
4.95910645	0.00457438
4.97102737	0.00463389
4.98294830	0.00439000
4.99486923	0.00288322
5.00679016	0.00291926
5.01871109	0.00420590
5.03063202	0.00441785
5.04255295	0.00453897
5.05447388	0.00412904
5.06639481	0.00209849
5.07831573	0.00075277
5.09023666	0.00096397
5.10215759	0.00137361
5.11407852	0.00212725
5.12599945	0.00213920
5.13792038	0.00141208
5.14984131	0.00072299
5.16176224	0.00066820
5.17368317	0.00161783
5.18560410	0.00251893
5.19752502	0.00258024
5.20944595	0.00193100
5.22136688	0.00129207
5.23328781	0.00029420
5.24520874	0.00140718
5.25712967	0.00299901
5.26905060	0.00331420
5.28097153	0.00346169
5.29289246	0.00353692
5.30481339	0.00358930
5.31673431	0.00721864
5.32865524	0.01205937
5.34057617	0.01311468
5.35249710	0.01355713
5.36441803	0.01193243
5.37633896	0.00602242
5.38825989	0.00139552
5.40018082	0.00096122
5.41210175	0.00184441
5.42402267	0.00251702
5.43594360	0.00218847
5.44786453	0.00110745
5.45978546	0.00064628
5.47170639	0.00038085
5.48362732	0.00086956
5.49554825	0.00175962
5.50746918	0.00200759
5.51939011	0.00187060
5.53131104	0.00161903
5.54323196	0.00105463
5.55515289	0.00051634
5.56707382	0.00127750
5.57899475	0.00181516
5.59091568	0.00209991
5.60283661	0.00213572
5.61475754	0.00071916
5.62667847	0.00582485
5.63859940	0.01169684
5.65052032	0.01301767
5.66244125	0.01180449
5.67436218	0.00816204
5.68628311	0.00234699
5.69820404	0.00125631
5.71012497	0.00028590
5.72204590	0.00173222
5.73396683	0.00342606
5.74588776	0.00342831
5.75780869	0.00215542
5.76972961	0.00103007
5.78165054	0.00017218
5.79357147	0.00090782
5.80549240	0.00159906
5.81741333	0.00158006
5.82933426	0.00111631
5.84125519	0.00079945
5.85317612	0.00012521
5.86509705	0.00089213
5.87701797	0.00186483
5.88893890	0.00216773
5.90085983	0.00238454
5.91278076	0.00228927
5.92470169	0.00123215
5.93662262	0.00113869
5.94854355	0.00262111
5.96046448	0.01066662
5.97238541	0.06135819
5.98430634	0.11458960
5.99622726	0.12807860
6.00814819	0.12739560
6.02006912	0.10093090
6.03199005	0.04049071
6.04391098	0.00235618
6.05583191	0.00397824
6.06775284	0.00252020
6.07967377	0.00118425
6.09159470	0.00039905
6.10351563	0.00089241
6.11543655	0.00186548
6.12735748	0.00200082
6.13927841	0.00156260
6.15119934	0.00128897
6.16312027	0.00056731
6.17504120	0.00092367
6.18696213	0.00199699
6.19888306	0.00230782
6.21080399	0.00241419
6.22272491	0.00227511
6.23464584	0.00124846
6.24656677	0.00061753
6.25848770	0.00203907
6.27040863	0.00325921
6.28232956	0.00520277
6.29425049	0.00675536
6.30617142	0.00704522
6.31809235	0.00912718
6.33001328	0.01100259
6.34193420	0.00983976
6.35385513	0.00946749
6.36577606	0.00836818
6.37769699	0.00486223
6.38961792	0.00250938
6.40153885	0.00124336
6.41345978	0.00038610
6.42538071	0.00155711
6.43730164	0.00173102
6.44922256	0.00140544
6.46114349	0.00109636
6.47306442	0.00031284
6.48498535	0.00075445
6.49690628	0.00157574
6.50882721	0.00171061
6.52074814	0.00152887
6.53266907	0.00142991
6.54459000	0.00090686
6.55651093	0.00021218
6.56843185	0.00109826
6.58035278	0.00169853
6.59227371	0.00280189
6.60419464	0.00370725
6.61611557	0.00244285
6.62803650	0.00128958
6.63995743	0.00486742
6.65187836	0.00572814
6.66379929	0.00388365
6.67572021	0.00121385
6.68764114	0.00376939
6.69956207	0.00559378
6.71148300	0.00438817
6.72340393	0.00130051
6.73532486	0.00105685
6.74724579	0.00175259
6.75916672	0.00187308
6.77108765	0.00200798
6.78300858	0.00148398
6.79492950	0.00060350
6.80685043	0.00110224
6.81877136	0.00146591
6.83069229	0.00137562
6.84261322	0.00143251
6.85453415	0.00108563
6.86645508	0.00036974
6.87837601	0.00049840
6.89029694	0.00063457
6.90221786	0.00143864
6.91413879	0.00216749
6.92605972	0.00175394
6.93798065	0.00088586
6.94990158	0.00138179
6.96182251	0.02508875
6.97374344	0.10030720
6.98566437	0.16840190
6.99758530	0.18127320
7.00950623	0.17897450
7.02142715	0.13576580
7.03334808	0.05113588
7.04526901	0.00429860
7.05718994	0.00274930
7.06911087	0.00258341
7.08103180	0.00227004
7.09295273	0.00168120
7.10487366	0.00044712
7.11679459	0.00047079
7.12871552	0.00100114
7.14063644	0.00141278
7.15255737	0.00181411
7.16447830	0.00137707
7.17639923	0.00070638
7.18832016	0.00104599
7.20024109	0.00179961
7.21216202	0.00255267
7.22408295	0.00280345
7.23600388	0.00215220
7.24792480	0.00103673
7.25984573	0.00018886
7.27176666	0.00177279
7.28368759	0.00475879
7.29560852	0.00704325
7.30752945	0.00696554
7.31945038	0.00668805
7.33137131	0.00531579
7.34329224	0.00284165
7.35521317	0.00265764
7.36713409	0.00345335
7.37905502	0.00366949
7.39097595	0.00401521
7.40289688	0.00313897
7.41481781	0.00098698
7.42673874	0.00083639
7.43865967	0.00184365
7.45058060	0.00264277
7.46250153	0.00316211
7.47442245	0.00273065
7.48634338	0.00169668
7.49826431	0.00092089
7.51018524	0.00025883
7.52210617	0.00114388
7.53402710	0.00196858
7.54594803	0.00172326
7.55786896	0.00124504
7.56978989	0.00094548
7.58171082	0.00062843
7.59363174	0.00220315
7.60555267	0.00369562
7.61747360	0.00394381
7.62939453	0.00413180
7.64131546	0.00376662
7.65323639	0.00330092
7.66515732	0.00516337
7.67707825	0.00698463
7.68899918	0.00737002
7.70092010	0.00779093
7.71284103	0.00625764
7.72476196	0.00298906
7.73668289	0.00116590
7.74860382	0.00130791
7.76052475	0.00195162
7.77244568	0.00241715
7.78436661	0.00188079
7.79628754	0.00083502
7.80820847	0.00013387
7.82012939	0.00068712
7.83205032	0.00151140
7.84397125	0.00200524
7.85589218	0.00171349
7.86781311	0.00115080
7.87973404	0.00051901
7.89165497	0.00078241
7.90357590	0.00196342
7.91549683	0.00263300
7.92741776	0.00251022
7.93933868	0.00248753
7.95125961	0.00453631
7.96318054	0.02982524
7.97510147	0.09892394
7.98702240	0.15288610
7.99894333	0.16050950
8.01086426	0.15755030
8.02278519	0.11409170
8.03470612	0.04058904
8.04662704	0.00491332
8.05854797	0.00088298
8.07046890	0.00198056
8.08238983	0.00259868
8.09431076	0.00214973
8.10623169	0.00124249
8.11815262	0.00076903
8.13007355	0.00046154
8.14199448	0.00127789
8.15391541	0.00210714
8.16583633	0.00226311
8.17775726	0.00227625
8.18967819	0.00210913
8.20159912	0.00144287
8.21352005	0.00031616
8.22544098	0.00101282
8.23736191	0.00136298
8.24928284	0.00184656
8.26120377	0.00193813
8.27312469	0.00065823
8.28504562	0.00367872
8.29696655	0.00638267
8.30888748	0.00607191
8.32080841	0.00329806
8.33272934	0.00136261
8.34465027	0.00368645
8.35657120	0.00401504
8.36849213	0.00175753
8.38041306	0.00253355
8.39233398	0.00436885
8.40425491	0.00400512
8.41617584	0.00264930
8.42809677	0.00162218
8.44001770	0.00062085
8.45193863	0.00081801
8.46385956	0.00183601
8.47578049	0.00210059
8.48770142	0.00193969
8.49962234	0.00168920
8.51154327	0.00117482
8.52346420	0.00122978
8.53538513	0.00185365
8.54730606	0.00200394
8.55922699	0.00216872
8.57114792	0.00200496
8.58306885	0.00118327
8.59498978	0.00159451
8.60691071	0.00276261
8.61883163	0.00451882
8.63075256	0.00845003
8.64267349	0.01087674
8.65459442	0.01086023
8.66651535	0.01180506
8.67843628	0.01039616
8.69035721	0.00693572
8.70227814	0.00571524
8.71419907	0.00448162
8.72612000	0.00250268
8.73804092	0.00132995
8.74996185	0.00041570
8.76188278	0.00172473
8.77380371	0.00274428
8.78572464	0.00268472
8.79764557	0.00222732
8.80956650	0.00179781
8.82148743	0.00088056
8.83340836	0.00041943
8.84532928	0.00112822
8.85725021	0.00136845
8.86917114	0.00159220
8.88109207	0.00152004
8.89301300	0.00063055
8.90493393	0.00067079
8.91685486	0.00161529
8.92877579	0.00249816
8.94069672	0.00417801
8.95261765	0.00675086
8.96453857	0.02329357
8.97645950	0.06261611
8.98838043	0.08834969
9.00030136	0.09049332
9.01222229	0.08863320
9.02414322	0.06218399
9.03606415	0.02273022
9.04798508	0.00566442
9.05990601	0.00212497
9.07182693	0.00071612
9.08374786	0.00217048
9.09566879	0.00246579
9.10758972	0.00211476
9.11951065	0.00176840
9.13143158	0.00097512
9.14335251	0.00018343
9.15527344	0.00080846
9.16719437	0.00103007
9.17911530	0.00131111
9.19103622	0.00127229
9.20295715	0.00062670
9.21487808	0.00042812
9.22679901	0.00127307
9.23871994	0.00208995
9.25064087	0.00317178
9.26256180	0.00370624
9.27448273	0.00260272
9.28640366	0.00128388
9.29832458	0.00168108
9.31024551	0.00053721
9.32216644	0.00491960
9.33408737	0.00921025
9.34600830	0.01096637
9.35792923	0.01087246
9.36985016	0.00701272
9.38177109	0.00159051
9.39369202	0.00123454
9.40561295	0.00163378
9.41753387	0.00192949
9.42945480	0.00237828
9.44137573	0.00181443
9.45329666	0.00077651
9.46521759	0.00039003
9.47713852	0.00080905
9.48905945	0.00143476
9.50098038	0.00177391
9.51290131	0.00125942
9.52482224	0.00041497
9.53674316	0.00031935
9.54866409	0.00112468
9.56058502	0.00205021
9.57250595	0.00231123
9.58442688	0.00162293
9.59634781	0.00071658
9.60826874	0.00073710
9.62018967	0.00420749
9.63211060	0.01100654
9.64403152	0.01488007
9.65595245	0.01485055
9.66787338	0.01436384
9.67979431	0.01000424
9.69171524	0.00445712
9.70363617	0.00337596
9.71555710	0.00357225
9.72747803	0.00336874
9.73939896	0.00320724
9.75131989	0.00213189
9.76324081	0.00067746
9.77516174	0.00043247
9.78708267	0.00089219
9.79900360	0.00147924
9.81092453	0.00178760
9.82284546	0.00121981
9.83476639	0.00036141
9.84668732	0.00064393
9.85860825	0.00127434
9.87052917	0.00210681
9.88245010	0.00221435
9.89437103	0.00146834
9.90629196	0.00066179
9.91821289	0.00064966
9.93013382	0.00230637
9.94205475	0.00451207
9.95397568	0.00533813
9.96589661	0.00462413
9.97781754	0.00397609
9.98973846	0.00263313
10.00165939	0.00187201
10.01358032	0.00323613
10.02550125	0.00421794
10.03742218	0.00450907
10.04934311	0.00462590
10.06126404	0.00313104
10.07318497	0.00108071
10.08510590	0.00043260
10.09702682	0.00103199
10.10894775	0.00187967
10.12086868	0.00229278
10.13278961	0.00157194
10.14471054	0.00055212
10.15663147	0.00027284
10.16855240	0.00103892
10.18047333	0.00166610
10.19239426	0.00173322
10.20431519	0.00112782
10.21623611	0.00047095
10.22815704	0.00030855
10.24007797	0.00132157
10.25199890	0.00278349
10.26391983	0.00358843
10.27584076	0.00354720
10.28776169	0.00353504
10.29968262	0.00328674
10.31160355	0.00511238
10.32352448	0.00998052
10.33544540	0.01241931
10.34736633	0.01261327
10.35928726	0.01228101
10.37120819	0.00787070
10.38312912	0.00231499
10.39505005	0.00042250
10.40697098	0.00127022
10.41889191	0.00202868
10.43081284	0.00225064
10.44273376	0.00149728
10.45465469	0.00055336
10.46657562	0.00025883
10.47849655	0.00063457
10.49041748	0.00142695
10.50233841	0.00191114
10.51425934	0.00168500
10.52618027	0.00142752
10.53810120	0.00091936
10.55002213	0.00016032
10.56194305	0.00150365
10.57386398	0.00215820
10.58578491	0.00203594
10.59770584	0.00209693
10.60962677	0.00138741
10.62154770	0.00281465
10.63346863	0.00960137
10.64538956	0.01308954
10.65731049	0.01250077
10.66923141	0.01022557
10.68115234	0.00464054
10.69307327	0.00107032
10.70499420	0.00151693
10.71691513	0.00041916
10.72883606	0.00233734
10.74075699	0.00314282
10.75267792	0.00230289
10.76459885	0.00142456
10.77651978	0.00148694
10.78844070	0.00153074
10.80036163	0.00187993
10.81228256	0.00209229
10.82420349	0.00172041
10.83612442	0.00136230
10.84804535	0.00081584
10.85996628	0.00021510
10.87188721	0.00156647
10.88380814	0.00243943
10.89572906	0.00271486
10.90764999	0.00279686
10.91957092	0.00223117
10.93149185	0.00031640
10.94341278	0.00224954
10.95533371	0.00128853
10.96725464	0.01758183
10.97917557	0.05045686
10.99109650	0.06755690
11.00301743	0.06926131
11.01493835	0.06327286
11.02685928	0.03547807
11.03878021	0.00618429
11.05070114	0.00425298
11.06262207	0.00349126
11.07454300	0.00174084
11.08646393	0.00061921
11.09838486	0.00069687
11.11030579	0.00186711
11.12222672	0.00229595
11.13414764	0.00199472
11.14606857	0.00173504
11.15798950	0.00136037
11.16991043	0.00036674
11.18183136	0.00121675
11.19375229	0.00202095
11.20567322	0.00214168
11.21759415	0.00226194
11.22951508	0.00167460
11.24143600	0.00029043
11.25335693	0.00150516
11.26527786	0.00271466
11.27719879	0.00438585
11.28911972	0.00668390
11.30104065	0.00741928
11.31296158	0.00851171
11.32488251	0.01114877
11.33680344	0.01098659
11.34872437	0.01003246
11.36064529	0.01009799
11.37256622	0.00754351
11.38448715	0.00457862
11.39640808	0.00314436
11.40832901	0.00139854
11.42024994	0.00085915
11.43217087	0.00191102
11.44409180	0.00204206
11.45601273	0.00205951
11.46793365	0.00195772
11.47985458	0.00116909
11.49177551	0.00076051
11.50369644	0.00137152
11.51561737	0.00173067
11.52753830	0.00217577
11.53945923	0.00200136
11.55138016	0.00070100
11.56330109	0.00086877
11.57522202	0.00185825
11.58714294	0.00303279
11.59906387	0.00424657
11.61098480	0.00371399
11.62290573	0.00073386
11.63482666	0.00456744
11.64674759	0.00700914
11.65866852	0.00632404
11.67058945	0.00330199
11.68251038	0.00122077
11.69443130	0.00467100
11.70635223	0.00491825
11.71827316	0.00242787
11.73019409	0.00035252
11.74211502	0.00179353
11.75403595	0.00218034
11.76595688	0.00228915
11.77787781	0.00208472
11.78979874	0.00101782
11.80171967	0.00043657
11.81364059	0.00130156
11.82556152	0.00161165
11.83748245	0.00196857
11.84940338	0.00164076
11.86132431	0.00042484
11.87324524	0.00094850
11.88516617	0.00192770
11.89708710	0.00281165
11.90900803	0.00356586
11.92092896	0.00332001
11.93284988	0.00179815
11.94477081	0.00058861
11.95669174	0.00463389
11.96861267	0.03541140
11.98053360	0.08373350
11.99245453	0.10421180
12.00437546	0.10550820
12.01629639	0.09486760
12.02821732	0.05103385
12.04013824	0.00977666
12.05205917	0.00209816
12.06398010	0.00280367
12.07590103	0.00263986
12.08782196	0.00243551
12.09974289	0.00127958
12.11166382	0.00010805
12.12358475	0.00063149
12.13550568	0.00096488
12.14742661	0.00144272
12.15934753	0.00148439
12.17126846	0.00081100
12.18318939	0.00005318
12.19511032	0.00065358
12.20703125	0.00141511
12.21895218	0.00223996
12.23087311	0.00231042
12.24279404	0.00152515
12.25471497	0.00070551
12.26663589	0.00078618
12.27855682	0.00306948
12.29047775	0.00609641
12.30239868	0.00686603
12.31431961	0.00650265
12.32624054	0.00602267
12.33816147	0.00375747
12.35008240	0.00243955
12.36200333	0.00325461
12.37392426	0.00355002
12.38584518	0.00367991
12.39776611	0.00348791
12.40968704	0.00199426
12.42160797	0.00076727
12.43352890	0.00087410
12.44544983	0.00124224
12.45737076	0.00169089
12.46929169	0.00157566
12.48121262	0.00065007
12.49313354	0.00050561
12.50505447	0.00089575
12.51697540	0.00151107
12.52889633	0.00221190
12.54081726	0.00235913
12.55273819	0.00212440
12.56465912	0.00181617
12.57658005	0.00118868
12.58850098	0.00144326
12.60042191	0.00323619
12.61234283	0.00384095
12.62426376	0.00370983
12.63618469	0.00355899
12.64810562	0.00269973
12.66002655	0.00363297
12.67194748	0.00595340
12.68386841	0.00663150
12.69578934	0.00672546
12.70771027	0.00612900
12.71963120	0.00331122
12.73155212	0.00109543
12.74347305	0.00134969
12.75539398	0.00194144
12.76731491	0.00263270
12.77923584	0.00275119
12.79115677	0.00205302
12.80307770	0.00131810
12.81499863	0.00067748
12.82691956	0.00016703
12.83884048	0.00110234
12.85076141	0.00152247
12.86268234	0.00146604
12.87460327	0.00153592
12.88652420	0.00127688
12.89844513	0.00067191
12.91036606	0.00137402
12.92228699	0.00188518
12.93420792	0.00204552
12.94612885	0.00241209
12.95804977	0.00857327
12.96997070	0.04037155
12.98189163	0.08367593
12.99381256	0.09843084
13.00573349	0.09926580
13.01765442	0.08743636
13.02957535	0.04518363
13.04149628	0.01034204
13.05341721	0.00147276
13.06533813	0.00063769
13.07725906	0.00190822
13.08917999	0.00263105
13.10110092	0.00202451
13.11302185	0.00119650
13.12494278	0.00051629
13.13686371	0.00114217
13.14878464	0.00224437
13.16070557	0.00252368
13.17262650	0.00217241
13.18454742	0.00177739
13.19646835	0.00128954
13.20838928	0.00085712
13.22031021	0.00202694
13.23223114	0.00271896
13.24415207	0.00303129
13.25607300	0.00341928
13.26799393	0.00251071
13.27991486	0.00114841
13.29183578	0.00435102
13.30375671	0.00518278
13.31567764	0.00320379
13.32759857	0.00049912
13.33951950	0.00383516
13.35144043	0.00521117
13.36336136	0.00363250
13.37528229	0.00028844
13.38720322	0.00292392
13.39912415	0.00352340
13.41104507	0.00230157
13.42296600	0.00122207
13.43488693	0.00042585
13.44680786	0.00092017
13.45872879	0.00197082
13.47064972	0.00230344
13.48257065	0.00212685
13.49449158	0.00186556
13.50641251	0.00119261
13.51833344	0.00046369
13.53025436	0.00090437
13.54217529	0.00127856
13.55409622	0.00158437
13.56601715	0.00174923
13.57793808	0.00119744
13.58985901	0.00020903
13.60177994	0.00163499
13.61370087	0.00311909
13.62562180	0.00674290
13.63754272	0.01083694
13.64946365	0.01144670
13.66138458	0.01208940
13.67330551	0.01227361
13.68522644	0.00861189
13.69714737	0.00620238
13.70906830	0.00578560
13.72098923	0.00395684
13.73291016	0.00252693
13.74483109	0.00182308
13.75675201	0.00085426
13.76867294	0.00095186
13.78059387	0.00117543
13.79251480	0.00089152
13.80443573	0.00062357
13.81635666	0.00020267
13.82827759	0.00076023
13.84019852	0.00159962
13.85211945	0.00175613
13.86404037	0.00175632
13.87596130	0.00189526
13.88788223	0.00133337
13.89980316	0.00041772
13.91172409	0.00171090
13.92364502	0.00286154
13.93556595	0.00432876
13.94748688	0.00588612
13.95940781	0.01027405
13.97132874	0.02976014
13.98324966	0.05293258
13.99517059	0.05832623
14.00709152	0.05839111
14.01901245	0.05018092
14.03093338	0.02483313
14.04285431	0.00659888
14.05477524	0.00202895
14.06669617	0.00060386
14.07861710	0.00238612
14.09053802	0.00278926
14.10245895	0.00237988
14.11437988	0.00214343
14.12630081	0.00144267
14.13822174	0.00045878
14.15014267	0.00097527
14.16206360	0.00159603
14.17398453	0.00214438
14.18590546	0.00255886
14.19782639	0.00219192
14.20974731	0.00131177
14.22166824	0.00105126
14.23358917	0.00158270
14.24551010	0.00228479
14.25743103	0.00292427
14.26935196	0.00221803
14.28127289	0.00040314
14.29319382	0.00180978
14.30511475	0.00201523
14.31703568	0.00167977
14.32895660	0.00638533
14.34087753	0.00887322
14.35279846	0.00985787
14.36471939	0.00775799
14.37664032	0.00222481
14.38856125	0.00174277
14.40048218	0.00270041
14.41240311	0.00259623
14.42432404	0.00232849
14.43624496	0.00177870
14.44816589	0.00087838
14.46008682	0.00045624
14.47200775	0.00092027
14.48392868	0.00157786
14.49584961	0.00229372
14.50777054	0.00215560
14.51969147	0.00110860
14.53161240	0.00045005
14.54353333	0.00121111
14.55545425	0.00216879
14.56737518	0.00293832
14.57929611	0.00247697
14.59121704	0.00132656
14.60313797	0.00047009
14.61505890	0.00245464
14.62697983	0.00885724
14.63890076	0.01523475
14.65082169	0.01620773
14.66274261	0.01566923
14.67466354	0.01283851
14.68658447	0.00619530
14.69850540	0.00273253
14.71042633	0.00280194
14.72234726	0.00284847
14.73426819	0.00299046
14.74618912	0.00241862
14.75811005	0.00095694
14.77003098	0.00060593
14.78195190	0.00107892
14.79387283	0.00151547
14.80579376	0.00191065
14.81771469	0.00158858
14.82963562	0.00061151
14.84155655	0.00032379
14.85347748	0.00104464
14.86539841	0.00181492
14.87731934	0.00258276
14.88924026	0.00252005
14.90116119	0.00198299
14.91308212	0.00137738
14.92500305	0.00017610
14.93692398	0.00222301
14.94884491	0.00451276
14.96076584	0.00505954
14.97268677	0.00516626
14.98460770	0.00475492
14.99652863	0.00328541
15.00844955	0.00347772
15.02037048	0.00461174
15.03229141	0.00472819
15.04421234	0.00480504
15.05613327	0.00390095
15.06805420	0.00164293
15.07997513	0.00015558
15.09189606	0.00125110
15.10381699	0.00202972
15.11573792	0.00246254
15.12765884	0.00207379
15.13957977	0.00103886
15.15150070	0.00029016
15.16342163	0.00049750
15.17534256	0.00102454
15.18726349	0.00159496
15.19918442	0.00144818
15.21110535	0.00104902
15.22302628	0.00074884
15.23494720	0.00059760
15.24686813	0.00208890
15.25878906	0.00353048
15.27070999	0.00386770
15.28263092	0.00388884
15.29455185	0.00360687
15.30647278	0.00364871
15.31839371	0.00707893
15.33031464	0.01100680
15.34223557	0.01195503
15.35415649	0.01253000
15.36607742	0.01057296
15.37799835	0.00526164
15.38991928	0.00159000
15.40184021	0.00046216
15.41376114	0.00124426
15.42568207	0.00216127
15.43760300	0.00222911
15.44952393	0.00153818
15.46144485	0.00102900
15.47336578	0.00057666
15.48528671	0.00076150
15.49720764	0.00141556
15.50912857	0.00131972
15.52104950	0.00094471
15.53297043	0.00068176
15.54489136	0.00026047
15.55681229	0.00106831
15.56873322	0.00198976
15.58065414	0.00209112
15.59257507	0.00203429
15.60449600	0.00167085
15.61641693	0.00160652
15.62833786	0.00821645
15.64025879	0.01417007
15.65217972	0.01479374
15.66410065	0.01314712
15.67602158	0.00868179
15.68794250	0.00183253
15.69986343	0.00160813
15.71178436	0.00076947
15.72370529	0.00112299
15.73562622	0.00256481
15.74754715	0.00248650
15.75946808	0.00153520
15.77138901	0.00094313
15.78330994	0.00067943
15.79523087	0.00140128
15.80715179	0.00217654
15.81907272	0.00218230
15.83099365	0.00198081
15.84291458	0.00184880
15.85483551	0.00118436
15.86675644	0.00013655
15.87867737	0.00071244
15.89059830	0.00102819
15.90251923	0.00139115
15.91444016	0.00158160
15.92636108	0.00075622
15.93828201	0.00136507
15.95020294	0.00242515
15.96212387	0.00392971
15.97404480	0.02433456
15.98596573	0.04309662
15.99788666	0.04745205
16.00980759	0.04637438
16.02172852	0.03347554
16.03364944	0.00997512
16.04557037	0.00338406
16.05749130	0.00503155
16.06941223	0.00357048
16.08133316	0.00235677
16.09325409	0.00120646
16.10517502	0.00056260
16.11709595	0.00184283
16.12901688	0.00221324
16.14093781	0.00193907
16.15285873	0.00172633
16.16477966	0.00109718
16.17670059	0.00009291
16.18862152	0.00116269
16.20054245	0.00165029
16.21246338	0.00210118
16.22438431	0.00244107
16.23630524	0.00172123
16.24822617	0.00017929
16.26014709	0.00135313
16.27206802	0.00274123
16.28398895	0.00513021
16.29590988	0.00662449
16.30783081	0.00676206
16.31975174	0.00874275
16.33167267	0.00978636
16.34359360	0.00837590
16.35551453	0.00830305
16.36743546	0.00731488
16.37935638	0.00438072
16.39127731	0.00260215
16.40319824	0.00132257
16.41511917	0.00048577
16.42704010	0.00153772
16.43896103	0.00166514
16.45088196	0.00147613
16.46280289	0.00133299
16.47472382	0.00066792
16.48664474	0.00090282
16.49856567	0.00159520
16.51048660	0.00184374
16.52240753	0.00193031
16.53432846	0.00170057
16.54624939	0.00090236
16.55817032	0.00024909
16.57009125	0.00085546
16.58201218	0.00154463
16.59393311	0.00277049
16.60585403	0.00343949
16.61777496	0.00162290
16.62969589	0.00280309
16.64161682	0.00661316
16.65353775	0.00731542
16.66545868	0.00537986
16.67737961	0.00172914
16.68930054	0.00285953
16.70122147	0.00442605
16.71314240	0.00261302
16.72506332	0.00053539
16.73698425	0.00244062
16.74890518	0.00280930
16.76082611	0.00260863
16.77274704	0.00237086
16.78466797	0.00151331
16.79658890	0.00048027
16.80850983	0.00127240
16.82043076	0.00171134
16.83235168	0.00215719
16.84427261	0.00219677
16.85619354	0.00120651
16.86811447	0.00050437
16.88003540	0.00133294
16.89195633	0.00206329
16.90387726	0.00273740
16.91579819	0.00291166
16.92771912	0.00208181
16.93964005	0.00136772
16.95156097	0.00115989
16.96348190	0.01151258
16.97540283	0.04402162
16.98732376	0.06954396
16.99924469	0.07382686
17.01116562	0.07240584
17.02308655	0.05142772
17.03500748	0.01686109
17.04692841	0.00090042
17.05884933	0.00265024
17.07077026	0.00269580
17.08269119	0.00279773
17.09461212	0.00225260
17.10653305	0.00090261
17.11845398	0.00034484
17.13037491	0.00076832
17.14229584	0.00137624
17.15421677	0.00172169
17.16613770	0.00120427
17.17805862	0.00054784
17.18997955	0.00012918
17.20190048	0.00061486
17.21382141	0.00129668
17.22574234	0.00169520
17.23766327	0.00114594
17.24958420	0.00038988
17.26150513	0.00066091
17.27342606	0.00223558
17.28534698	0.00552495
17.29726791	0.00771766
17.30918884	0.00767957
17.32110977	0.00763759
17.33303070	0.00601585
17.34495163	0.00340563
17.35687256	0.00319501
17.36879349	0.00373754
17.38071442	0.00362057
17.39263535	0.00359531
17.40455627	0.00259182
17.41647720	0.00098643
17.42839813	0.00078464
17.44031906	0.00109119
17.45223999	0.00138207
17.46416092	0.00161475
17.47608185	0.00112459
17.48800278	0.00025666
17.49992371	0.00054709
17.51184464	0.00133636
17.52376556	0.00229334
17.53568649	0.00295159
17.54760742	0.00260541
17.55952835	0.00176632
17.57144928	0.00085872
17.58337021	0.00125348
17.59529114	0.00351470
17.60721207	0.00487940
17.61913300	0.00490745
17.63105392	0.00490517
17.64297485	0.00414375
17.65489578	0.00348953
17.66681671	0.00513980
17.67873764	0.00627153
17.69065857	0.00607249
17.70257950	0.00606719
17.71450043	0.00438355
17.72642136	0.00152221
17.73834229	0.00039576
17.75026321	0.00116627
17.76218414	0.00187887
17.77410507	0.00236760
17.78602600	0.00199683
17.79794693	0.00126854
17.80986786	0.00080135
17.82178879	0.00046667
17.83370972	0.00111836
17.84563065	0.00181127
17.85755157	0.00186685
17.86947250	0.00168410
17.88139343	0.00145583
17.89331436	0.00083766
17.90523529	0.00154137
17.91715622	0.00255139
17.92907715	0.00260834
17.94099808	0.00285354
17.95291901	0.00412453
17.96483994	0.01729821
17.97676086	0.04876810
17.98868179	0.06943390
18.00060272	0.07150564
18.01252365	0.06945332
18.02444458	0.04723053
18.03636551	0.01537302
18.04828644	0.00191324
18.06020737	0.00036354
18.07212830	0.00163353
18.08404922	0.00235880
18.09597015	0.00179876
18.10789108	0.00095512
18.11981201	0.00055789
18.13173294	0.00095117
18.14365387	0.00184260
18.15557480	0.00227273
18.16749573	0.00200825
18.17941666	0.00172040
18.19133759	0.00129586
18.20325851	0.00037673
18.21517944	0.00138040
18.22710037	0.00241407
18.23902130	0.00275557
18.25094223	0.00300981
18.26286316	0.00260023
18.27478409	0.00028216
18.28670502	0.00344406
18.29862595	0.00580240
18.31054688	0.00530456
18.32246780	0.00284524
18.33438873	0.00110194
18.34630966	0.00329871
18.35823059	0.00332615
18.37015152	0.00135855
18.38207245	0.00284249
18.39399338	0.00439912
18.40591431	0.00388258
18.41783524	0.00263373
18.42975616	0.00179833
18.44167709	0.00079443
18.45359802	0.00045064
18.46551895	0.00124080
18.47743988	0.00134305
18.48936081	0.00135957
18.50128174	0.00131204
18.51320267	0.00056085
18.52512360	0.00066149
18.53704453	0.00142636
18.54896545	0.00161531
18.56088638	0.00183364
18.57280731	0.00158596
18.58472824	0.00048657
18.59664917	0.00153851
18.60857010	0.00278378
18.62049103	0.00505038
18.63241196	0.00977267
18.64433289	0.01210107
18.65625381	0.01203927
18.66817474	0.01303173
18.68009567	0.01100644
18.69201660	0.00743301
18.70393753	0.00657197
18.71585846	0.00542733
18.72777939	0.00345533
18.73970032	0.00210625
18.75162125	0.00060534
18.76354218	0.00114268
18.77546310	0.00220897
18.78738403	0.00231009
18.79930496	0.00227474
18.81122589	0.00207448
18.82314682	0.00112986
18.83506775	0.00029870
18.84698868	0.00089141
18.85890961	0.00136957
18.87083054	0.00166384
18.88275146	0.00150251
18.89467239	0.00066391
18.90659332	0.00046998
18.91851425	0.00141403
18.93043518	0.00252337
18.94235611	0.00435833
18.95427704	0.00622859
18.96619797	0.01512306
18.97811890	0.03366177
18.99003983	0.04334673
19.00196075	0.04349391
19.01388168	0.04224591
19.02580261	0.02835750
19.03772354	0.01062344
19.04964447	0.00384685
19.06156540	0.00162047
19.07348633	0.00077297
19.08540726	0.00227690
19.09732819	0.00266912
19.10924911	0.00258879
19.12117004	0.00222458
19.13309097	0.00096962
19.14501190	0.00062225
19.15693283	0.00161877
19.16885376	0.00201269
19.18077469	0.00220384
19.19269562	0.00183289
19.20461655	0.00072723
19.21653748	0.00069753
19.22845840	0.00142785
19.24037933	0.00231186
19.25230026	0.00348162
19.26422119	0.00350904
19.27614212	0.00180807
19.28806305	0.00061869
19.29998398	0.00208335
19.31190491	0.00092814
19.32382584	0.00421802
19.33574677	0.00781585
19.34766769	0.00949649
19.35958862	0.00923425
19.37150955	0.00521194
19.38343048	0.00049199
19.39535141	0.00151057
19.40727234	0.00167338
19.41919327	0.00171236
19.43111420	0.00173984
19.44303513	0.00089233
19.45495605	0.00034086
19.46687698	0.00115350
19.47879791	0.00161272
19.49071884	0.00200578
19.50263977	0.00186405
19.51456070	0.00092309
19.52648163	0.00006495
19.53840256	0.00078745
19.55032349	0.00139612
19.56224442	0.00207445
19.57416534	0.00203687
19.58608627	0.00113279
19.59800720	0.00020540
19.60992813	0.00117424
19.62184906	0.00568521
19.63376999	0.01327942
19.64569092	0.01658334
19.65761185	0.01620238
19.66953278	0.01520151
19.68145370	0.00940845
19.69337463	0.00343129
19.70529556	0.00260340
19.71721649	0.00299486
19.72913742	0.00336697
19.74105835	0.00360740
19.75297928	0.00257370
19.76490021	0.00136097
19.77682114	0.00118958
19.78874207	0.00125081
19.80066299	0.00159973
19.81258392	0.00178202
19.82450485	0.00148737
19.83642578	0.00119012
19.84834671	0.00119875
19.86026764	0.00128458
19.87218857	0.00177433
19.88410950	0.00221640
19.89603043	0.00176673
19.90795135	0.00113215
19.91987228	0.00034636
19.93179321	0.00175768
19.94371414	0.00431166
19.95563507	0.00538520
19.96755600	0.00533953
19.97947693	0.00528964
19.99139786	0.00407650
20.00331879	0.00351476
20.01523972	0.00489651
20.02716064	0.00544972
20.03908157	0.00536874
20.05100250	0.00497360
20.06292343	0.00295694
20.07484436	0.00070752
20.08676529	0.00055699
20.09868622	0.00124924
20.11060715	0.00190655
20.12252808	0.00210127
20.13444901	0.00150506
20.14636993	0.00090006
20.15829086	0.00058821
20.17021179	0.00038116
20.18213272	0.00092516
20.19405365	0.00130196
20.20597458	0.00118012
20.21789551	0.00101835
20.22981644	0.00061351
20.24173737	0.00084473
20.25365829	0.00234848
20.26557922	0.00307611
20.27750015	0.00318002
20.28942108	0.00317435
20.30134201	0.00290587
20.31326294	0.00508417
20.32518387	0.00950517
20.33710480	0.01136257
20.34902573	0.01166750
20.36094666	0.01112572
20.37286758	0.00689289
20.38478851	0.00228237
20.39670944	0.00028765
20.40863037	0.00082824
20.42055130	0.00169914
20.43247223	0.00203358
20.44439316	0.00141967
20.45631409	0.00067731
20.46823502	0.00049037
20.48015594	0.00130513
20.49207687	0.00243005
20.50399780	0.00309778
20.51591873	0.00292291
20.52783966	0.00241843
20.53976059	0.00160656
20.55168152	0.00022700
20.56360245	0.00152262
20.57552338	0.00251505
20.58744431	0.00288717
20.59936523	0.00313134
20.61128616	0.00175992
20.62320709	0.00392284
20.63512802	0.01188038
20.64704895	0.01542005
20.65896988	0.01483510
20.67089081	0.01221101
20.68281174	0.00583250
20.69473267	0.00051260
20.70665359	0.00038669
20.71857452	0.00136664
20.73049545	0.00262562
20.74241638	0.00274499
20.75433731	0.00182499
20.76625824	0.00111762
20.77817917	0.00083682
20.79010010	0.00015247
20.80202103	0.00093630
20.81394196	0.00178158
20.82586288	0.00197697
20.83778381	0.00186037
20.84970474	0.00130842
20.86162567	0.00026997
20.87354660	0.00152969
20.88546753	0.00216215
20.89738846	0.00217305
20.90930939	0.00208695
20.92123032	0.00107495
20.93315125	0.00122780
20.94507217	0.00316971
20.95699310	0.00188547
20.96891403	0.00966778
20.98083496	0.02692820
20.99275589	0.03497524
21.00467682	0.03557048
21.01659775	0.03074459
21.02851868	0.01500325
21.04043961	0.00106064
21.05236053	0.00322505
21.06428146	0.00222712
21.07620239	0.00105392
21.08812332	0.00048518
21.10004425	0.00041083
21.11196518	0.00144673
21.12388611	0.00194519
21.13580704	0.00188086
21.14772797	0.00182269
21.15964890	0.00141521
21.17156982	0.00068878
21.18349075	0.00097485
21.19541168	0.00155377
21.20733261	0.00175921
21.21925354	0.00204999
21.23117447	0.00169244
21.24309540	0.00063081
21.25501633	0.00128940
21.26693726	0.00219880
21.27885818	0.00391367
21.29077911	0.00616830
21.30270004	0.00661046
21.31462097	0.00797606
21.32654190	0.01062425
21.33846283	0.01005711
21.35038376	0.00910419
21.36230469	0.00893041
21.37422562	0.00625499
21.38614655	0.00359817
21.39806747	0.00245523
21.40998840	0.00095688
21.42190933	0.00058422
21.43383026	0.00111505
21.44575119	0.00097515
21.45767212	0.00080668
21.46959305	0.00048280
21.48151398	0.00067354
21.49343491	0.00120426
21.50535583	0.00150766
21.51727676	0.00173734
21.52919769	0.00213558
21.54111862	0.00192487
21.55303955	0.00093682
21.56496048	0.00043835
21.57688141	0.00146684
21.58880234	0.00275158
21.60072327	0.00393525
21.61264420	0.00322180
21.62456512	0.00136642
21.63648605	0.00585426
21.64840698	0.00813689
21.66032791	0.00737500
21.67224884	0.00419761
21.68416977	0.00178267
21.69609070	0.00485783
21.70801163	0.00488601
21.71993256	0.00242531
21.73185349	0.00102021
21.74377441	0.00215508
21.75569534	0.00226551
21.76761627	0.00202501
21.77953720	0.00155285
21.79145813	0.00062445
21.80337906	0.00080698
21.81529999	0.00113497
21.82722092	0.00114110
21.83914185	0.00116065
21.85106277	0.00088031
21.86298370	0.00020421
21.87490463	0.00044754
21.88682556	0.00090960
21.89874649	0.00162340
21.91066742	0.00239365
21.92258835	0.00237556
21.93450928	0.00121036
21.94643021	0.00053813
21.95835114	0.00262279
21.97027206	0.02125441
21.98219299	0.04688455
21.99411392	0.05638323
22.00603485	0.05735711
22.01795578	0.04966046
22.02987671	0.02414508
22.04179764	0.00324476
22.05371857	0.00251006
22.06563950	0.00280848
22.07756042	0.00272696
22.08948135	0.00233775
22.10140228	0.00122219
22.11332321	0.00081544
22.12524414	0.00096641
22.13716507	0.00092309
22.14908600	0.00114363
22.16100693	0.00087864
22.17292786	0.00014978
22.18484879	0.00068203
22.19676971	0.00115728
22.20869064	0.00188044
22.22061157	0.00255510
22.23253250	0.00242641
22.24445343	0.00165287
22.25637436	0.00103637
22.26829529	0.00102850
22.28021622	0.00382811
22.29213715	0.00712193
22.30405807	0.00777360
22.31597900	0.00746506
22.32789993	0.00677812
22.33982086	0.00434287
22.35174179	0.00342618
22.36366272	0.00437842
22.37558365	0.00465463
22.38750458	0.00453933
22.39942551	0.00366061
22.41134644	0.00172562
22.42326736	0.00022789
22.43518829	0.00098946
22.44710922	0.00143409
22.45903015	0.00191074
22.47095108	0.00190970
22.48287201	0.00100854
22.49479294	0.00037354
22.50671387	0.00062085
22.51863480	0.00118710
22.53055573	0.00183004
22.54247665	0.00168061
22.55439758	0.00114878
22.56631851	0.00080358
22.57823944	0.00057163
22.59016037	0.00154008
22.60208130	0.00317702
22.61400223	0.00358763
22.62592316	0.00349837
22.63784409	0.00340674
22.64976501	0.00283024
22.66168594	0.00405549
22.67360687	0.00624021
22.68552780	0.00682424
22.69744873	0.00704314
22.70936966	0.00603502
22.72129059	0.00279839
22.73321152	0.00022952
22.74513245	0.00127688
22.75705338	0.00213063
22.76897430	0.00277038
22.78089523	0.00256152
22.79281616	0.00154710
22.80473709	0.00078941
22.81665802	0.00055951
22.82857895	0.00062197
22.84049988	0.00125484
22.85242081	0.00141956
22.86434174	0.00115777
22.87626266	0.00099147
22.88818359	0.00039925
22.90010452	0.00116606
22.91202545	0.00249783
22.92394638	0.00300945
22.93586731	0.00315441
22.94778824	0.00344222
22.95970917	0.00773900
22.97163010	0.02717272
22.98355103	0.04990308
22.99547195	0.05599104
23.00739288	0.05641080
23.01931381	0.04759871
23.03123474	0.02240098
23.04315567	0.00439901
23.05507660	0.00010349
23.06699753	0.00134145
23.07891846	0.00237929
23.09083939	0.00250557
23.10276031	0.00169464
23.11468124	0.00096742
23.12660217	0.00011031
23.13852310	0.00089332
23.15044403	0.00166953
23.16236496	0.00180046
23.17428589	0.00142136
23.18620682	0.00102482
23.19812775	0.00050472
23.21004868	0.00067248
23.22196960	0.00171843
23.23389053	0.00201208
23.24581146	0.00189087
23.25773239	0.00153891
23.26965332	0.00009844
23.28157425	0.00308543
23.29349518	0.00617827
23.30541611	0.00643067
23.31733704	0.00422572
23.32925797	0.00153232
23.34117889	0.00320589
23.35309982	0.00442890
23.36502075	0.00294417
23.37694168	0.00022251
23.38886261	0.00236451
23.40078354	0.00259519
23.41270447	0.00156750
23.42462540	0.00076138
23.43654633	0.00042041
23.44846725	0.00122766
23.46038818	0.00227350
23.47230911	0.00265102
23.48423004	0.00242511
23.49615097	0.00211054
23.50807190	0.00122754
23.51999283	0.00062370
23.53191376	0.00192794
23.54383469	0.00256139
23.55575562	0.00279640
23.56767654	0.00281102
23.57959747	0.00190442
23.59151840	0.00064317
23.60343933	0.00168025
23.61536026	0.00330108
23.62728119	0.00763898
23.63920212	0.01182765
23.65112305	0.01210097
23.66304398	0.01266820
23.67496490	0.01211075
23.68688583	0.00789480
23.69880676	0.00561372
23.71072769	0.00502847
23.72264862	0.00333554
23.73456955	0.00204575
23.74649048	0.00102392
23.75841141	0.00039866
23.77033234	0.00151025
23.78225327	0.00169951
23.79417419	0.00140241
23.80609512	0.00110639
23.81801605	0.00042948
23.82993698	0.00075069
23.84185791	0.00153322
23.85377884	0.00176969
23.86569977	0.00181911
23.87762070	0.00195213
23.88954163	0.00152081
23.90146255	0.00033265
23.91338348	0.00087913
23.92530441	0.00171538
23.93722534	0.00317313
23.94914627	0.00454531
23.96106720	0.00761585
23.97298813	0.01994178
23.98490906	0.03236307
23.99682999	0.03431200
24.00875092	0.03481519
24.02067184	0.02925138
24.03259277	0.01431719
24.04451370	0.00485015
24.05643463	0.00202921
24.06835556	0.00043715
24.08027649	0.00198656
24.09219742	0.00250704
24.10411835	0.00230329
24.11603928	0.00224595
24.12796021	0.00168943
24.13988113	0.00049765
24.15180206	0.00067871
24.16372299	0.00122362
24.17564392	0.00155863
24.18756485	0.00185129
24.19948578	0.00145802
24.21140671	0.00071691
24.22332764	0.00082399
24.23524857	0.00118383
24.24716949	0.00235610
24.25909042	0.00353513
24.27101135	0.00304661
24.28293228	0.00138090
24.29485321	0.00119178
24.30677414	0.00119707
24.31869507	0.00228613
24.33061600	0.00661226
24.34253693	0.00910252
24.35445786	0.00993707
24.36637878	0.00764210
24.37829971	0.00262577
24.39022064	0.00107482
24.40214157	0.00212617
24.41406250	0.00204271
24.42598343	0.00191276
24.43790436	0.00125872
24.44982529	0.00012875
24.46174622	0.00078151
24.47366714	0.00129689
24.48558807	0.00172952
24.49750900	0.00219278
24.50942993	0.00212774
24.52135086	0.00141255
24.53327179	0.00061886
24.54519272	0.00039598
24.55711365	0.00115035
24.56903458	0.00197787
24.58095551	0.00179640
24.59287643	0.00094965
24.60479736	0.00034771
24.61671829	0.00349054
24.62863922	0.01143723
24.64056015	0.01819226
24.65248108	0.01887423
24.66440201	0.01822518
24.67632294	0.01416257
24.68824387	0.00640322
24.70016479	0.00292398
24.71208572	0.00302475
24.72400665	0.00310836
24.73592758	0.00327524
24.74784851	0.00273785
24.75976944	0.00142005
24.77169037	0.00093345
24.78361130	0.00128109
24.79553223	0.00156224
24.80745316	0.00179575
24.81937408	0.00133705
24.83129501	0.00046821
24.84321594	0.00063422
24.85513687	0.00122032
24.86705780	0.00201904
24.87897873	0.00255827
24.89089966	0.00195994
24.90282059	0.00079801
24.91474152	0.00035667
24.92666245	0.00172381
24.93858337	0.00395201
24.95050430	0.00555989
24.96242523	0.00556226
24.97434616	0.00549246
24.98626709	0.00473414
24.99818802	0.00323854
25.01010895	0.00365751
25.02202988	0.00465763
25.03395081	0.00456241
25.04587173	0.00458960
25.05779266	0.00356411
25.06971359	0.00125174
25.08163452	0.00045053
25.09355545	0.00125367
25.10547638	0.00181561
25.11739731	0.00214902
25.12931824	0.00162481
25.14123917	0.00071364
25.15316010	0.00037052
25.16508102	0.00066459
25.17700195	0.00122125
25.18892288	0.00175418
25.20084381	0.00153973
25.21276474	0.00099663
25.22468567	0.00057120
25.23660660	0.00075453
25.24852753	0.00238231
25.26044846	0.00333530
25.27236938	0.00307760
25.28429031	0.00288363
25.29621124	0.00245470
25.30813217	0.00273755
25.32005310	0.00658645
25.33197403	0.01013429
25.34389496	0.01080737
25.35581589	0.01124263
25.36773682	0.00901897
25.37965775	0.00414722
25.39157867	0.00111637
25.40349960	0.00070353
25.41542053	0.00161258
25.42734146	0.00240200
25.43926239	0.00202766
25.45118332	0.00088394
25.46310425	0.00003992
25.47502518	0.00092923
25.48694611	0.00189460
25.49886703	0.00245493
25.51078796	0.00224325
25.52270889	0.00191358
25.53462982	0.00167045
25.54655075	0.00082497
25.55847168	0.00075511
25.57039261	0.00181773
25.58231354	0.00200344
25.59423447	0.00215372
25.60615540	0.00165750
25.61807632	0.00254917
25.62999725	0.01053755
25.64191818	0.01658290
25.65383911	0.01703712
25.66576004	0.01524403
25.67768097	0.00953529
25.68960190	0.00178990
25.70152283	0.00125866
25.71344376	0.00049085
25.72536469	0.00139990
25.73728561	0.00261438
25.74920654	0.00245543
25.76112747	0.00167690
25.77304840	0.00129039
25.78496933	0.00108227
25.79689026	0.00150919
25.80881119	0.00215320
25.82073212	0.00208801
25.83265305	0.00183527
25.84457397	0.00148306
25.85649490	0.00060577
25.86841583	0.00114066
25.88033676	0.00187503
25.89225769	0.00199162
25.90417862	0.00212547
25.91609955	0.00187234
25.92802048	0.00023895
25.93994141	0.00230551
25.95186234	0.00370017
25.96378326	0.00112063
25.97570419	0.01420219
25.98762512	0.02528608
25.99954605	0.02811695
26.01146698	0.02714765
26.02338791	0.01795011
26.03530884	0.00397189
26.04722977	0.00322674
26.05915070	0.00359257
26.07107162	0.00227942
26.08299255	0.00148684
26.09491348	0.00072849
26.10683441	0.00054700
26.11875534	0.00145837
26.13067627	0.00161826
26.14259720	0.00143956
26.15451813	0.00135516
26.16643906	0.00067552
26.17835999	0.00076329
26.19028091	0.00179135
26.20220184	0.00207172
26.21412277	0.00233889
26.22604370	0.00219778
26.23796463	0.00096407
26.24988556	0.00096912
26.26180649	0.00218576
26.27372742	0.00351714
26.28564835	0.00590309
26.29756927	0.00711241
26.30949020	0.00722951
26.32141113	0.00925740
26.33333206	0.00984382
26.34525299	0.00843627
26.35717392	0.00854204
26.36909485	0.00724683
26.38101578	0.00426019
26.39293671	0.00255892
26.40485764	0.00119689
26.41677856	0.00046877
26.42869949	0.00161297
26.44062042	0.00174340
26.45254135	0.00149070
26.46446228	0.00148378
26.47638321	0.00095659
26.48830414	0.00030195
26.50022507	0.00100552
26.51214600	0.00139032
26.52406693	0.00183920
26.53598785	0.00194490
26.54790878	0.00105505
26.55982971	0.00041968
26.57175064	0.00116153
26.58367157	0.00169534
26.59559250	0.00257495
26.60751343	0.00280994
26.61943436	0.00062387
26.63135529	0.00484229
26.64327621	0.00854317
26.65519714	0.00896246
26.66711807	0.00699921
26.67903900	0.00258593
26.69095993	0.00246809
26.70288086	0.00408919
26.71480179	0.00247061
26.72672272	0.00087058
26.73864365	0.00238280
26.75056458	0.00262136
26.76248550	0.00258637
26.77440643	0.00264994
26.78632736	0.00191664
26.79824829	0.00092951
26.81016922	0.00057017
26.82209015	0.00068129
26.83401108	0.00096763
26.84593201	0.00113059
26.85785294	0.00063768
26.86977386	0.00041811
26.88169479	0.00098990
26.89361572	0.00163247
26.90553665	0.00279084
26.91745758	0.00336227
26.92937851	0.00251446
26.94129944	0.00107487
26.95322037	0.00069085
26.96514130	0.00939997
26.97706223	0.03041032
26.98898315	0.04450088
27.00090408	0.04658403
27.01282501	0.04481959
27.02474594	0.02911859
27.03666687	0.00753156
27.04858780	0.00236516
27.06050873	0.00330240
27.07242966	0.00314948
27.08435059	0.00299960
27.09627151	0.00199910
27.10819244	0.00081097
27.12011337	0.00101509
27.13203430	0.00141875
27.14395523	0.00183887
27.15587616	0.00190930
27.16779709	0.00112969
27.17971802	0.00026309
27.19163895	0.00035054
27.20355988	0.00097278
27.21548080	0.00195363
27.22740173	0.00253373
27.23932266	0.00229658
27.25124359	0.00179903
27.26316452	0.00138634
27.27508545	0.00229536
27.28700638	0.00588304
27.29892731	0.00803628
27.31084824	0.00807432
27.32276917	0.00799674
27.33469009	0.00592473
27.34661102	0.00339789
27.35853195	0.00335400
27.37045288	0.00345050
27.38237381	0.00320760
27.39429474	0.00326311
27.40621567	0.00214248
27.41813660	0.00052500
27.43005753	0.00129249
27.44197845	0.00195084
27.45389938	0.00260539
27.46582031	0.00281132
27.47774124	0.00188843
27.48966217	0.00058498
27.50158310	0.00043985
27.51350403	0.00130511
27.52542496	0.00209113
27.53734589	0.00218075
27.54926682	0.00157739
27.56118774	0.00092976
27.57310867	0.00032617
27.58502960	0.00132369
27.59695053	0.00324560
27.60887146	0.00429326
27.62079239	0.00431780
27.63271332	0.00440015
27.64463425	0.00368140
27.65655518	0.00363708
27.66847610	0.00562512
27.68039703	0.00661094
27.69231796	0.00656969
27.70423889	0.00638707
27.71615982	0.00410766
27.72808075	0.00117319
27.74000168	0.00052352
27.75192261	0.00116914
27.76384354	0.00183108
27.77576447	0.00206873
27.78768539	0.00141174
27.79960632	0.00080092
27.81152725	0.00061014
27.82344818	0.00090602
27.83536911	0.00156433
27.84729004	0.00189080
27.85921097	0.00164982
27.87113190	0.00129728
27.88305283	0.00085593
27.89497375	0.00022086
27.90689468	0.00166760
27.91881561	0.00252305
27.93073654	0.00247753
27.94265747	0.00241861
27.95457840	0.00303195
27.96649933	0.01271422
27.97842026	0.03318879
27.99034119	0.04454913
28.00226212	0.04578393
28.01418304	0.04418829
28.02610397	0.02831828
28.03802490	0.00857845
28.04994583	0.00096368
28.06186676	0.00078683
28.07378769	0.00205846
28.08570862	0.00275380
28.09762955	0.00214313
28.10955048	0.00119314
28.12147141	0.00088040
28.13339233	0.00091792
28.14531326	0.00144075
28.15723419	0.00184278
28.16915512	0.00144008
28.18107605	0.00107511
28.19299698	0.00070752
28.20491791	0.00034710
28.21683884	0.00157367
28.22875977	0.00217602
28.24068069	0.00230174
28.25260162	0.00249808
28.26452255	0.00198856
28.27644348	0.00039896
28.28836441	0.00415039
28.30028534	0.00627375
28.31220627	0.00548631
28.32412720	0.00294978
28.33604813	0.00109783
28.34796906	0.00346907
28.35988998	0.00331771
28.37181091	0.00079617
28.38373184	0.00203098
28.39565277	0.00316332
28.40757370	0.00234482
28.41949463	0.00107248
28.43141556	0.00033173
28.44333649	0.00087475
28.45525742	0.00170592
28.46717834	0.00214569
28.47909927	0.00213039
28.49102020	0.00222596
28.50294113	0.00230983
28.51486206	0.00171864
28.52678299	0.00061884
28.53870392	0.00054451
28.55062485	0.00105814
28.56254578	0.00160712
28.57446671	0.00157883
28.58638763	0.00037572
28.59830856	0.00189258
28.61022949	0.00338747
28.62215042	0.00653955
28.63407135	0.01180680
28.64599228	0.01345641
28.65791321	0.01305923
28.66983414	0.01357139
28.68175507	0.01035114
28.69367599	0.00648057
28.70559692	0.00571142
28.71751785	0.00443272
28.72943878	0.00272733
28.74135971	0.00178634
28.75328064	0.00066898
28.76520157	0.00073254
28.77712250	0.00147936
28.78904343	0.00157995
28.80096436	0.00169950
28.81288528	0.00165280
28.82480621	0.00096146
28.83672714	0.00059031
28.84864807	0.00130791
28.86056900	0.00168301
28.87248993	0.00215857
28.88441086	0.00192831
28.89633179	0.00062847
28.90825272	0.00109814
28.92017365	0.00207488
28.93209457	0.00319719
28.94401550	0.00483484
28.95593643	0.00607060
28.96785736	0.01243980
28.97977829	0.02434092
28.99169922	0.02902095
29.00362015	0.02886075
29.01554108	0.02780198
29.02746201	0.01787550
29.03938293	0.00700744
29.05130386	0.00332130
29.06322479	0.00148856
29.07514572	0.00062317
29.08706665	0.00185202
29.09898758	0.00209160
29.11090851	0.00215715
29.12282944	0.00181399
29.13475037	0.00092442
29.14667130	0.00091966
29.15859222	0.00136500
29.17051315	0.00143808
29.18243408	0.00170324
29.19435501	0.00160680
29.20627594	0.00077640
29.21819687	0.00016575
29.23011780	0.00070825
29.24203873	0.00155214
29.25395966	0.00271381
29.26588058	0.00259580
29.27780151	0.00083935
29.28972244	0.00152271
29.30164337	0.00257644
29.31356430	0.00086525
29.32548523	0.00413223
29.33740616	0.00775806
29.34932709	0.00948430
29.36124802	0.00889558
29.37316895	0.00487275
29.38508987	0.00048632
29.39701080	0.00166108
29.40893173	0.00212597
29.42085266	0.00232849
29.43277359	0.00212594
29.44469452	0.00088248
29.45661545	0.00045613
29.46853638	0.00123278
29.48045731	0.00174926
29.49237823	0.00205660
29.50429916	0.00179311
29.51622009	0.00100436
29.52814102	0.00045062
29.54006195	0.00117200
29.55198288	0.00193385
29.56390381	0.00285638
29.57582474	0.00281891
29.58774567	0.00154741
29.59966660	0.00018959
29.61158752	0.00197826
29.62350845	0.00824360
29.63542938	0.01693141
29.64735031	0.01987418
29.65927124	0.01918460
29.67119217	0.01718837
29.68311310	0.00973361
29.69503403	0.00331061
29.70695496	0.00262046
29.71887589	0.00300710
29.73079681	0.00321072
29.74271774	0.00302980
29.75463867	0.00172196
29.76655960	0.00013823
29.77848053	0.00081169
29.79040146	0.00124989
29.80232239	0.00163097
29.81424332	0.00148971
29.82616425	0.00085448
29.83808517	0.00059164
29.85000610	0.00062027
29.86192703	0.00105497
29.87384796	0.00171125
29.88576889	0.00207215
29.89768982	0.00183306
29.90961075	0.00119652
29.92153168	0.00036317
29.93345261	0.00234973
29.94537354	0.00514722
29.95729446	0.00612892
29.96921539	0.00584033
29.98113632	0.00536894
29.99305725	0.00374404
30.00497818	0.00303659
30.01689911	0.00409294
30.02882004	0.00437316
30.04074097	0.00421982
30.05266190	0.00378233
30.06458282	0.00195060
30.07650375	0.00067058
30.08842468	0.00109813
30.10034561	0.00146751
30.11226654	0.00209216
30.12418747	0.00217996
30.13610840	0.00130505
30.14802933	0.00036814
30.15995026	0.00056106
30.17187119	0.00148498
30.18379211	0.00222466
30.19571304	0.00204895
30.20763397	0.00131320
30.21955490	0.00074354
30.23147583	0.00057371
30.24339676	0.00161658
30.25531769	0.00296129
30.26723862	0.00326032
30.27915955	0.00297542
30.29108047	0.00283524
30.30300140	0.00247422
30.31492233	0.00460941
30.32684326	0.00863003
30.33876419	0.00976586
30.35068512	0.00981768
30.36260605	0.00910092
30.37452698	0.00499429
30.38644791	0.00129300
30.39836884	0.00036079
30.41028976	0.00073288
30.42221069	0.00167890
30.43413162	0.00201369
30.44605255	0.00125196
30.45797348	0.00045217
30.46989441	0.00023339
30.48181534	0.00100251
30.49373627	0.00177092
30.50565720	0.00184801
30.51757813	0.00132279
30.52949905	0.00100726
30.54141998	0.00055800
30.55334091	0.00066177
30.56526184	0.00164886
30.57718277	0.00191798
30.58910370	0.00212858
30.60102463	0.00225788
30.61294556	0.00090194
30.62486649	0.00666432
30.63678741	0.01541318
30.64870834	0.01867463
30.66062927	0.01813712
30.67255020	0.01487501
30.68447113	0.00674288
30.69639206	0.00068756
30.70831299	0.00016397
30.72023392	0.00168164
30.73215485	0.00306099
30.74407578	0.00318497
30.75599670	0.00209928
30.76791763	0.00118916
30.77983856	0.00065783
30.79175949	0.00081047
30.80368042	0.00164913
30.81560135	0.00203846
30.82752228	0.00175846
30.83944321	0.00131485
30.85136414	0.00054649
30.86328506	0.00099168
30.87520599	0.00212265
30.88712692	0.00223674
30.89904785	0.00206360
30.91096878	0.00209454
30.92288971	0.00135730
30.93481064	0.00065139
30.94673157	0.00261577
30.95865250	0.00194360
30.97057343	0.00613312
30.98249435	0.01731228
30.99441528	0.02219085
31.00633621	0.02255048
31.01825714	0.01822669
31.03017807	0.00692712
31.04209900	0.00238255
31.05401993	0.00442327
31.06594086	0.00318206
31.07786179	0.00192825
31.08978271	0.00103716
31.10170364	0.00054672
31.11362457	0.00164568
31.12554550	0.00207483
31.13746643	0.00177813
31.14938736	0.00151368
31.16130829	0.00087423
31.17322922	0.00032784
31.18515015	0.00128352
31.19707108	0.00173995
31.20899200	0.00200832
31.22091293	0.00217553
31.23283386	0.00157078
31.24475479	0.00057310
31.25667572	0.00182420
31.26859665	0.00298723
31.28051758	0.00490766
31.29243851	0.00699434
31.30435944	0.00727482
31.31628036	0.00866711
31.32820129	0.01069972
31.34012222	0.00961500
31.35204315	0.00859926
31.36396408	0.00792012
31.37588501	0.00496205
31.38780594	0.00235427
31.39972687	0.00103572
31.41164780	0.00068642
31.42356873	0.00251695
31.43548965	0.00341911
31.44741058	0.00328787
31.45933151	0.00285260
31.47125244	0.00199771
31.48317337	0.00062864
31.49509430	0.00082981
31.50701523	0.00142978
31.51893616	0.00153323
31.53085709	0.00174980
31.54277802	0.00151367
31.55469894	0.00061132
31.56661987	0.00064515
31.57854080	0.00116715
31.59046173	0.00237145
31.60238266	0.00357309
31.61430359	0.00241641
31.62622452	0.00211360
31.63814545	0.00738287
31.65006638	0.00939477
31.66198730	0.00830368
31.67390823	0.00468857
31.68582916	0.00154028
31.69775009	0.00471136
31.70967102	0.00425838
31.72159195	0.00171149
31.73351288	0.00136163
31.74543381	0.00246107
31.75735474	0.00266651
31.76927567	0.00266049
31.78119659	0.00211625
31.79311752	0.00089809
31.80503845	0.00018899
31.81695938	0.00066815
31.82888031	0.00084015
31.84080124	0.00127131
31.85272217	0.00132283
31.86464310	0.00090278
31.87656403	0.00079048
31.88848495	0.00100465
31.90040588	0.00186892
31.91232681	0.00282644
31.92424774	0.00257795
31.93616867	0.00134850
31.94808960	0.00061983
31.96001053	0.00280471
31.97193146	0.01680817
31.98385239	0.03338836
31.99577332	0.03852738
32.00769424	0.03870005
32.01961517	0.03154567
32.03153610	0.01331767
32.04345703	0.00102205
32.05537796	0.00257881
32.06729889	0.00241598
32.07921982	0.00242893
32.09114075	0.00203817
32.10306168	0.00086914
32.11498260	0.00013683
32.12690353	0.00090653
32.13882446	0.00164075
32.15074539	0.00231389
32.16266632	0.00223041
32.17458725	0.00162929
32.18650818	0.00137156
32.19842911	0.00135927
32.21035004	0.00193615
32.22227097	0.00272084
32.23419189	0.00254392
32.24611282	0.00180561
32.25803375	0.00077541
32.26995468	0.00133183
32.28187561	0.00491153
32.29379654	0.00821187
32.30571747	0.00861853
32.31763840	0.00809998
32.32955933	0.00662273
32.34148026	0.00349606
32.35340118	0.00240885
32.36532211	0.00304016
32.37724304	0.00296005
32.38916397	0.00300514
32.40108490	0.00253939
32.41300583	0.00097115
32.42492676	0.00059488
32.43684769	0.00093957
32.44876862	0.00136578
32.46068954	0.00198912
32.47261047	0.00188445
32.48453140	0.00128547
32.49645233	0.00080970
32.50837326	0.00019014
32.52029419	0.00089323
32.53221512	0.00179102
32.54413605	0.00185281
32.55605698	0.00138327
32.56797791	0.00077211
32.57989883	0.00119605
32.59181976	0.00287174
32.60374069	0.00439461
32.61566162	0.00440780
32.62758255	0.00398687
32.63950348	0.00342762
32.65142441	0.00251708
32.66334534	0.00365038
32.67526627	0.00559301
32.68718719	0.00602777
32.69910812	0.00641695
32.71102905	0.00556197
32.72294998	0.00257678
32.73487091	0.00042585
32.74679184	0.00108749
32.75871277	0.00193222
32.77063370	0.00273207
32.78255463	0.00242327
32.79447556	0.00141276
32.80639648	0.00101353
32.81831741	0.00112797
32.83023834	0.00171594
32.84215927	0.00242718
32.85408020	0.00231908
32.86600113	0.00161179
32.87792206	0.00079331
32.88984299	0.00072676
32.90176392	0.00229531
32.91368484	0.00350308
32.92560577	0.00353850
32.93752670	0.00327439
32.94944763	0.00314099
32.96136856	0.00637275
32.97328949	0.02091757
32.98521042	0.03573952
32.99713135	0.03901865
33.00905228	0.03961468
33.02097321	0.03228176
33.03289413	0.01438293
33.04481506	0.00301686
33.05673599	0.00078514
33.06865692	0.00188013
33.08057785	0.00293885
33.09249878	0.00289128
33.10441971	0.00186800
33.11634064	0.00103061
33.12826157	0.00046171
33.14018250	0.00108035
33.15210342	0.00187663
33.16402435	0.00197468
33.17594528	0.00164648
33.18786621	0.00136722
33.19978714	0.00078050
33.21170807	0.00029986
33.22362900	0.00120490
33.23554993	0.00156643
33.24747086	0.00211835
33.25939178	0.00250960
33.27131271	0.00120876
33.28323364	0.00237826
33.29515457	0.00567092
33.30707550	0.00617710
33.31899643	0.00430931
33.33091736	0.00109081
33.34283829	0.00257660
33.35475922	0.00341424
33.36668015	0.00178924
33.37860107	0.00121320
33.39052200	0.00339879
33.40244293	0.00330124
33.41436386	0.00220864
33.42628479	0.00149752
33.43820572	0.00042109
33.45012665	0.00116857
33.46204758	0.00234421
33.47396851	0.00266294
33.48588943	0.00239867
33.49781036	0.00199688
33.50973129	0.00149937
33.52165222	0.00130884
33.53357315	0.00145497
33.54549408	0.00129538
33.55741501	0.00120928
33.56933594	0.00115586
33.58125687	0.00029844
33.59317780	0.00137224
33.60509872	0.00282192
33.61701965	0.00480336
33.62894058	0.01010882
33.64086151	0.01448827
33.65278244	0.01450042
33.66470337	0.01497084
33.67662430	0.01319595
33.68854523	0.00776240
33.70046616	0.00527945
33.71238708	0.00443112
33.72430801	0.00288605
33.73622894	0.00206093
33.74814987	0.00125049
33.76007080	0.00030953
33.77199173	0.00095996
33.78391266	0.00134284
33.79583359	0.00130302
33.80775452	0.00115130
33.81967545	0.00057761
33.83159637	0.00053352
33.84351730	0.00136022
33.85543823	0.00170445
33.86735916	0.00201441
33.87928009	0.00229987
33.89120102	0.00186844
33.90312195	0.00107660
33.91504288	0.00117563
33.92696381	0.00211448
33.93888474	0.00381088
33.95080566	0.00519228
33.96272659	0.00816835
33.97464752	0.01760163
33.98656845	0.02524596
33.99848938	0.02565763
34.01041031	0.02577554
34.02233124	0.02052068
34.03425217	0.00950668
34.04617310	0.00365848
34.05809402	0.00178019
34.07001495	0.00029574
34.08193588	0.00172025
34.09385681	0.00214680
34.10577774	0.00208565
34.11769867	0.00203592
34.12961960	0.00146312
34.14154053	0.00080084
34.15346146	0.00105788
34.16538239	0.00122482
34.17730331	0.00141173
34.18922424	0.00146748
34.20114517	0.00067214
34.21306610	0.00053212
34.22498703	0.00147293
34.23690796	0.00207543
34.24882889	0.00286861
34.26074982	0.00327635
34.27267075	0.00222152
34.28459167	0.00094544
34.29651260	0.00212350
34.30843353	0.00153113
34.32035446	0.00215647
34.33227539	0.00607407
34.34419632	0.00818321
34.35611725	0.00847257
34.36803818	0.00547530
34.37995911	0.00123995
34.39188004	0.00271215
34.40380096	0.00319302
34.41572189	0.00307907
34.42764282	0.00304610
34.43956375	0.00254963
34.45148468	0.00158328
34.46340561	0.00069905
34.47532654	0.00017365
34.48724747	0.00035814
34.49916840	0.00080485
34.51108932	0.00047666
34.52301025	0.00034750
34.53493118	0.00094732
34.54685211	0.00159438
34.55877304	0.00252726
34.57069397	0.00321044
34.58261490	0.00269747
34.59453583	0.00159282
34.60645676	0.00085565
34.61837769	0.00490642
34.63029861	0.01453962
34.64221954	0.02148070
34.65414047	0.02190042
34.66606140	0.02114782
34.67798233	0.01560789
34.68990326	0.00664832
34.70182419	0.00331422
34.71374512	0.00338305
34.72566605	0.00339939
34.73758698	0.00358747
34.74950790	0.00276653
34.76142883	0.00112017
34.77334976	0.00041924
34.78527069	0.00131729
34.79719162	0.00207307
34.80911255	0.00240207
34.82103348	0.00171476
34.83295441	0.00062454
34.84487534	0.00074655
34.85679626	0.00108119
34.86871719	0.00167571
34.88063812	0.00209817
34.89255905	0.00157564
34.90447998	0.00081491
34.91640091	0.00009513
34.92832184	0.00158220
34.94024277	0.00416609
34.95216370	0.00557497
34.96408463	0.00523229
34.97600555	0.00480254
34.98792648	0.00340970
34.99984741	0.00199760
35.01176834	0.00294583
35.02368927	0.00396895
35.03561020	0.00415875
35.04753113	0.00439988
35.05945206	0.00339893
35.07137299	0.00152513
35.08329391	0.00046987
35.09521484	0.00045619
35.10713577	0.00121930
35.11905670	0.00200104
35.13097763	0.00182517
35.14289856	0.00107899
35.15481949	0.00034775
35.16674042	0.00072622
35.17866135	0.00154619
35.19058228	0.00191537
35.20250320	0.00166980
35.21442413	0.00134477
35.22634506	0.00094387
35.23826599	0.00088440
35.25018692	0.00226538
35.26210785	0.00333366
35.27402878	0.00324133
35.28594971	0.00311923
35.29787064	0.00264831
35.30979156	0.00295284
35.32171249	0.00640003
35.33363342	0.00907621
35.34555435	0.00960284
35.35747528	0.01007814
35.36939621	0.00768223
35.38131714	0.00330873
35.39323807	0.00089480
35.40515900	0.00032890
35.41707993	0.00129457
35.42900085	0.00212611
35.44092178	0.00188774
35.45284271	0.00108220
35.46476364	0.00055589
35.47668457	0.00085963
35.48860550	0.00185978
35.50052643	0.00275019
35.51244736	0.00280319
35.52436829	0.00228911
35.53628922	0.00161495
35.54821014	0.00097733
35.56013107	0.00185591
35.57205200	0.00270742
35.58397293	0.00268749
35.59589386	0.00276086
35.60781479	0.00195439
35.61973572	0.00293315
35.63165665	0.01250384
35.64357758	0.01884378
35.65549850	0.01918568
35.66741943	0.01732294
35.67934036	0.01037992
35.69126129	0.00168182
35.70318222	0.00113803
35.71510315	0.00022006
35.72702408	0.00151665
35.73894501	0.00240953
35.75086594	0.00194255
35.76278687	0.00092084
35.77470779	0.00047406
35.78662872	0.00012328
35.79854965	0.00085999
35.81047058	0.00161780
35.82239151	0.00165534
35.83431244	0.00154041
35.84623337	0.00126482
35.85815430	0.00051805
35.87007523	0.00125488
35.88199615	0.00221656
35.89391708	0.00250014
35.90583801	0.00255349
35.91775894	0.00203685
35.92967987	0.00042227
35.94160080	0.00261503
35.95352173	0.00393431
35.96544266	0.00060166
35.97736359	0.01002612
35.98928452	0.01738435
36.00120544	0.01940727
36.01312637	0.01828627
36.02504730	0.01063996
36.03696823	0.00106834
36.04888916	0.00365727
36.06081009	0.00332426
36.07273102	0.00193417
36.08465195	0.00102951
36.09657288	0.00036001
36.10849380	0.00104350
36.12041473	0.00156662
36.13233566	0.00151616
36.14425659	0.00137094
36.15617752	0.00117247
36.16809845	0.00044406
36.18001938	0.00074493
36.19194031	0.00186047
36.20386124	0.00245287
36.21578217	0.00284041
36.22770309	0.00270009
36.23962402	0.00155104
36.25154495	0.00026293
36.26346588	0.00175358
36.27538681	0.00338367
36.28730774	0.00594853
36.29922867	0.00706380
36.31114960	0.00753487
36.32307053	0.00972649
36.33499146	0.00972704
36.34691238	0.00827809
36.35883331	0.00832257
36.37075424	0.00662794
36.38267517	0.00379264
36.39459610	0.00227401
36.40651703	0.00083107
36.41843796	0.00078308
36.43035889	0.00165992
36.44227982	0.00150304
36.45420074	0.00117964
36.46612167	0.00123259
36.47804260	0.00089657
36.48996353	0.00017100
36.50188446	0.00060930
36.51380539	0.00104927
36.52572632	0.00169585
36.53764725	0.00209420
36.54956818	0.00148624
36.56148911	0.00060523
36.57341003	0.00091150
36.58533096	0.00170394
36.59725189	0.00299099
36.60917282	0.00301192
36.62109375	0.00059605
36.63301468	0.00629815
36.64493561	0.00993182
36.65685654	0.00973139
36.66877747	0.00717183
36.68069839	0.00223576
36.69261932	0.00313940
36.70454025	0.00419297
36.71646118	0.00202364
36.72838211	0.00089600
36.74030304	0.00241220
36.75222397	0.00268206
36.76414490	0.00261601
36.77606583	0.00249167
36.78798676	0.00159480
36.79990768	0.00068487
36.81182861	0.00097718
36.82374954	0.00134004
36.83567047	0.00180814
36.84759140	0.00193948
36.85951233	0.00131309
36.87143326	0.00039920
36.88335419	0.00036887
36.89527512	0.00112823
36.90719604	0.00227848
36.91911697	0.00296857
36.93103790	0.00220936
36.94295883	0.00083221
36.95487976	0.00058231
36.96680069	0.00769551
36.97872162	0.02272174
36.99064255	0.03162461
37.00256348	0.03309172
37.01448441	0.03137665
37.02640533	0.01906401
37.03832626	0.00433730
37.05024719	0.00199893
37.06216812	0.00235434
37.07408905	0.00228915
37.08600998	0.00236193
37.09793091	0.00160892
37.10985184	0.00062306
37.12177277	0.00095282
37.13369370	0.00136557
37.14561462	0.00188979
37.15753555	0.00198506
37.16945648	0.00115903
37.18137741	0.00050407
37.19329834	0.00043270
37.20521927	0.00079031
37.21714020	0.00176047
37.22906113	0.00203431
37.24098206	0.00132331
37.25290298	0.00047295
37.26482391	0.00059607
37.27674484	0.00326328
37.28866577	0.00719134
37.30058670	0.00879101
37.31250763	0.00852928
37.32442856	0.00821169
37.33634949	0.00568525
37.34827042	0.00324682
37.36019135	0.00332256
37.37211227	0.00341981
37.38403320	0.00330689
37.39595413	0.00304278
37.40787506	0.00166460
37.41979599	0.00079434
37.43171692	0.00118752
37.44363785	0.00144330
37.45555878	0.00169547
37.46747971	0.00154001
37.47940063	0.00075840
37.49132156	0.00020510
37.50324249	0.00044750
37.51516342	0.00082525
37.52708435	0.00142108
37.53900528	0.00170889
37.55092621	0.00137595
37.56284714	0.00100948
37.57476807	0.00079142
37.58668900	0.00186210
37.59860992	0.00392578
37.61053085	0.00495406
37.62245178	0.00491331
37.63437271	0.00466937
37.64629364	0.00350669
37.65821457	0.00318103
37.67013550	0.00465755
37.68205643	0.00515174
37.69397736	0.00518963
37.70589828	0.00512845
37.71781921	0.00309753
37.72974014	0.00077251
37.74166107	0.00020236
37.75358200	0.00086178
37.76550293	0.00170672
37.77742386	0.00202732
37.78934479	0.00144151
37.80126572	0.00082975
37.81318665	0.00049965
37.82510757	0.00060869
37.83702850	0.00127515
37.84894943	0.00153448
37.86087036	0.00115353
37.87279129	0.00078547
37.88471222	0.00059651
37.89663315	0.00133065
37.90855408	0.00261252
37.92047501	0.00313037
37.93239594	0.00308030
37.94431686	0.00327763
37.95623779	0.00418780
37.96815872	0.01250673
37.98007965	0.02738002
37.99200058	0.03388418
38.00392151	0.03421887
38.01584244	0.03185239
38.02776337	0.01862952
38.03968430	0.00487364
38.05160522	0.00058625
38.06352615	0.00106386
38.07544708	0.00191446
38.08736801	0.00201125
38.09928894	0.00122049
38.11120987	0.00065766
38.12313080	0.00027482
38.13505173	0.00034948
38.14697266	0.00098498
38.15889359	0.00125900
38.17081451	0.00125426
38.18273544	0.00126921
38.19465637	0.00101255
38.20657730	0.00037731
38.21849823	0.00058643
38.23041916	0.00145261
38.24234009	0.00209288
38.25426102	0.00264965
38.26618195	0.00213352
38.27810287	0.00110580
38.29002380	0.00535440
38.30194473	0.00752299
38.31386566	0.00661489
38.32578659	0.00371136
38.33770752	0.00026518
38.34962845	0.00277072
38.36154938	0.00250290
38.37347031	0.00192715
38.38539124	0.00367769
38.39731216	0.00434490
38.40923309	0.00333306
38.42115402	0.00217235
38.43307495	0.00124205
38.44499588	0.00055712
38.45691681	0.00153939
38.46883774	0.00209215
38.48075867	0.00193728
38.49267960	0.00163134
38.50460052	0.00116510
38.51652145	0.00064831
38.52844238	0.00139873
38.54036331	0.00188311
38.55228424	0.00192861
38.56420517	0.00226764
38.57612610	0.00193026
38.58804703	0.00029038
38.59996796	0.00171082
38.61188889	0.00342549
38.62380981	0.00789099
38.63573074	0.01422401
38.64765167	0.01594655
38.65957260	0.01604773
38.67149353	0.01624779
38.68341446	0.01144938
38.69533539	0.00683817
38.70725632	0.00586719
38.71917725	0.00431245
38.73109818	0.00265587
38.74301910	0.00179623
38.75494003	0.00056529
38.76686096	0.00125526
38.77878189	0.00209742
38.79070282	0.00204258
38.80262375	0.00170979
38.81454468	0.00119068
38.82646561	0.00011225
38.83838654	0.00126100
38.85030746	0.00189148
38.86222839	0.00194919
38.87414932	0.00224046
38.88607025	0.00190003
38.89799118	0.00047461
38.90991211	0.00102377
38.92183304	0.00198862
38.93375397	0.00320119
38.94567490	0.00463323
38.95759583	0.00553454
38.96951675	0.01085895
38.98143768	0.01954618
38.99335861	0.02221100
39.00527954	0.02255433
39.01720047	0.02158987
39.02912140	0.01339258
39.04104233	0.00569065
39.05296326	0.00298079
39.06488419	0.00098780
39.07680511	0.00098914
39.08872604	0.00207729
39.10064697	0.00218318
39.11256790	0.00216815
39.12448883	0.00183455
39.13640976	0.00073370
39.14833069	0.00076852
39.16025162	0.00133960
39.17217255	0.00148388
39.18409348	0.00159571
39.19601440	0.00127948
39.20793533	0.00053599
39.21985626	0.00055243
39.23177719	0.00071709
39.24369812	0.00128193
39.25561905	0.00227309
39.26753998	0.00218208
39.27946091	0.00076425
39.29138184	0.00138080
39.30330276	0.00199746
39.31522369	0.00126318
39.32714462	0.00513574
39.33906555	0.00831198
39.35098648	0.00976254
39.36290741	0.00861942
39.37482834	0.00438544
39.38674927	0.00064809
39.39867020	0.00140190
39.41059113	0.00147698
39.42251205	0.00149923
39.43443298	0.00139391
39.44635391	0.00055215
39.45827484	0.00055400
39.47019577	0.00108977
39.48211670	0.00146725
39.49403763	0.00196666
39.50595856	0.00172191
39.51787949	0.00069908
39.52980042	0.00021362
39.54172134	0.00077928
39.55364227	0.00162353
39.56556320	0.00243358
39.57748413	0.00216581
39.58940506	0.00109428
39.60132599	0.00035943
39.61324692	0.00269025
39.62516785	0.01050954
39.63708878	0.02037877
39.64900970	0.02306136
39.66093063	0.02248059
39.67285156	0.01981360
39.68477249	0.01069056
39.69669342	0.00377875
39.70861435	0.00288228
39.72053528	0.00283362
39.73245621	0.00275647
39.74437714	0.00229501
39.75629807	0.00097520
39.76821899	0.00028250
39.78013992	0.00094407
39.79206085	0.00149281
39.80398178	0.00219090
39.81590271	0.00220623
39.82782364	0.00138283
39.83974457	0.00061450
39.85166550	0.00017210
39.86358643	0.00111468
39.87550735	0.00207013
39.88742828	0.00198299
39.89934921	0.00131846
39.91127014	0.00098823
39.92319107	0.00095410
39.93511200	0.00279712
39.94703293	0.00504867
39.95895386	0.00549312
39.97087479	0.00542214
39.98279572	0.00509467
39.99471664	0.00338585
40.00663757	0.00298702
40.01855850	0.00403756
40.03047943	0.00416275
40.04240036	0.00406271
40.05432129	0.00330668
40.06624222	0.00114428
40.07816315	0.00084719
40.09008408	0.00185526
40.10200500	0.00225829
40.11392593	0.00249400
40.12584686	0.00215116
40.13776779	0.00108653
40.14968872	0.00036295
40.16160965	0.00082349
40.17353058	0.00158270
40.18545151	0.00236107
40.19737244	0.00225599
40.20929337	0.00144492
40.22121429	0.00059030
40.23313522	0.00057003
40.24505615	0.00185233
40.25697708	0.00324122
40.26889801	0.00352091
40.28081894	0.00350870
40.29273987	0.00359683
40.30466080	0.00334675
40.31658173	0.00546115
40.32850266	0.00868936
40.34042358	0.00931119
40.35234451	0.00954618
40.36426544	0.00844654
40.37618637	0.00411585
40.38810730	0.00060653
40.40002823	0.00104737
40.41194916	0.00219220
40.42387009	0.00312709
40.43579102	0.00307105
40.44771194	0.00209287
40.45963287	0.00120414
40.47155380	0.00036936
40.48347473	0.00074458
40.49539566	0.00170681
40.50731659	0.00210925
40.51923752	0.00201007
40.53115845	0.00186509
40.54307938	0.00133624
40.55500031	0.00060830
40.56692123	0.00156649
40.57884216	0.00204525
40.59076309	0.00220026
40.60268402	0.00213522
40.61460495	0.00109932
40.62652588	0.00936740
40.63844681	0.01869904
40.65036774	0.02111666
40.66228867	0.01992779
40.67420959	0.01512444
40.68613052	0.00526498
40.69805145	0.00100244
40.70997238	0.00124048
40.72189331	0.00103611
40.73381424	0.00238183
40.74573517	0.00261867
40.75765610	0.00188673
40.76957703	0.00146338
40.78149796	0.00107708
40.79341888	0.00077351
40.80533981	0.00113409
40.81726074	0.00123837
40.82918167	0.00105281
40.84110260	0.00094517
40.85302353	0.00066363
40.86494446	0.00135238
40.87686539	0.00207642
40.88878632	0.00223330
40.90070724	0.00243779
40.91262817	0.00248794
40.92454910	0.00166808
40.93647003	0.00169180
40.94839096	0.00376172
40.96031189	0.00298887
40.97223282	0.00373262
40.98415375	0.01220193
40.99607468	0.01608532
41.00799561	0.01663234
41.01991653	0.01253426
41.03183746	0.00357845
41.04375839	0.00283875
41.05567932	0.00386669
41.06760025	0.00249031
41.07952118	0.00153875
41.09144211	0.00117677
41.10336304	0.00023725
41.11528397	0.00080877
41.12720490	0.00118723
41.13912582	0.00125535
41.15104675	0.00134552
41.16296768	0.00093945
41.17488861	0.00022519
41.18680954	0.00088118
41.19873047	0.00106753
41.21065140	0.00102166
41.22257233	0.00116365
41.23449326	0.00059833
41.24641418	0.00080317
41.25833511	0.00204579
41.27025604	0.00297219
41.28217697	0.00487646
41.29409790	0.00661427
41.30601883	0.00670507
41.31793976	0.00822004
41.32986069	0.00972828
41.34178162	0.00845687
41.35370255	0.00803537
41.36562347	0.00748757
41.37754440	0.00478903
41.38946533	0.00277943
41.40138626	0.00154171
41.41330719	0.00034812
41.42522812	0.00157629
41.43714905	0.00201068
41.44906998	0.00174687
41.46099091	0.00137220
41.47291183	0.00054393
41.48483276	0.00062395
41.49675369	0.00128831
41.50867462	0.00126613
41.52059555	0.00111462
41.53251648	0.00098894
41.54443741	0.00066073
41.55635834	0.00085973
41.56827927	0.00142098
41.58020020	0.00191831
41.59212112	0.00301591
41.60404205	0.00400847
41.61596298	0.00240148
41.62788391	0.00362189
41.63980484	0.00948243
41.65172577	0.01137183
41.66364670	0.01025705
41.67556763	0.00624671
41.68748856	0.00046056
41.69940948	0.00349450
41.71133041	0.00275952
41.72325134	0.00026799
41.73517227	0.00153028
41.74709320	0.00194728
41.75901413	0.00188721
41.77093506	0.00198030
41.78285599	0.00166434
41.79477692	0.00064378
41.80669785	0.00058994
41.81861877	0.00133554
41.83053970	0.00182629
41.84246063	0.00220967
41.85438156	0.00172545
41.86630249	0.00056375
41.87822342	0.00062344
41.89014435	0.00144522
41.90206528	0.00237133
41.91398621	0.00301094
41.92590714	0.00231677
41.93782806	0.00070255
41.94974899	0.00080919
41.96166992	0.00199642
41.97359085	0.01331954
41.98551178	0.02505053
41.99743271	0.02838219
42.00935364	0.02856817
42.02127457	0.02204246
42.03319550	0.00803909
42.04511642	0.00126494
42.05703735	0.00266699
42.06895828	0.00243324
42.08087921	0.00233895
42.09280014	0.00177424
42.10472107	0.00073628
42.11664200	0.00090425
42.12856293	0.00132054
42.14048386	0.00168325
42.15240479	0.00204763
42.16432571	0.00176822
42.17624664	0.00097049
42.18816757	0.00062397
42.20008850	0.00106551
42.21200943	0.00192937
42.22393036	0.00278904
42.23585129	0.00253034
42.24777222	0.00154052
42.25969315	0.00058642
42.27161407	0.00153917
42.28353500	0.00542253
42.29545593	0.00863177
42.30737686	0.00881797
42.31929779	0.00863403
42.33121872	0.00717741
42.34313965	0.00385410
42.35506058	0.00272229
42.36698151	0.00319354
42.37890244	0.00309890
42.39082336	0.00312618
42.40274429	0.00260791
42.41466522	0.00119845
42.42658615	0.00012751
42.43850708	0.00064125
42.45042801	0.00118946
42.46234894	0.00185028
42.47426987	0.00196543
42.48619080	0.00132539
42.49811172	0.00054073
42.51003265	0.00025305
42.52195358	0.00119187
42.53387451	0.00197111
42.54579544	0.00184942
42.55771637	0.00141419
42.56963730	0.00120484
42.58155823	0.00122572
42.59347916	0.00253335
42.60540009	0.00397653
42.61732101	0.00429678
42.62924194	0.00447646
42.64116287	0.00401940
42.65308380	0.00307536
42.66500473	0.00423136
42.67692566	0.00575903
42.68884659	0.00589403
42.70076752	0.00594755
42.71268845	0.00466384
42.72460938	0.00190084
42.73653030	0.00022315
42.74845123	0.00108691
42.76037216	0.00179146
42.77229309	0.00234995
42.78421402	0.00213056
42.79613495	0.00133712
42.80805588	0.00067428
42.81997681	0.00008173
42.83189774	0.00081437
42.84381866	0.00165709
42.85573959	0.00159492
42.86766052	0.00124530
42.87958145	0.00098340
42.89150238	0.00048810
42.90342331	0.00185715
42.91534424	0.00303983
42.92726517	0.00339961
42.93918610	0.00367098
42.95110703	0.00371960
42.96302795	0.00695052
42.97494888	0.01887003
42.98686981	0.02904659
42.99879074	0.03079123
43.01071167	0.03106095
43.02263260	0.02388876
43.03455353	0.00982806
43.04647446	0.00195035
43.05839539	0.00065392
43.07031631	0.00191993
43.08223724	0.00275032
43.09415817	0.00219291
43.10607910	0.00087285
43.11800003	0.00014991
43.12992096	0.00075298
43.14184189	0.00166767
43.15376282	0.00222205
43.16568375	0.00195105
43.17760468	0.00158996
43.18952560	0.00121494
43.20144653	0.00029500
43.21336746	0.00098999
43.22528839	0.00188132
43.23720932	0.00210100
43.24913025	0.00233180
43.26105118	0.00220185
43.27297211	0.00064685
43.28489304	0.00381284
43.29681396	0.00681412
43.30873489	0.00684645
43.32065582	0.00492836
43.33257675	0.00165287
43.34449768	0.00208496
43.35641861	0.00289827
43.36833954	0.00115411
43.38026047	0.00166315
43.39218140	0.00315979
43.40410233	0.00272172
43.41602325	0.00144422
43.42794418	0.00079874
43.43986511	0.00019987
43.45178604	0.00071233
43.46370697	0.00139504
43.47562790	0.00161005
43.48754883	0.00165609
43.49946976	0.00149658
43.51139069	0.00079302
43.52331161	0.00083762
43.53523254	0.00188318
43.54715347	0.00208179
43.55907440	0.00209222
43.57099533	0.00172278
43.58291626	0.00025493
43.59483719	0.00187046
43.60675812	0.00348242
43.61867905	0.00627800
43.63059998	0.01271710
43.64252090	0.01699307
43.65444183	0.01675438
43.66636276	0.01712918
43.67828369	0.01410640
43.69020462	0.00787619
43.70212555	0.00557387
43.71404648	0.00459883
43.72596741	0.00257351
43.73788834	0.00125813
43.74980927	0.00024216
43.76173019	0.00139142
43.77365112	0.00231220
43.78557205	0.00213544
43.79749298	0.00171870
43.80941391	0.00159303
43.82133484	0.00097448
43.83325577	0.00010124
43.84517670	0.00083473
43.85709763	0.00122606
43.86901855	0.00161459
43.88093948	0.00156354
43.89286041	0.00071167
43.90478134	0.00042798
43.91670227	0.00131147
43.92862320	0.00219582
43.94054413	0.00388838
43.95246506	0.00517661
43.96438599	0.00789042
43.97630692	0.01548735
43.98822784	0.02040982
44.00014877	0.02029396
44.01206970	0.02047679
44.02399063	0.01567619
44.03591156	0.00703955
44.04783249	0.00260557
44.05975342	0.00061127
44.07167435	0.00135359
44.08359528	0.00243730
44.09551620	0.00244745
44.10743713	0.00217137
44.11935806	0.00199311
44.13127899	0.00148415
44.14319992	0.00129604
44.15512085	0.00158016
44.16704178	0.00161969
44.17896271	0.00151189
44.19088364	0.00138716
44.20280457	0.00067987
44.21472549	0.00046808
44.22664642	0.00136933
44.23856735	0.00205397
44.25048828	0.00301389
44.26240921	0.00327440
44.27433014	0.00172099
44.28625107	0.00117180
44.29817200	0.00295348
44.31009293	0.00225419
44.32201385	0.00150861
44.33393478	0.00541294
44.34585571	0.00767346
44.35777664	0.00807631
44.36969757	0.00531143
44.38161850	0.00085698
44.39353943	0.00186338
44.40546036	0.00246276
44.41738129	0.00257751
44.42930222	0.00268330
44.44122314	0.00189110
44.45314407	0.00073390
44.46506500	0.00087555
44.47698593	0.00124228
44.48890686	0.00165409
44.50082779	0.00198748
44.51274872	0.00157412
44.52466965	0.00084028
44.53659058	0.00072342
44.54851151	0.00117399
44.56043243	0.00190541
44.57235336	0.00233177
44.58427429	0.00174783
44.59619522	0.00080727
44.60811615	0.00121071
44.62003708	0.00632604
44.63195801	0.01748863
44.64387894	0.02454935
44.65579987	0.02473243
44.66772079	0.02391590
44.67964172	0.01688894
44.69156265	0.00694068
44.70348358	0.00370046
44.71540451	0.00370383
44.72732544	0.00354978
44.73924637	0.00320823
44.75116730	0.00191477
44.76308823	0.00031186
44.77500916	0.00069185
44.78693008	0.00111680
44.79885101	0.00147627
44.81077194	0.00163013
44.82269287	0.00108087
44.83461380	0.00023815
44.84653473	0.00066789
44.85845566	0.00165609
44.87037659	0.00265912
44.88229752	0.00300354
44.89421844	0.00241070
44.90613937	0.00140519
44.91806030	0.00034483
44.92998123	0.00191338
44.94190216	0.00460633
44.95382309	0.00594269
44.96574402	0.00565958
44.97766495	0.00536752
44.98958588	0.00395450
45.00150681	0.00260388
45.01342773	0.00351699
45.02534866	0.00437731
45.03726959	0.00466120
45.04919052	0.00503855
45.06111145	0.00384547
45.07303238	0.00175679
45.08495331	0.00058780
45.09687424	0.00099460
45.10879517	0.00192769
45.12071609	0.00241347
45.13263702	0.00204320
45.14455795	0.00143058
45.15647888	0.00108696
45.16839981	0.00083327
45.18032074	0.00125526
45.19224167	0.00184175
45.20416260	0.00154520
45.21608353	0.00120088
45.22800446	0.00112520
45.23992538	0.00124589
45.25184631	0.00269672
45.26376724	0.00351326
45.27568817	0.00330062
45.28760910	0.00327369
45.29953003	0.00290320
45.31145096	0.00372616
45.32337189	0.00734672
45.33529282	0.00958507
45.34721375	0.00983436
45.35913467	0.00958889
45.37105560	0.00646157
45.38297653	0.00220367
45.39489746	0.00030182
45.40681839	0.00083729
45.41873932	0.00155319
45.43066025	0.00207491
45.44258118	0.00153237
45.45450211	0.00055872
45.46642303	0.00015897
45.47834396	0.00053151
45.49026489	0.00124726
45.50218582	0.00169715
45.51410675	0.00142403
45.52602768	0.00112645
45.53794861	0.00082179
45.54986954	0.00030697
45.56179047	0.00145528
45.57371140	0.00203304
45.58563232	0.00199448
45.59755325	0.00225415
45.60947418	0.00141003
45.62139511	0.00486865
45.63331604	0.01620404
45.64523697	0.02254070
45.65715790	0.02248132
45.66907883	0.02014012
45.68099976	0.01135264
45.69292068	0.00162731
45.70484161	0.00079710
45.71676254	0.00072787
45.72868347	0.00238564
45.74060440	0.00319736
45.75252533	0.00261072
45.76444626	0.00174119
45.77636719	0.00117841
45.78828812	0.00048143
45.80020905	0.00098114
45.81212997	0.00143362
45.82405090	0.00131173
45.83597183	0.00120349
45.84789276	0.00127441
45.85981369	0.00137265
45.87173462	0.00194926
45.88365555	0.00254281
45.89557648	0.00263911
45.90749741	0.00258830
45.91941833	0.00199434
45.93133926	0.00049274
45.94326019	0.00273140
45.95518112	0.00369135
45.96710205	0.00032380
45.97902298	0.00809587
45.99094391	0.01366915
46.00286484	0.01526472
46.01478577	0.01359644
46.02670670	0.00664426
46.03862762	0.00138330
46.05054855	0.00431877
46.06246948	0.00368946
46.07439041	0.00234889
46.08631134	0.00139089
46.09823227	0.00043556
46.11015320	0.00077527
46.12207413	0.00151103
46.13399506	0.00146119
46.14591599	0.00133702
46.15783691	0.00113336
46.16975784	0.00051292
46.18167877	0.00097101
46.19359970	0.00140227
46.20552063	0.00150979
46.21744156	0.00182727
46.22936249	0.00160574
46.24128342	0.00047838
46.25320435	0.00093229
46.26512527	0.00217337
46.27704620	0.00406817
46.28896713	0.00675235
46.30088806	0.00758718
46.31280899	0.00799922
46.32472992	0.00966269
46.33665085	0.00887425
46.34857178	0.00749356
46.36049271	0.00757653
46.37241364	0.00576523
46.38433456	0.00338404
46.39625549	0.00222268
46.40817642	0.00078332
46.42009735	0.00081612
46.43201828	0.00117885
46.44393921	0.00083190
46.45586014	0.00063783
46.46778107	0.00055534
46.47970200	0.00039602
46.49162292	0.00075533
46.50354385	0.00105487
46.51546478	0.00108350
46.52738571	0.00134983
46.53930664	0.00124420
46.55122757	0.00021761
46.56314850	0.00108821
46.57506943	0.00207385
46.58699036	0.00319643
46.59891129	0.00454813
46.61083221	0.00393625
46.62275314	0.00117430
46.63467407	0.00852007
46.64659500	0.01274949
46.65851593	0.01277299
46.67043686	0.00980074
46.68235779	0.00355083
46.69427872	0.00314272
46.70619965	0.00418620
46.71812057	0.00214852
46.73004150	0.00141181
46.74196243	0.00255471
46.75388336	0.00272891
46.76580429	0.00262015
46.77772522	0.00234131
46.78964615	0.00140052
46.80156708	0.00102209
46.81348801	0.00136034
46.82540894	0.00159352
46.83732986	0.00205846
46.84925079	0.00233692
46.86117172	0.00197877
46.87309265	0.00137259
46.88501358	0.00105577
46.89693451	0.00132003
46.90885544	0.00243019
46.92077637	0.00288533
46.93269730	0.00196814
46.94461823	0.00090437
46.95653915	0.00034115
46.96846008	0.00674477
46.98038101	0.01876903
46.99230194	0.02496764
47.00422287	0.02608615
47.01614380	0.02388704
47.02806473	0.01311153
47.03998566	0.00217799
47.05190659	0.00168689
47.06382751	0.00190082
47.07574844	0.00191267
47.08766937	0.00187015
47.09959030	0.00111492
47.11151123	0.00029615
47.12343216	0.00050815
47.13535309	0.00085405
47.14727402	0.00119274
47.15919495	0.00131230
47.17111588	0.00066936
47.18303680	0.00040375
47.19495773	0.00097380
47.20687866	0.00150275
47.21879959	0.00223240
47.23072052	0.00207200
47.24264145	0.00124574
47.25456238	0.00071331
47.26648331	0.00034799
47.27840424	0.00322172
47.29032516	0.00719818
47.30224609	0.00857129
47.31416702	0.00848248
47.32608795	0.00804023
47.33800888	0.00502953
47.34992981	0.00268910
47.36185074	0.00294011
47.37377167	0.00295395
47.38569260	0.00286091
47.39761353	0.00264795
47.40953445	0.00128717
47.42145538	0.00048708
47.43337631	0.00121376
47.44529724	0.00173749
47.45721817	0.00216855
47.46913910	0.00218281
47.48106003	0.00142210
47.49298096	0.00068645
47.50490189	0.00041607
47.51682281	0.00094248
47.52874374	0.00184298
47.54066467	0.00195339
47.55258560	0.00139976
47.56450653	0.00083986
47.57642746	0.00036401
47.58834839	0.00148146
47.60026932	0.00303348
47.61219025	0.00351279
47.62411118	0.00352873
47.63603210	0.00379376
47.64795303	0.00320720
47.65987396	0.00345582
47.67179489	0.00529715
47.68371582	0.00584249
47.69563675	0.00592248
47.70755768	0.00565955
47.71947861	0.00338621
47.73139954	0.00102198
47.74332047	0.00021742
47.75524139	0.00080518
47.76716232	0.00141976
47.77908325	0.00142590
47.79100418	0.00084510
47.80292511	0.00067217
47.81484604	0.00121231
47.82676697	0.00177423
47.83868790	0.00229975
47.85060883	0.00221167
47.86252975	0.00142449
47.87445068	0.00076202
47.88637161	0.00075505
47.89829254	0.00162476
47.91021347	0.00291297
47.92213440	0.00334141
47.93405533	0.00311985
47.94597626	0.00293354
47.95789719	0.00337149
47.96981812	0.01039995
47.98173904	0.02170675
47.99365997	0.02594788
48.00558090	0.02659009
48.01750183	0.02432982
48.02942276	0.01329287
48.04134369	0.00321891
48.05326462	0.00021096
48.06518555	0.00127025
48.07710648	0.00220044
48.08902740	0.00230957
48.10094833	0.00141507
48.11286926	0.00057421
48.12479019	0.00044556
48.13671112	0.00104595
48.14863205	0.00197786
48.16055298	0.00227008
48.17247391	0.00176412
48.18439484	0.00130922
48.19631577	0.00040680
48.20823669	0.00123455
48.22015762	0.00247075
48.23207855	0.00272868
48.24399948	0.00244152
48.25592041	0.00212406
48.26784134	0.00097337
48.27976227	0.00299971
48.29168320	0.00706287
48.30360413	0.00824895
48.31552505	0.00683776
48.32744598	0.00391348
48.33936691	0.00032691
48.35128784	0.00276439
48.36320877	0.00178817
48.37512970	0.00093005
48.38705063	0.00311886
48.39897156	0.00362477
48.41089249	0.00245421
48.42281342	0.00088511
48.43473434	0.00039713
48.44665527	0.00164745
48.45857620	0.00263747
48.47049713	0.00269830
48.48241806	0.00197513
48.49433899	0.00134444
48.50625992	0.00077540
48.51818085	0.00022304
48.53010178	0.00100514
48.54202271	0.00140728
48.55394363	0.00166867
48.56586456	0.00212894
48.57778549	0.00152944
48.58970642	0.00049988
48.60162735	0.00270843
48.61354828	0.00496065
48.62546921	0.01063051
48.63739014	0.01740686
48.64931107	0.01861696
48.66123199	0.01848697
48.67315292	0.01754363
48.68507385	0.01123775
48.69699478	0.00626329
48.70891571	0.00510850
48.72083664	0.00348658
48.73275757	0.00199295
48.74467850	0.00110043
48.75659943	0.00036982
48.76852036	0.00138416
48.78044128	0.00163211
48.79236221	0.00115819
48.80428314	0.00090710
48.81620407	0.00074270
