Частота	Канал A
(kГц)	(В)

0.00000000	2.88060600
0.02384186	2.00105400
0.04768372	1.36534600
0.07152557	0.43485060
0.09536743	0.04027508
0.11920929	0.00064505
0.14305115	0.00099398
0.16689301	0.00093626
0.19073486	0.00089036
0.21457672	0.00084410
0.23841858	0.00073546
0.26226044	0.00089559
0.28610229	0.00095187
0.30994415	0.00085702
0.33378601	0.00065510
0.35762787	0.00067438
0.38146973	0.00031647
0.40531158	0.00047629
0.42915344	0.00000610
0.45299530	0.00007006
0.47683716	0.00042643
0.50067902	0.00034237
0.52452087	0.00063625
0.54836273	0.00053815
0.57220459	0.00069959
0.59604645	0.00042035
0.61988831	0.00057521
0.64373016	0.00068153
0.66757202	0.00107646
0.69141388	0.00093390
0.71525574	0.00100386
0.73909760	0.00065554
0.76293945	0.00055734
0.78678131	0.00039608
0.81062317	0.00057939
0.83446503	0.00065625
0.85830688	0.00065021
0.88214874	0.00042316
0.90599060	0.00012527
0.92983246	0.00291763
0.95367432	0.00842749
0.97751617	0.01210184
1.00135803	0.01241287
1.02519989	0.01197022
1.04904175	0.00776005
1.07288361	0.00247683
1.09672546	0.00037232
1.12056732	0.00035401
1.14440918	0.00043173
1.16825104	0.00055411
1.19209290	0.00055999
1.21593475	0.00060711
1.23977661	0.00066833
1.26361847	0.00084354
1.28746033	0.00083100
1.31130219	0.00076064
1.33514404	0.00066447
1.35898590	0.00058096
1.38282776	0.00033474
1.40666962	0.00020247
1.43051147	0.00041312
1.45435333	0.00047994
1.47819519	0.00030076
1.50203705	0.00006671
1.52587891	0.00026008
1.54972076	0.00047283
1.57356262	0.00047725
1.59740448	0.00030781
1.62124634	0.00007800
1.64508820	0.00026704
1.66893005	0.00053738
1.69277191	0.00078603
1.71661377	0.00088282
1.74045563	0.00082431
1.76429749	0.00062138
1.78813934	0.00052949
1.81198120	0.00053922
1.83582306	0.00064787
1.85966492	0.00059686
1.88350677	0.00054720
1.90734863	0.00032856
1.93119049	0.00480680
1.95503235	0.01421892
1.97887421	0.01960538
2.00271606	0.02012130
2.02655792	0.01923046
2.05039978	0.01251377
2.07424164	0.00384899
2.09808350	0.00072642
2.12192535	0.00029926
2.14576721	0.00029028
2.16960907	0.00028401
2.19345093	0.00036766
2.21729279	0.00042608
2.24113464	0.00074438
2.26497650	0.00103863
2.28881836	0.00131991
2.31266022	0.00132027
2.33650208	0.00131412
2.36034393	0.00098510
2.38418579	0.00068658
2.40802765	0.00038405
2.43186951	0.00027424
2.45571136	0.00029804
2.47955322	0.00033851
2.50339508	0.00028588
2.52723694	0.00019885
2.55107880	0.00013316
2.57492065	0.00034536
2.59876251	0.00048429
2.62260437	0.00053870
2.64644623	0.00041270
2.67028809	0.00026045
2.69412994	0.00014091
2.71797180	0.00007466
2.74181366	0.00014621
2.76565552	0.00015106
2.78949738	0.00019479
2.81333923	0.00028650
2.83718109	0.00029543
2.86102295	0.00039639
2.88486481	0.00047705
2.90870667	0.00036208
2.93254852	0.00557724
2.95639038	0.01620521
2.98023224	0.02209400
3.00407410	0.02265448
3.02791595	0.02150528
3.05175781	0.01338502
3.07559967	0.00371875
3.09944153	0.00035111
3.12328339	0.00027322
3.14712524	0.00040568
3.17096710	0.00040253
3.19480896	0.00025162
3.21865082	0.00007679
3.24249268	0.00024412
3.26633453	0.00036584
3.29017639	0.00043061
3.31401825	0.00037847
3.33786011	0.00032847
3.36170197	0.00054321
3.38554382	0.00076149
3.40938568	0.00098035
3.43322754	0.00094664
3.45706940	0.00074684
3.48091125	0.00056659
3.50475311	0.00031725
3.52859497	0.00017180
3.55243683	0.00012512
3.57627869	0.00014193
3.60012054	0.00012190
3.62396240	0.00012697
3.64780426	0.00011393
3.67164612	0.00024291
3.69548798	0.00040875
3.71932983	0.00038356
3.74317169	0.00029392
3.76701355	0.00029484
3.79085541	0.00036003
3.81469727	0.00039269
3.83853912	0.00047918
3.86238098	0.00050311
3.88622284	0.00045943
3.91006470	0.00061543
3.93390656	0.00571707
3.95774841	0.01500569
3.98159027	0.01964417
4.00543213	0.01994199
4.02927399	0.01857226
4.05311584	0.01102318
4.07695770	0.00278172
4.10079956	0.00026570
4.12464142	0.00026954
4.14848328	0.00024106
4.17232513	0.00023098
4.19616699	0.00028820
4.22000885	0.00030910
4.24385071	0.00038670
4.26769257	0.00035883
4.29153442	0.00027059
4.31537628	0.00016804
4.33921814	0.00045230
4.36306000	0.00077777
4.38690186	0.00086349
4.41074371	0.00073623
4.43458557	0.00051411
4.45842743	0.00030415
4.48226929	0.00017441
4.50611115	0.00015619
4.52995300	0.00011602
4.55379486	0.00013192
4.57763672	0.00012514
4.60147858	0.00003721
4.62532043	0.00011899
4.64916229	0.00021093
4.67300415	0.00028376
4.69684601	0.00028662
4.72068787	0.00016172
4.74452972	0.00016720
4.76837158	0.00041079
4.79221344	0.00065557
4.81605530	0.00078153
4.83989716	0.00069284
4.86373901	0.00058377
4.88758087	0.00058045
4.91142273	0.00066717
4.93526459	0.00357251
4.95910645	0.00886449
4.98294830	0.01125473
5.00679016	0.01136913
5.03063202	0.01049038
5.05447388	0.00590067
5.07831573	0.00133102
5.10215759	0.00019613
5.12599945	0.00024410
5.14984131	0.00040442
5.17368317	0.00035929
5.19752502	0.00045579
5.22136688	0.00039630
5.24520874	0.00018448
5.26905060	0.00006884
5.29289246	0.00034551
5.31673431	0.00041414
5.34057617	0.00038956
5.36441803	0.00034687
5.38825989	0.00044611
5.41210175	0.00052846
5.43594360	0.00049917
5.45978546	0.00048630
5.48362732	0.00042472
5.50746918	0.00032924
5.53131104	0.00033400
5.55515289	0.00054530
5.57899475	0.00067677
5.60283661	0.00066907
5.62667847	0.00060535
5.65052032	0.00062341
5.67436218	0.00052551
5.69820404	0.00044101
5.72204590	0.00038851
5.74588776	0.00042168
5.76972961	0.00061631
5.79357147	0.00057204
5.81741333	0.00039953
5.84125519	0.00021361
5.86509705	0.00018247
5.88893890	0.00031367
5.91278076	0.00046372
5.93662262	0.00060997
5.96046448	0.00068017
5.98430634	0.00065523
6.00814819	0.00061418
6.03199005	0.00048038
6.05583191	0.00050153
6.07967377	0.00057316
6.10351563	0.00045382
6.12735748	0.00023768
6.15119934	0.00012235
6.17504120	0.00024666
6.19888306	0.00039207
6.22272491	0.00051938
6.24656677	0.00073600
6.27040863	0.00088529
6.29425049	0.00077499
6.31809235	0.00073737
6.34193420	0.00076159
6.36577606	0.00061764
6.38961792	0.00048491
6.41345978	0.00056175
6.43730164	0.00054794
6.46114349	0.00039886
6.48498535	0.00019892
6.50882721	0.00004769
6.53266907	0.00005883
6.55651093	0.00010126
6.58035278	0.00015735
6.60419464	0.00032195
6.62803650	0.00042057
6.65187836	0.00056656
6.67572021	0.00057785
6.69956207	0.00039363
6.72340393	0.00009259
6.74724579	0.00028315
6.77108765	0.00047748
6.79492950	0.00037457
6.81877136	0.00019194
6.84261322	0.00037383
6.86645508	0.00050787
6.89029694	0.00046267
6.91413879	0.00103976
6.93798065	0.00471646
6.96182251	0.00992392
6.98566437	0.01184449
7.00950623	0.01192859
7.03334808	0.01061254
7.05718994	0.00560384
7.08103180	0.00122747
7.10487366	0.00042107
7.12871552	0.00056599
7.15255737	0.00062292
7.17639923	0.00064552
7.20024109	0.00050745
7.22408295	0.00035248
7.24792480	0.00033913
7.27176666	0.00050698
7.29560852	0.00066099
7.31945038	0.00068314
7.34329224	0.00058288
7.36713409	0.00038935
7.39097595	0.00035441
7.41481781	0.00047377
7.43865967	0.00047178
7.46250153	0.00041325
7.48634338	0.00045967
7.51018524	0.00064656
7.53402710	0.00082627
7.55786896	0.00071074
7.58171082	0.00035996
7.60555267	0.00028812
7.62939453	0.00042910
7.65323639	0.00055831
7.67707825	0.00054594
7.70092010	0.00047889
7.72476196	0.00040934
7.74860382	0.00025725
7.77244568	0.00036140
7.79628754	0.00054411
7.82012939	0.00051168
7.84397125	0.00038627
7.86781311	0.00019028
7.89165497	0.00012597
7.91549683	0.00153799
7.93933868	0.00859042
7.96318054	0.01804157
7.98702240	0.02135973
8.01086426	0.02137875
8.03470612	0.01860762
8.05854797	0.00951078
8.08238983	0.00213448
8.10623169	0.00076959
8.13007355	0.00078371
8.15391541	0.00054737
8.17775726	0.00021008
8.20159912	0.00002716
8.22544098	0.00016876
8.24928284	0.00019838
8.27312469	0.00019214
8.29696655	0.00041920
8.32080841	0.00049430
8.34465027	0.00051793
8.36849213	0.00048197
8.39233398	0.00040798
8.41617584	0.00028777
8.44001770	0.00025184
8.46385956	0.00016017
8.48770142	0.00019873
8.51154327	0.00028372
8.53538513	0.00032383
8.55922699	0.00027923
8.58306885	0.00010902
8.60691071	0.00013424
8.63075256	0.00027163
8.65459442	0.00027521
8.67843628	0.00026519
8.70227814	0.00035650
8.72612000	0.00043228
8.74996185	0.00034251
8.77380371	0.00016772
8.79764557	0.00002792
8.82148743	0.00025025
8.84532928	0.00057319
8.86917114	0.00070304
8.89301300	0.00064098
8.91685486	0.00214338
8.94069672	0.01062418
8.96453857	0.02135730
8.98838043	0.02464515
9.01222229	0.02458759
9.03606415	0.02090481
9.05990601	0.00984972
9.08374786	0.00144730
9.10758972	0.00059842
9.13143158	0.00060999
9.15527344	0.00048033
9.17911530	0.00050013
9.20295715	0.00045295
9.22679901	0.00037150
9.25064087	0.00014700
9.27448273	0.00022124
9.29832458	0.00037630
9.32216644	0.00041780
9.34600830	0.00038547
9.36985016	0.00025070
9.39369202	0.00023039
9.41753387	0.00023834
9.44137573	0.00030653
9.46521759	0.00034713
9.48905945	0.00031810
9.51290131	0.00029538
9.53674316	0.00019144
9.56058502	0.00027098
9.58442688	0.00029657
9.60826874	0.00022184
9.63211060	0.00007579
9.65595245	0.00017333
9.67979431	0.00023691
9.70363617	0.00015793
9.72747803	0.00017225
9.75131989	0.00025195
9.77516174	0.00032735
9.79900360	0.00023840
9.82284546	0.00013745
9.84668732	0.00009461
9.87052917	0.00004989
9.89437103	0.00015393
9.91821289	0.00173765
9.94205475	0.00970511
9.96589661	0.01910422
9.98973846	0.02183114
10.01358032	0.02188932
10.03742218	0.01837611
10.06126404	0.00850746
10.08510590	0.00149301
10.10894775	0.00032375
10.13278961	0.00029082
10.15663147	0.00042758
10.18047333	0.00062955
10.20431519	0.00066848
10.22815704	0.00057284
10.25199890	0.00049360
10.27584076	0.00051287
10.29968262	0.00043586
10.32352448	0.00040501
10.34736633	0.00046101
10.37120819	0.00042253
10.39505005	0.00039770
10.41889191	0.00029034
10.44273376	0.00029654
10.46657562	0.00046442
10.49041748	0.00044159
10.51425934	0.00043298
10.53810120	0.00044179
10.56194305	0.00032314
10.58578491	0.00016914
10.60962677	0.00021364
10.63346863	0.00045465
10.65731049	0.00057939
10.68115234	0.00035210
10.70499420	0.00006951
10.72883606	0.00039225
10.75267792	0.00058965
10.77651978	0.00060918
10.80036163	0.00045072
10.82420349	0.00032220
10.84804535	0.00033067
10.87188721	0.00034812
10.89572906	0.00018329
10.91957092	0.00111289
10.94341278	0.00595988
10.96725464	0.01136561
10.99109650	0.01272137
11.01493835	0.01268727
11.03878021	0.01044651
11.06262207	0.00464274
11.08646393	0.00078618
11.11030579	0.00017928
11.13414764	0.00022180
11.15798950	0.00034041
11.18183136	0.00050480
11.20567322	0.00059971
11.22951508	0.00062884
11.25335693	0.00061092
11.27719879	0.00061879
11.30104065	0.00063138
11.32488251	0.00070406
11.34872437	0.00067685
11.37256622	0.00049135
11.39640808	0.00031141
11.42024994	0.00015614
11.44409180	0.00006848
11.46793365	0.00007703
11.49177551	0.00021836
11.51561737	0.00025603
11.53945923	0.00020687
11.56330109	0.00015405
11.58714294	0.00012396
11.61098480	0.00004084
11.63482666	0.00019550
11.65866852	0.00033013
11.68251038	0.00044600
11.70635223	0.00051789
11.73019409	0.00052689
11.75403595	0.00046783
11.77787781	0.00052078
11.80171967	0.00060360
11.82556152	0.00062438
11.84940338	0.00053264
11.87324524	0.00034344
11.89708710	0.00023786
11.92092896	0.00029195
11.94477081	0.00029716
11.96861267	0.00024835
11.99245453	0.00007433
12.01629639	0.00007788
12.04013824	0.00014477
12.06398010	0.00011623
12.08782196	0.00005503
12.11166382	0.00007801
12.13550568	0.00016119
12.15934753	0.00022310
12.18318939	0.00034691
12.20703125	0.00042721
12.23087311	0.00042608
12.25471497	0.00063357
12.27855682	0.00090029
12.30239868	0.00101624
12.32624054	0.00110095
12.35008240	0.00107286
12.37392426	0.00076386
12.39776611	0.00046586
12.42160797	0.00023283
12.44544983	0.00029236
12.46929169	0.00041956
12.49313354	0.00035979
12.51697540	0.00029286
12.54081726	0.00020486
12.56465912	0.00007831
12.58850098	0.00028716
12.61234283	0.00050558
12.63618469	0.00064828
12.66002655	0.00069982
12.68386841	0.00063874
12.70771027	0.00066237
12.73155212	0.00061744
12.75539398	0.00047255
12.77923584	0.00035805
12.80307770	0.00038814
12.82691956	0.00027074
12.85076141	0.00014282
12.87460327	0.00025284
12.89844513	0.00029769
12.92228699	0.00169489
12.94612885	0.00729833
12.96997070	0.01270796
12.99381256	0.01378439
13.01765442	0.01365086
13.04149628	0.01057954
13.06533813	0.00415788
13.08917999	0.00049441
13.11302185	0.00020585
13.13686371	0.00025685
13.16070557	0.00029353
13.18454742	0.00021151
13.20838928	0.00015312
13.23223114	0.00013646
13.25607300	0.00011886
13.27991486	0.00028184
13.30375671	0.00037118
13.32759857	0.00050126
13.35144043	0.00053957
13.37528229	0.00034711
13.39912415	0.00020931
13.42296600	0.00007863
13.44680786	0.00024356
13.47064972	0.00034532
13.49449158	0.00042079
13.51833344	0.00045929
13.54217529	0.00035035
13.56601715	0.00023659
13.58985901	0.00020211
13.61370087	0.00020275
13.63754272	0.00025700
13.66138458	0.00038246
13.68522644	0.00061562
13.70906830	0.00079314
13.73291016	0.00074088
13.75675201	0.00055898
13.78059387	0.00031488
13.80443573	0.00015631
13.82827759	0.00024388
13.85211945	0.00038114
13.87596130	0.00051241
13.89980316	0.00029243
13.92364502	0.00325769
13.94748688	0.01371526
13.97132874	0.02300940
13.99517059	0.02469806
14.01901245	0.02434384
14.04285431	0.01834119
14.06669617	0.00679203
14.09053802	0.00048756
14.11437988	0.00043523
14.13822174	0.00041113
14.16206360	0.00027589
14.18590546	0.00013739
14.20974731	0.00030555
14.23358917	0.00049015
14.25743103	0.00066239
14.28127289	0.00066506
14.30511475	0.00063453
14.32895660	0.00054794
14.35279846	0.00032161
14.37664032	0.00025071
14.40048218	0.00038900
14.42432404	0.00050380
14.44816589	0.00048585
14.47200775	0.00038962
14.49584961	0.00028896
14.51969147	0.00020791
14.54353333	0.00017394
14.56737518	0.00011578
14.59121704	0.00004521
14.61505890	0.00008150
14.63890076	0.00014510
14.66274261	0.00019247
14.68658447	0.00033677
14.71042633	0.00038743
14.73426819	0.00041441
14.75811005	0.00038385
14.78195190	0.00032694
14.80579376	0.00038362
14.82963562	0.00058698
14.85347748	0.00064450
14.87731934	0.00052547
14.90116119	0.00067983
14.92500305	0.00500993
14.94884491	0.01769694
14.97268677	0.02835737
14.99652863	0.03007166
15.02037048	0.02955843
15.04421234	0.02188652
15.06805420	0.00810917
15.09189606	0.00102265
15.11573792	0.00004648
15.13957977	0.00021176
15.16342163	0.00034042
15.18726349	0.00033292
15.21110535	0.00027312
15.23494720	0.00022519
15.25878906	0.00011280
15.28263092	0.00013837
15.30647278	0.00018205
15.33031464	0.00017321
15.35415649	0.00019644
15.37799835	0.00016071
15.40184021	0.00019791
15.42568207	0.00019916
15.44952393	0.00022716
15.47336578	0.00034201
15.49720764	0.00027728
15.52104950	0.00022359
15.54489136	0.00041245
15.56873322	0.00047055
15.59257507	0.00030557
15.61641693	0.00020245
15.64025879	0.00082506
15.66410065	0.00121886
15.68794250	0.00124821
15.71178436	0.00099907
15.73562622	0.00067829
15.75946808	0.00041624
15.78330994	0.00019845
15.80715179	0.00015424
15.83099365	0.00022059
15.85483551	0.00021816
15.87867737	0.00017551
15.90251923	0.00052513
15.92636108	0.00488915
15.95020294	0.01659352
15.97404480	0.02560233
15.99788666	0.02685672
16.02172852	0.02629717
16.04557037	0.01892140
16.06941223	0.00671064
16.09325409	0.00103476
16.11709595	0.00047695
16.14093781	0.00051845
16.16477966	0.00049284
16.18862152	0.00032181
16.21246338	0.00022196
16.23630524	0.00029244
16.26014709	0.00055691
16.28398895	0.00064959
16.30783081	0.00056131
16.33167267	0.00049854
16.35551453	0.00036856
16.37935638	0.00020647
16.40319824	0.00009364
16.42704010	0.00008026
16.45088196	0.00017380
16.47472382	0.00029094
16.49856567	0.00035827
16.52240753	0.00032335
16.54624939	0.00026308
16.57009125	0.00027841
16.59393311	0.00028729
16.61777496	0.00023688
16.64161682	0.00023599
16.66545868	0.00049542
16.68930054	0.00064921
16.71314240	0.00070841
16.73698425	0.00071903
16.76082611	0.00062302
16.78466797	0.00052641
16.80850983	0.00042872
16.83235168	0.00032251
16.85619354	0.00012983
16.88003540	0.00013988
16.90387726	0.00016602
16.92771912	0.00315766
16.95156097	0.01057621
16.97540283	0.01589370
16.99924469	0.01660275
17.02308655	0.01618158
17.04692841	0.01132322
17.07077026	0.00394422
17.09461212	0.00087359
17.11845398	0.00063789
17.14229584	0.00058630
17.16613770	0.00042300
17.18997955	0.00023317
17.21382141	0.00014806
17.23766327	0.00012794
17.26150513	0.00027145
17.28534698	0.00045859
17.30918884	0.00051069
17.33303070	0.00046670
17.35687256	0.00027247
17.38071442	0.00018187
17.40455627	0.00030311
17.42839813	0.00021120
17.45223999	0.00012865
17.47608185	0.00015459
17.49992371	0.00016007
17.52376556	0.00020036
17.54760742	0.00031221
17.57144928	0.00027653
17.59529114	0.00012737
17.61913300	0.00015544
17.64297485	0.00024563
17.66681671	0.00020516
17.69065857	0.00013976
17.71450043	0.00010148
17.73834229	0.00021152
17.76218414	0.00027253
17.78602600	0.00026816
17.80986786	0.00032366
17.83370972	0.00042453
17.85755157	0.00051557
17.88139343	0.00072159
17.90523529	0.00075489
17.92907715	0.00058995
17.95291901	0.00040066
17.97676086	0.00026478
18.00060272	0.00041752
18.02444458	0.00058631
18.04828644	0.00059703
18.07212830	0.00042015
18.09597015	0.00015778
18.11981201	0.00024388
18.14365387	0.00043326
18.16749573	0.00042215
18.19133759	0.00052699
18.21517944	0.00063010
18.23902130	0.00073274
18.26286316	0.00093268
18.28670502	0.00105926
18.31054688	0.00105460
18.33438873	0.00095835
18.35823059	0.00062295
18.38207245	0.00034986
18.40591431	0.00023339
18.42975616	0.00019121
18.45359802	0.00028651
18.47743988	0.00031007
18.50128174	0.00021407
18.52512360	0.00026156
18.54896545	0.00027797
18.57280731	0.00025798
18.59664917	0.00006553
18.62049103	0.00021727
18.64433289	0.00032433
18.66817474	0.00022440
18.69201660	0.00037271
18.71585846	0.00060756
18.73970032	0.00068916
18.76354218	0.00066900
18.78738403	0.00061763
18.81122589	0.00055589
18.83506775	0.00039901
18.85890961	0.00023390
18.88275146	0.00024342
18.90659332	0.00051413
18.93043518	0.00436966
18.95427704	0.01291185
18.97811890	0.01824275
19.00196075	0.01885967
19.02580261	0.01808611
19.04964447	0.01181969
19.07348633	0.00359086
19.09732819	0.00043104
19.12117004	0.00014895
19.14501190	0.00018831
19.16885376	0.00015686
19.19269562	0.00016078
19.21653748	0.00025373
19.24037933	0.00050165
19.26422119	0.00091383
19.28806305	0.00117306
19.31190491	0.00111778
19.33574677	0.00102833
19.35958862	0.00077301
19.38343048	0.00040341
19.40727234	0.00015947
19.43111420	0.00019892
19.45495605	0.00029461
19.47879791	0.00040766
19.50263977	0.00057943
19.52648163	0.00056639
19.55032349	0.00042199
19.57416534	0.00033698
19.59800720	0.00053410
19.62184906	0.00070700
19.64569092	0.00068966
19.66953278	0.00056965
19.69337463	0.00035952
19.71721649	0.00013652
19.74105835	0.00029697
19.76490021	0.00050476
19.78874207	0.00073526
19.81258392	0.00078799
19.83642578	0.00061084
19.86026764	0.00042949
19.88410950	0.00054352
19.90795135	0.00099591
19.93179321	0.00879737
19.95563507	0.02489460
19.97947693	0.03418531
20.00331879	0.03511806
20.02716064	0.03349715
20.05100250	0.02143111
20.07484436	0.00659524
20.09868622	0.00132991
20.12252808	0.00081740
20.14636993	0.00056922
20.17021179	0.00026818
20.19405365	0.00007459
20.21789551	0.00030532
20.24173737	0.00029255
20.26557922	0.00009226
20.28942108	0.00032640
20.31326294	0.00044248
20.33710480	0.00052238
20.36094666	0.00052969
20.38478851	0.00049909
20.40863037	0.00058252
20.43247223	0.00063578
20.45631409	0.00062664
20.48015594	0.00056874
20.50399780	0.00050064
20.52783966	0.00042450
20.55168152	0.00038271
20.57552338	0.00036284
20.59936523	0.00027405
20.62320709	0.00019652
20.64704895	0.00029060
20.67089081	0.00035920
20.69473267	0.00035586
20.71857452	0.00030075
20.74241638	0.00027967
20.76625824	0.00029751
20.79010010	0.00033921
20.81394196	0.00039186
20.83778381	0.00024087
20.86162567	0.00008698
20.88546753	0.00001837
20.90930939	0.00153990
20.93315125	0.01252915
20.95699310	0.03295760
20.98083496	0.04368328
21.00467682	0.04437520
21.02851868	0.04154097
21.05236053	0.02520132
21.07620239	0.00651069
21.10004425	0.00025804
21.12388611	0.00037573
21.14772797	0.00030814
21.17156982	0.00013318
21.19541168	0.00031296
21.21925354	0.00035328
21.24309540	0.00033810
21.26693726	0.00017023
21.29077911	0.00008155
21.31462097	0.00008384
21.33846283	0.00007740
21.36230469	0.00013881
21.38614655	0.00025413
21.40998840	0.00029987
21.43383026	0.00030194
21.45767212	0.00014472
21.48151398	0.00020294
21.50535583	0.00058959
21.52919769	0.00073923
21.55303955	0.00064763
21.57688141	0.00042314
21.60072327	0.00042676
21.62456512	0.00065346
21.64840698	0.00074452
21.67224884	0.00071916
21.69609070	0.00052730
21.71993256	0.00032127
21.74377441	0.00058481
21.76761627	0.00080705
21.79145813	0.00077855
21.81529999	0.00076224
21.83914185	0.00064471
21.86298370	0.00038184
21.88682556	0.00016450
21.91066742	0.00156948
21.93450928	0.01267647
21.95835114	0.03215579
21.98219299	0.04158564
22.00603485	0.04211138
22.02987671	0.03905242
22.05371857	0.02296728
22.07756042	0.00580807
22.10140228	0.00041418
22.12524414	0.00017278
22.14908600	0.00024319
22.17292786	0.00022370
22.19676971	0.00016701
22.22061157	0.00010349
22.24445343	0.00017038
22.26829529	0.00009089
22.29213715	0.00014768
22.31597900	0.00035019
22.33982086	0.00047652
22.36366272	0.00037022
22.38750458	0.00019121
22.41134644	0.00020070
22.43518829	0.00026565
22.45903015	0.00025147
22.48287201	0.00030698
22.50671387	0.00044724
22.53055573	0.00045779
22.55439758	0.00048468
22.57823944	0.00042538
22.60208130	0.00035725
22.62592316	0.00041058
22.64976501	0.00059780
22.67360687	0.00068270
22.69744873	0.00080500
22.72129059	0.00086367
22.74513245	0.00064360
22.76897430	0.00039743
22.79281616	0.00023250
22.81665802	0.00015639
22.84049988	0.00033865
22.86434174	0.00036670
22.88818359	0.00031929
22.91202545	0.00117018
22.93586731	0.00875512
22.95970917	0.02124863
22.98355103	0.02670472
23.00739288	0.02683999
23.03123474	0.02452829
23.05507660	0.01376523
23.07891846	0.00304896
23.10276031	0.00024462
23.12660217	0.00013932
23.15044403	0.00003133
23.17428589	0.00001697
23.19812775	0.00023844
23.22196960	0.00032560
23.24581146	0.00020556
23.26965332	0.00005787
23.29349518	0.00024395
23.31733704	0.00051830
23.34117889	0.00076947
23.36502075	0.00067538
23.38886261	0.00040488
23.41270447	0.00019181
23.43654633	0.00032850
23.46038818	0.00045369
23.48423004	0.00048443
23.50807190	0.00044411
23.53191376	0.00029059
23.55575562	0.00030069
23.57959747	0.00038091
23.60343933	0.00045659
23.62728119	0.00069449
23.65112305	0.00091320
23.67496490	0.00082091
23.69880676	0.00060435
23.72264862	0.00032886
23.74649048	0.00011832
23.77033234	0.00037125
23.79417419	0.00032468
23.81801605	0.00014690
23.84185791	0.00001574
23.86569977	0.00006649
23.88954163	0.00015211
23.91338348	0.00023587
23.93722534	0.00028090
23.96106720	0.00023047
23.98490906	0.00012610
24.00875092	0.00036095
24.03259277	0.00047939
24.05643463	0.00048291
24.08027649	0.00038125
24.10411835	0.00040019
24.12796021	0.00043976
24.15180206	0.00034147
24.17564392	0.00039900
24.19948578	0.00046809
24.22332764	0.00035121
24.24716949	0.00010602
24.27101135	0.00050059
24.29485321	0.00072124
24.31869507	0.00071181
24.34253693	0.00061477
24.36637878	0.00023552
24.39022064	0.00016548
24.41406250	0.00027731
24.43790436	0.00030825
24.46174622	0.00028184
24.48558807	0.00041312
24.50942993	0.00051943
24.53327179	0.00056019
24.55711365	0.00046170
24.58095551	0.00033197
24.60479736	0.00012236
24.62863922	0.00023802
24.65248108	0.00032971
24.67632294	0.00032050
24.70016479	0.00044258
24.72400665	0.00038289
24.74784851	0.00025867
24.77169037	0.00034502
24.79553223	0.00041122
24.81937408	0.00045338
24.84321594	0.00041713
24.86705780	0.00025324
24.89089966	0.00015783
24.91474152	0.00215415
24.93858337	0.01361550
24.96242523	0.03017479
24.98626709	0.03638928
25.01010895	0.03654226
25.03395081	0.03227533
25.05779266	0.01666711
25.08163452	0.00316049
25.10547638	0.00036755
25.12931824	0.00061910
25.15316010	0.00065097
25.17700195	0.00075179
25.20084381	0.00095698
25.22468567	0.00104746
25.24852753	0.00090780
25.27236938	0.00089456
25.29621124	0.00070834
25.32005310	0.00037093
25.34389496	0.00025812
25.36773682	0.00013080
25.39157867	0.00026503
25.41542053	0.00021363
25.43926239	0.00016055
25.46310425	0.00022952
25.48694611	0.00029949
25.51078796	0.00037395
25.53462982	0.00048013
25.55847168	0.00060806
25.58231354	0.00070842
25.60615540	0.00080894
25.62999725	0.00085125
25.65383911	0.00080934
25.67768097	0.00080025
25.70152283	0.00091000
25.72536469	0.00102255
25.74920654	0.00095463
25.77304840	0.00083380
25.79689026	0.00043844
25.82073212	0.00027962
25.84457397	0.00057022
25.86841583	0.00068716
25.89225769	0.00093225
25.91609955	0.00625473
25.93994141	0.03196101
25.96378326	0.06610362
25.98762512	0.07731259
26.01146698	0.07720581
26.03530884	0.06680419
26.05915070	0.03294389
26.08299255	0.00593675
26.10683441	0.00012864
26.13067627	0.00038111
26.15451813	0.00035022
26.17835999	0.00040785
26.20220184	0.00055657
26.22604370	0.00062160
26.24988556	0.00067516
26.27372742	0.00062643
26.29756927	0.00057552
26.32141113	0.00058291
26.34525299	0.00061456
26.36909485	0.00063355
26.39293671	0.00051573
26.41677856	0.00028141
26.44062042	0.00032723
26.46446228	0.00062444
26.48830414	0.00078775
26.51214600	0.00088233
26.53598785	0.00099900
26.55982971	0.00104606
26.58367157	0.00105716
26.60751343	0.00119926
26.63135529	0.00132031
26.65519714	0.00112759
26.67903900	0.00058691
26.70288086	0.00042901
26.72672272	0.00112003
26.75056458	0.00134406
26.77440643	0.00132131
26.79824829	0.00086838
26.82209015	0.00024761
26.84593201	0.00025398
26.86977386	0.00035083
26.89361572	0.00046524
26.91745758	0.00967114
26.94129944	0.05074456
26.96514130	0.10183560
26.98898315	0.11748440
27.01282501	0.11765680
27.03666687	0.10036070
27.06050873	0.04832752
27.08435059	0.00922479
27.10819244	0.00093984
27.13203430	0.00047194
27.15587616	0.00042315
27.17971802	0.00041856
27.20355988	0.00091283
27.22740173	0.00112982
27.25124359	0.00115670
27.27508545	0.00106744
27.29892731	0.00073719
27.32276917	0.00027608
27.34661102	0.00012274
27.37045288	0.00017483
27.39429474	0.00028617
27.41813660	0.00023278
27.44197845	0.00025238
27.46582031	0.00069066
27.48966217	0.00101533
27.51350403	0.00113115
27.53734589	0.00094709
27.56118774	0.00048584
27.58502960	0.00025623
27.60887146	0.00024590
27.63271332	0.00018230
27.65655518	0.00015836
27.68039703	0.00025838
27.70423889	0.00080514
27.72808075	0.00118563
27.75192261	0.00117567
27.77576447	0.00112591
27.79960632	0.00068833
27.82344818	0.00039781
27.84729004	0.00053724
27.87113190	0.00060308
27.89497375	0.00056868
27.91881561	0.01408273
27.94265747	0.06921120
27.96649933	0.13293770
27.99034119	0.15033670
28.01418304	0.14988890
28.03802490	0.12476620
28.06186676	0.05690746
28.08570862	0.00938547
28.10955048	0.00018891
28.13339233	0.00028786
28.15723419	0.00023438
28.18107605	0.00044539
28.20491791	0.00100535
28.22875977	0.00137911
28.25260162	0.00152609
28.27644348	0.00146970
28.30028534	0.00106015
28.32412720	0.00055599
28.34796906	0.00044119
28.37181091	0.00034296
28.39565277	0.00022158
28.41949463	0.00009173
28.44333649	0.00027551
28.46717834	0.00069312
28.49102020	0.00079883
28.51486206	0.00076307
28.53870392	0.00063509
28.56254578	0.00045258
28.58638763	0.00032531
28.61022949	0.00025973
28.63407135	0.00021087
28.65791321	0.00015045
28.68175507	0.00029384
28.70559692	0.00104775
28.72943878	0.00147414
28.75328064	0.00145812
28.77712250	0.00135349
28.80096436	0.00079950
28.82480621	0.00022597
28.84864807	0.00004500
28.87248993	0.00022836
28.89633179	0.00095202
28.92017365	0.01819401
28.94401550	0.08293917
28.96785736	0.15293940
28.99169922	0.17009210
29.01554108	0.16923550
29.03938293	0.13782240
29.06322479	0.06022879
29.08706665	0.00933247
29.11090851	0.00010255
29.13475037	0.00039238
29.15859222	0.00045985
29.18243408	0.00078793
29.20627594	0.00128304
29.23011780	0.00157038
29.25395966	0.00149525
29.27780151	0.00124201
29.30164337	0.00060182
29.32548523	0.00037220
29.34932709	0.00040318
29.37316895	0.00026936
29.39701080	0.00031867
29.42085266	0.00046094
29.44469452	0.00088724
29.46853638	0.00133472
29.49237823	0.00146406
29.51622009	0.00139376
29.54006195	0.00104538
29.56390381	0.00046443
29.58774567	0.00027914
29.61158752	0.00028894
29.63542938	0.00020308
29.65927124	0.00015218
29.68311310	0.00017215
29.70695496	0.00092429
29.73079681	0.00145760
29.75463867	0.00159277
29.77848053	0.00160372
29.80232239	0.00104818
29.82616425	0.00067276
29.85000610	0.00054985
29.87384796	0.00052165
29.89768982	0.00083004
29.92153168	0.02090015
29.94537354	0.09031607
29.96921539	0.16012480
29.99305725	0.17528110
30.01689911	0.17395890
30.04074097	0.13831870
30.06458282	0.05764023
30.08842468	0.00839443
30.11226654	0.00043405
30.13610840	0.00026431
30.15995026	0.00047722
30.18379211	0.00060349
30.20763397	0.00111232
30.23147583	0.00125393
30.25531769	0.00118063
30.27915955	0.00117607
30.30300140	0.00091247
30.32684326	0.00066422
30.35068512	0.00042176
30.37452698	0.00017206
30.39836884	0.00005934
30.42221069	0.00029039
30.44605255	0.00072710
30.46989441	0.00112242
30.49373627	0.00126209
30.51757813	0.00121111
30.54141998	0.00093714
30.56526184	0.00053303
30.58910370	0.00027981
30.61294556	0.00022347
30.63678741	0.00006375
30.66062927	0.00020672
30.68447113	0.00064694
30.70831299	0.00133143
30.73215485	0.00172830
30.75599670	0.00173050
30.77983856	0.00156125
30.80368042	0.00094272
30.82752228	0.00029279
30.85136414	0.00007090
30.87520599	0.00018022
30.89904785	0.00127563
30.92288971	0.02224270
30.94673157	0.08965511
30.97057343	0.15295250
30.99441528	0.16528640
31.01825714	0.16347740
31.04209900	0.12655750
31.06594086	0.05035876
31.08978271	0.00686899
31.11362457	0.00023016
31.13746643	0.00015167
31.16130829	0.00012314
31.18515015	0.00020063
31.20899200	0.00073572
31.23283386	0.00099867
31.25667572	0.00105447
31.28051758	0.00109374
31.30435944	0.00071974
31.32820129	0.00052123
31.35204315	0.00025930
31.37588501	0.00024745
31.39972687	0.00056223
31.42356873	0.00063444
31.44741058	0.00075680
31.47125244	0.00088243
31.49509430	0.00085576
31.51893616	0.00071855
31.54277802	0.00054823
31.56661987	0.00016850
31.59046173	0.00029476
31.61430359	0.00039362
31.63814545	0.00035876
31.66198730	0.00052923
31.68582916	0.00090638
31.70967102	0.00147353
31.73351288	0.00177115
31.75735474	0.00169732
31.78119659	0.00134950
31.80503845	0.00055721
31.82888031	0.00026247
31.85272217	0.00047017
31.87656403	0.00044742
31.90040588	0.00184673
31.92424774	0.02159893
31.94808960	0.08051655
31.97193146	0.13186830
31.99577332	0.14051550
32.01961517	0.13835220
32.04345703	0.10418150
32.06729889	0.03932421
32.09114075	0.00484495
32.11498260	0.00032864
32.13882446	0.00046198
32.16266632	0.00053774
32.18650818	0.00050608
32.21035004	0.00083572
32.23419189	0.00101077
32.25803375	0.00097919
32.28187561	0.00075774
32.30571747	0.00038940
32.32955933	0.00011944
32.35340118	0.00008236
32.37724304	0.00013645
32.40108490	0.00027368
32.42492676	0.00029221
32.44876862	0.00048877
32.47261047	0.00090062
32.49645233	0.00111902
32.52029419	0.00114440
32.54413605	0.00090719
32.56797791	0.00039056
32.59181976	0.00023323
32.61566162	0.00032979
32.63950348	0.00039121
32.66334534	0.00050047
32.68718719	0.00072968
32.71102905	0.00112959
32.73487091	0.00138965
32.75871277	0.00143734
32.78255463	0.00121164
32.80639648	0.00066340
32.83023834	0.00014210
32.85408020	0.00040159
32.87792206	0.00056341
32.90176392	0.00135826
32.92560577	0.01772444
32.94944763	0.06353746
32.97328949	0.10086490
32.99713135	0.10645470
33.02097321	0.10439330
33.04481506	0.07657123
33.06865692	0.02765862
33.09249878	0.00316614
33.11634064	0.00018309
33.14018250	0.00024793
33.16402435	0.00025085
33.18786621	0.00027870
33.21170807	0.00038071
33.23554993	0.00050623
33.25939178	0.00056282
33.28323364	0.00056879
33.30707550	0.00045445
33.33091736	0.00020781
33.35475922	0.00007274
33.37860107	0.00016269
33.40244293	0.00037589
33.42628479	0.00053105
33.45012665	0.00045102
33.47396851	0.00038259
33.49781036	0.00031895
33.52165222	0.00028853
33.54549408	0.00030303
33.56933594	0.00021647
33.59317780	0.00031245
33.61701965	0.00041224
33.64086151	0.00045402
33.66470337	0.00045227
33.68854523	0.00051244
33.71238708	0.00068583
33.73622894	0.00060357
33.76007080	0.00052808
33.78391266	0.00053803
33.80775452	0.00027641
33.83159637	0.00016573
33.85543823	0.00016968
33.87928009	0.00023468
33.90312195	0.00109899
33.92696381	0.01257589
33.95080566	0.04237965
33.97464752	0.06490339
33.99848938	0.06787162
34.02233124	0.06624430
34.04617310	0.04716535
34.07001495	0.01625336
34.09385681	0.00188306
34.11769867	0.00017900
34.14154053	0.00012423
34.16538239	0.00027160
34.18922424	0.00027364
34.21306610	0.00033350
34.23690796	0.00058485
34.26074982	0.00091164
34.28459167	0.00111170
34.30843353	0.00104796
34.33227539	0.00073460
34.35611725	0.00033780
34.37995911	0.00005561
34.40380096	0.00026338
34.42764282	0.00038247
34.45148468	0.00033470
34.47532654	0.00018368
34.49916840	0.00005696
34.52301025	0.00012054
34.54685211	0.00020198
34.57069397	0.00014354
34.59453583	0.00014682
34.61837769	0.00026294
34.64221954	0.00035294
34.66606140	0.00028053
34.68990326	0.00016440
34.71374512	0.00025938
34.73758698	0.00032054
34.76142883	0.00033164
34.78527069	0.00039672
34.80911255	0.00044957
34.83295441	0.00044002
34.85679626	0.00051235
34.88063812	0.00063294
34.90447998	0.00021719
34.92832184	0.00542366
34.95216370	0.01914092
34.97600555	0.02890283
34.99984741	0.03025434
35.02368927	0.02959077
35.04753113	0.02053909
35.07137299	0.00685088
35.09521484	0.00101833
35.11905670	0.00045140
35.14289856	0.00030703
35.16674042	0.00020053
35.19058228	0.00028465
35.21442413	0.00040798
35.23826599	0.00035326
35.26210785	0.00060215
35.28594971	0.00093040
35.30979156	0.00096336
35.33363342	0.00072864
35.35747528	0.00034448
35.38131714	0.00022975
35.40515900	0.00037000
35.42900085	0.00041485
35.45284271	0.00031607
35.47668457	0.00007285
35.50052643	0.00013772
35.52436829	0.00024882
35.54821014	0.00032628
35.57205200	0.00045192
35.59589386	0.00052207
35.61973572	0.00025642
35.64357758	0.00023403
35.66741943	0.00047950
35.69126129	0.00054422
35.71510315	0.00060654
35.73894501	0.00053217
35.76278687	0.00039187
35.78662872	0.00029170
35.81047058	0.00015220
35.83431244	0.00008722
35.85815430	0.00018042
35.88199615	0.00032709
35.90583801	0.00033227
35.92967987	0.00016611
35.95352173	0.00007629
35.97736359	0.00021868
36.00120544	0.00036574
36.02504730	0.00033173
36.04888916	0.00035496
36.07273102	0.00053317
36.09657288	0.00066448
36.12041473	0.00071671
36.14425659	0.00075498
36.16809845	0.00072150
36.19194031	0.00059875
36.21578217	0.00045617
36.23962402	0.00037210
36.26346588	0.00053965
36.28730774	0.00082095
36.31114960	0.00104016
36.33499146	0.00121049
36.35883331	0.00112588
36.38267517	0.00082434
36.40651703	0.00053551
36.43035889	0.00025218
36.45420074	0.00023888
36.47804260	0.00047144
36.50188446	0.00059259
36.52572632	0.00055820
36.54956818	0.00046177
36.57341003	0.00035613
36.59725189	0.00025560
36.62109375	0.00027018
36.64493561	0.00025276
36.66877747	0.00015742
36.69261932	0.00016779
36.71646118	0.00017463
36.74030304	0.00024936
36.76414490	0.00014199
36.78798676	0.00012873
36.81182861	0.00024242
36.83567047	0.00027147
36.85951233	0.00022360
36.88335419	0.00008903
36.90719604	0.00052932
36.93103790	0.00525598
36.95487976	0.01519853
36.97872162	0.02102801
37.00256348	0.02144407
37.02640533	0.02050796
37.05024719	0.01323100
37.07408905	0.00380253
37.09793091	0.00046378
37.12177277	0.00036149
37.14561462	0.00039308
37.16945648	0.00044574
37.19329834	0.00040435
37.21714020	0.00036627
37.24098206	0.00032250
37.26482391	0.00031672
37.28866577	0.00049867
37.31250763	0.00058046
37.33634949	0.00065621
37.36019135	0.00050634
37.38403320	0.00016929
37.40787506	0.00007015
37.43171692	0.00024885
37.45555878	0.00044151
37.47940063	0.00053224
37.50324249	0.00054767
37.52708435	0.00048877
37.55092621	0.00027403
37.57476807	0.00006748
37.59860992	0.00015607
37.62245178	0.00022742
37.64629364	0.00033938
37.67013550	0.00032686
37.69397736	0.00023092
37.71781921	0.00015564
37.74166107	0.00029378
37.76550293	0.00050192
37.78934479	0.00047561
37.81318665	0.00042675
37.83702850	0.00052527
37.86087036	0.00071470
37.88471222	0.00084340
37.90855408	0.00132205
37.93239594	0.00875479
37.95623779	0.02363752
37.98007965	0.03183015
38.00392151	0.03229117
38.02776337	0.03039338
38.05160522	0.01892840
38.07544708	0.00523384
38.09928894	0.00053801
38.12313080	0.00046882
38.14697266	0.00052240
38.17081451	0.00053106
38.19465637	0.00046270
38.21849823	0.00050022
38.24234009	0.00073397
38.26618195	0.00092106
38.29002380	0.00096346
38.31386566	0.00094583
38.33770752	0.00085926
38.36154938	0.00060081
38.38539124	0.00035959
38.40923309	0.00027311
38.43307495	0.00030127
38.45691681	0.00033162
38.48075867	0.00033538
38.50460052	0.00025987
38.52844238	0.00017964
38.55228424	0.00006719
38.57612610	0.00004122
38.59996796	0.00010725
38.62380981	0.00017471
38.64765167	0.00024685
38.67149353	0.00025623
38.69533539	0.00031673
38.71917725	0.00045102
38.74301910	0.00054882
38.76686096	0.00054948
38.79070282	0.00050718
38.81454468	0.00053190
38.83838654	0.00051576
38.86222839	0.00045011
38.88607025	0.00030131
38.90991211	0.00100177
38.93375397	0.00940034
38.95759583	0.02463117
38.98143768	0.03233812
39.00527954	0.03265624
39.02912140	0.03031967
39.05296326	0.01804711
39.07680511	0.00443641
39.10064697	0.00027172
39.12448883	0.00045443
39.14833069	0.00055593
39.17217255	0.00069462
39.19601440	0.00070526
39.21985626	0.00072364
39.24369812	0.00081718
39.26753998	0.00088657
39.29138184	0.00087428
39.31522369	0.00068576
39.33906555	0.00037874
39.36290741	0.00005060
39.38674927	0.00026153
39.41059113	0.00038354
39.43443298	0.00039026
39.45827484	0.00024384
39.48211670	0.00016873
39.50595856	0.00018968
39.52980042	0.00013625
39.55364227	0.00019465
39.57748413	0.00036514
39.60132599	0.00046463
39.62516785	0.00059242
39.64900970	0.00064946
39.67285156	0.00060798
39.69669342	0.00049057
39.72053528	0.00028978
39.74437714	0.00016861
39.76821899	0.00045666
39.79206085	0.00062531
39.81590271	0.00056884
39.83974457	0.00044603
39.86358643	0.00026235
39.88742828	0.00020282
39.91127014	0.00134155
39.93511200	0.00805497
39.95895386	0.01945350
39.98279572	0.02483464
40.00663757	0.02513201
40.03047943	0.02311527
40.05432129	0.01332397
40.07816315	0.00319725
40.10200500	0.00011410
40.12584686	0.00033798
40.14968872	0.00060404
40.17353058	0.00087680
40.19737244	0.00077528
40.22121429	0.00045238
40.24505615	0.00010511
40.26889801	0.00032868
40.29273987	0.00045437
40.31658173	0.00039659
40.34042358	0.00033607
40.36426544	0.00032763
40.38810730	0.00045508
40.41194916	0.00052589
40.43579102	0.00061832
40.45963287	0.00069275
40.48347473	0.00062909
40.50731659	0.00045866
40.53115845	0.00028392
40.55500031	0.00019523
40.57884216	0.00015722
40.60268402	0.00014824
40.62652588	0.00034722
40.65036774	0.00063613
40.67420959	0.00082811
40.69805145	0.00089036
40.72189331	0.00087121
40.74573517	0.00074456
40.76957703	0.00063418
40.79341888	0.00063735
40.81726074	0.00052319
40.84110260	0.00029204
40.86494446	0.00015021
40.88878632	0.00013300
40.91262817	0.00065979
40.93647003	0.00428019
40.96031189	0.01011651
40.98415375	0.01268021
41.00799561	0.01290696
41.03183746	0.01182014
41.05567932	0.00668138
41.07952118	0.00176551
41.10336304	0.00034964
41.12720490	0.00006277
41.15104675	0.00021777
41.17488861	0.00029644
41.19873047	0.00028269
41.22257233	0.00014380
41.24641418	0.00036296
41.27025604	0.00091508
41.29409790	0.00115422
41.31793976	0.00120012
41.34178162	0.00116898
41.36562347	0.00075421
41.38946533	0.00018033
41.41330719	0.00023821
41.43714905	0.00064531
41.46099091	0.00088674
41.48483276	0.00079616
41.50867462	0.00065319
41.53251648	0.00053024
41.55635834	0.00029546
41.58020020	0.00005026
41.60404205	0.00029241
41.62788391	0.00061409
41.65172577	0.00081562
41.67556763	0.00084483
41.69940948	0.00072139
41.72325134	0.00055174
41.74709320	0.00042584
41.77093506	0.00039258
41.79477692	0.00044618
41.81861877	0.00044003
41.84246063	0.00037999
41.86630249	0.00031763
41.89014435	0.00022631
41.91398621	0.00016181
41.93782806	0.00018315
41.96166992	0.00021086
41.98551178	0.00023538
42.00935364	0.00031032
42.03319550	0.00034767
42.05703735	0.00033343
42.08087921	0.00026375
42.10472107	0.00006762
42.12856293	0.00023059
42.15240479	0.00043864
42.17624664	0.00052592
42.20008850	0.00050836
42.22393036	0.00038239
42.24777222	0.00021267
42.27161407	0.00044829
42.29545593	0.00052436
42.31929779	0.00040471
42.34313965	0.00027344
42.36698151	0.00005713
42.39082336	0.00019590
42.41466522	0.00023318
42.43850708	0.00022686
42.46234894	0.00026470
42.48619080	0.00036097
42.51003265	0.00025685
42.53387451	0.00018999
42.55771637	0.00033333
42.58155823	0.00051884
42.60540009	0.00066388
42.62924194	0.00052922
42.65308380	0.00024025
42.67692566	0.00027641
42.70076752	0.00037870
42.72460938	0.00037512
42.74845123	0.00028181
42.77229309	0.00011276
42.79613495	0.00031805
42.81997681	0.00059183
42.84381866	0.00077418
42.86766052	0.00082381
42.89150238	0.00071380
42.91534424	0.00075211
42.93918610	0.00416639
42.96302795	0.00898964
42.98686981	0.01066245
43.01071167	0.01062186
43.03455353	0.00937284
43.05839539	0.00497789
43.08223724	0.00128169
43.10607910	0.00042260
43.12992096	0.00033461
43.15376282	0.00029926
43.17760468	0.00020385
43.20144653	0.00012267
43.22528839	0.00014884
43.24913025	0.00029776
43.27297211	0.00039716
43.29681396	0.00036485
43.32065582	0.00037626
43.34449768	0.00035984
43.36833954	0.00022484
43.39218140	0.00016387
43.41602325	0.00022390
43.43986511	0.00024251
43.46370697	0.00019504
43.48754883	0.00003859
43.51139069	0.00038068
43.53523254	0.00061086
43.55907440	0.00062790
43.58291626	0.00053176
43.60675812	0.00029971
43.63059998	0.00009779
43.65444183	0.00032615
43.67828369	0.00039889
43.70212555	0.00038770
43.72596741	0.00033252
43.74980927	0.00030958
43.77365112	0.00027649
43.79749298	0.00030683
43.82133484	0.00031338
43.84517670	0.00019132
43.86901855	0.00008591
43.89286041	0.00020415
43.91670227	0.00168883
43.94054413	0.00748595
43.96438599	0.01487676
43.98822784	0.01717616
44.01206970	0.01693753
44.03591156	0.01446100
44.05975342	0.00713483
44.08359528	0.00156816
44.10743713	0.00059939
44.13127899	0.00070098
44.15512085	0.00068302
44.17896271	0.00049200
44.20280457	0.00031859
44.22664642	0.00030764
44.25048828	0.00031433
44.27433014	0.00025642
44.29817200	0.00028746
44.32201385	0.00033080
44.34585571	0.00033634
44.36969757	0.00031864
44.39353943	0.00033714
44.41738129	0.00034206
44.44122314	0.00027688
44.46506500	0.00026678
44.48890686	0.00022203
44.51274872	0.00012703
44.53659058	0.00022847
44.56043243	0.00033739
44.58427429	0.00042364
44.60811615	0.00041904
44.63195801	0.00031651
44.65579987	0.00014769
44.67964172	0.00012549
44.70348358	0.00007989
44.72732544	0.00019264
44.75116730	0.00015780
44.77500916	0.00013432
44.79885101	0.00016385
44.82269287	0.00031999
44.84653473	0.00053594
44.87037659	0.00054475
44.89421844	0.00067397
44.91806030	0.00212555
44.94190216	0.00836144
44.96574402	0.01601752
44.98958588	0.01823043
45.01342773	0.01817938
45.03726959	0.01549353
45.06111145	0.00756333
45.08495331	0.00173986
45.10879517	0.00062052
45.13263702	0.00044297
45.15647888	0.00032120
45.18032074	0.00027668
45.20416260	0.00022264
45.22800446	0.00011554
45.25184631	0.00013999
45.27568817	0.00024531
45.29953003	0.00025691
45.32337189	0.00032088
45.34721375	0.00030209
45.37105560	0.00010823
45.39489746	0.00014338
45.41873932	0.00020065
45.44258118	0.00025305
45.46642303	0.00024957
45.49026489	0.00018780
45.51410675	0.00008668
45.53794861	0.00005519
45.56179047	0.00007937
45.58563232	0.00029667
45.60947418	0.00048329
45.63331604	0.00058764
45.65715790	0.00060304
45.68099976	0.00046251
45.70484161	0.00043190
45.72868347	0.00047705
45.75252533	0.00045981
45.77636719	0.00036879
45.80020905	0.00018629
45.82405090	0.00009310
45.84789276	0.00025387
45.87173462	0.00037932
45.89557648	0.00039973
45.91941833	0.00182541
45.94326019	0.00719392
45.96710205	0.01309064
45.99094391	0.01459157
46.01478577	0.01459585
46.03862762	0.01218730
46.06246948	0.00574713
46.08631134	0.00142088
46.11015320	0.00056987
46.13399506	0.00035807
46.15783691	0.00029146
46.18167877	0.00021867
46.20552063	0.00008288
46.22936249	0.00026786
46.25320435	0.00044348
46.27704620	0.00038854
46.30088806	0.00026071
46.32472992	0.00047689
46.34857178	0.00073485
46.37241364	0.00068068
46.39625549	0.00070368
46.42009735	0.00072671
46.44393921	0.00056233
46.46778107	0.00038619
46.49162292	0.00027661
46.51546478	0.00042777
46.53930664	0.00060876
46.56314850	0.00068171
46.58699036	0.00059364
46.61083221	0.00042145
46.63467407	0.00038266
46.65851593	0.00048151
46.68235779	0.00046428
46.70619965	0.00038311
46.73004150	0.00030555
46.75388336	0.00008441
46.77772522	0.00019719
46.80156708	0.00035929
46.82540894	0.00040752
46.84925079	0.00042303
46.87309265	0.00039655
46.89693451	0.00038151
46.92077637	0.00125742
46.94461823	0.00423167
46.96846008	0.00726599
46.99230194	0.00791840
47.01614380	0.00779750
47.03998566	0.00620178
47.06382751	0.00255805
47.08766937	0.00033677
47.11151123	0.00037052
47.13535309	0.00047354
47.15919495	0.00037619
47.18303680	0.00015406
47.20687866	0.00041306
47.23072052	0.00068911
47.25456238	0.00085877
47.27840424	0.00105183
47.30224609	0.00103083
47.32608795	0.00098986
47.34992981	0.00097425
47.37377167	0.00083931
47.39761353	0.00082509
47.42145538	0.00090822
47.44529724	0.00090745
47.46913910	0.00057524
47.49298096	0.00009048
47.51682281	0.00047561
47.54066467	0.00068411
47.56450653	0.00066976
47.58834839	0.00046876
47.61219025	0.00025996
47.63603210	0.00022653
47.65987396	0.00035096
47.68371582	0.00046497
47.70755768	0.00047067
47.73139954	0.00041741
47.75524139	0.00046532
47.77908325	0.00051605
47.80292511	0.00062938
47.82676697	0.00067623
47.85060883	0.00059024
47.87445068	0.00054724
47.89829254	0.00044718
47.92213440	0.00045639
47.94597626	0.00044408
47.96981812	0.00035937
47.99365997	0.00029322
48.01750183	0.00012408
48.04134369	0.00006384
48.06518555	0.00017834
48.08902740	0.00016256
48.11286926	0.00005290
48.13671112	0.00007282
48.16055298	0.00008783
48.18439484	0.00010442
48.20823669	0.00023298
48.23207855	0.00034883
48.25592041	0.00061307
48.27976227	0.00105008
48.30360413	0.00116224
48.32744598	0.00119688
48.35128784	0.00099307
48.37512970	0.00051317
48.39897156	0.00022333
48.42281342	0.00022616
48.44665527	0.00030029
48.47049713	0.00043016
48.49433899	0.00046855
48.51818085	0.00046656
48.54202271	0.00044587
48.56586456	0.00032180
48.58970642	0.00013953
48.61354828	0.00003643
48.63739014	0.00016063
48.66123199	0.00031654
48.68507385	0.00041742
48.70891571	0.00061883
48.73275757	0.00071621
48.75659943	0.00058409
48.78044128	0.00045060
48.80428314	0.00050128
48.82812500	0.00053671
48.85196686	0.00045893
48.87580872	0.00033922
48.89965057	0.00015081
48.92349243	0.00083007
48.94733429	0.00375806
48.97117615	0.00641154
48.99501801	0.00676551
49.01885986	0.00655101
49.04270172	0.00497120
49.06654358	0.00173700
49.09038544	0.00020585
49.11422729	0.00032908
49.13806915	0.00027372
49.16191101	0.00029516
49.18575287	0.00024339
49.20959473	0.00013693
49.23343658	0.00009938
49.25727844	0.00030097
49.28112030	0.00075270
49.30496216	0.00081477
49.32880402	0.00083168
49.35264587	0.00073581
49.37648773	0.00042012
49.40032959	0.00020883
49.42417145	0.00020096
49.44801331	0.00029562
49.47185516	0.00035220
49.49569702	0.00035175
49.51953888	0.00029926
49.54338074	0.00016345
49.56722260	0.00011130
49.59106445	0.00016330
49.61490631	0.00018116
49.63874817	0.00018680
49.66259003	0.00024923
49.68643188	0.00025116
49.71027374	0.00020275
49.73411560	0.00021126
49.75795746	0.00038009
49.78179932	0.00056558
49.80564117	0.00069523
49.82948303	0.00079367
49.85332489	0.00067090
49.87716675	0.00031751
49.90100861	0.00002885
49.92485046	0.00140435
49.94869232	0.00597429
49.97253418	0.01007617
49.99637604	0.01091571
50.02021790	0.01100722
50.04405975	0.00855294
50.06790161	0.00357385
50.09174347	0.00085089
50.11558533	0.00034534
50.13942719	0.00012199
50.16326904	0.00007664
50.18711090	0.00013110
50.21095276	0.00015779
50.23479462	0.00015982
50.25863647	0.00039333
50.28247833	0.00064830
50.30632019	0.00082226
50.33016205	0.00098253
50.35400391	0.00091859
50.37784576	0.00069474
50.40168762	0.00056284
50.42552948	0.00051256
50.44937134	0.00051698
50.47321320	0.00058437
50.49705505	0.00049636
50.52089691	0.00040969
50.54473877	0.00033966
50.56858063	0.00021226
50.59242249	0.00018205
50.61626434	0.00016358
50.64010620	0.00032199
50.66394806	0.00047324
50.68778992	0.00070946
50.71163177	0.00083279
50.73547363	0.00073982
50.75931549	0.00062162
50.78315735	0.00055261
50.80699921	0.00040812
50.83084106	0.00016616
50.85468292	0.00010918
50.87852478	0.00041157
50.90236664	0.00074486
50.92620850	0.00229228
50.95005035	0.00722429
50.97389221	0.01112850
50.99773407	0.01151112
51.02157593	0.01111147
51.04541779	0.00787211
51.06925964	0.00245987
51.09310150	0.00032908
51.11694336	0.00041617
51.14078522	0.00026921
51.16462708	0.00031756
51.18846893	0.00048981
51.21231079	0.00064347
51.23615265	0.00071995
51.25999451	0.00070955
51.28383636	0.00055571
51.30767822	0.00043859
51.33152008	0.00043622
51.35536194	0.00040395
51.37920380	0.00034747
51.40304565	0.00026652
51.42688751	0.00020149
51.45072937	0.00014382
51.47457123	0.00008951
51.49841309	0.00014857
51.52225494	0.00029666
51.54609680	0.00039326
51.56993866	0.00037367
51.59378052	0.00026876
51.61762238	0.00014851
51.64146423	0.00015776
51.66530609	0.00014732
51.68914795	0.00003076
51.71298981	0.00016898
51.73683167	0.00027164
51.76067352	0.00034828
51.78451538	0.00041082
51.80835724	0.00051117
51.83219910	0.00064575
51.85604095	0.00065153
51.87988281	0.00056581
51.90372467	0.00054070
51.92756653	0.00191227
51.95140839	0.00592360
51.97525024	0.00889159
51.99909210	0.00929292
52.02293396	0.00919809
52.04677582	0.00648565
52.07061768	0.00210848
52.09445953	0.00018121
52.11830139	0.00020450
52.14214325	0.00029513
52.16598511	0.00051222
52.18982697	0.00068121
52.21366882	0.00072149
52.23751068	0.00076469
52.26135254	0.00078398
52.28519440	0.00081547
52.30903625	0.00091797
52.33287811	0.00095558
52.35671997	0.00090081
52.38056183	0.00082754
52.40440369	0.00065436
52.42824554	0.00042942
52.45208740	0.00023787
52.47592926	0.00021326
52.49977112	0.00024064
52.52361298	0.00017232
52.54745483	0.00020401
52.57129669	0.00011250
52.59513855	0.00019048
52.61898041	0.00039564
52.64282227	0.00062474
52.66666412	0.00078873
52.69050598	0.00071950
52.71434784	0.00046698
52.73818970	0.00016441
52.76203156	0.00012515
52.78587341	0.00013339
52.80971527	0.00014513
52.83355713	0.00017419
52.85739899	0.00013895
52.88124084	0.00012285
52.90508270	0.00023083
52.92892456	0.00112838
52.95276642	0.00343653
52.97660828	0.00506979
53.00045013	0.00530903
53.02429199	0.00518722
53.04813385	0.00353531
53.07197571	0.00119691
53.09581757	0.00055180
53.11965942	0.00048470
53.14350128	0.00049903
53.16734314	0.00051041
53.19118500	0.00057373
53.21502686	0.00055308
53.23886871	0.00030063
53.26271057	0.00032258
53.28655243	0.00068648
53.31039429	0.00076509
53.33423615	0.00080463
53.35807800	0.00071378
53.38191986	0.00043091
53.40576172	0.00029512
53.42960358	0.00028807
53.45344543	0.00032836
53.47728729	0.00037116
53.50112915	0.00034258
53.52497101	0.00038844
53.54881287	0.00045905
53.57265472	0.00061345
53.59649658	0.00079879
53.62033844	0.00071695
53.64418030	0.00048455
53.66802216	0.00033332
53.69186401	0.00019016
53.71570587	0.00031867
53.73954773	0.00031731
53.76338959	0.00028325
53.78723145	0.00027493
53.81107330	0.00021649
53.83491516	0.00033422
53.85875702	0.00042359
53.88259888	0.00039590
53.90644073	0.00049894
53.93028259	0.00064157
53.95412445	0.00065818
53.97796631	0.00057171
54.00180817	0.00041359
54.02565002	0.00020249
54.04949188	0.00002314
54.07333374	0.00009493
54.09717560	0.00009750
54.12101746	0.00007966
54.14485931	0.00010727
54.16870117	0.00014971
54.19254303	0.00014793
54.21638489	0.00012980
54.24022675	0.00034677
54.26406860	0.00091262
54.28791046	0.00138878
54.31175232	0.00156458
54.33559418	0.00160956
54.35943604	0.00129705
54.38327789	0.00066853
54.40711975	0.00027227
54.43096161	0.00029124
54.45480347	0.00042215
54.47864532	0.00075370
54.50248718	0.00087839
54.52632904	0.00083885
54.55017090	0.00068505
54.57401276	0.00033632
54.59785461	0.00012021
54.62169647	0.00021928
54.64553833	0.00027481
54.66938019	0.00019761
54.69322205	0.00017699
54.71706390	0.00009711
54.74090576	0.00011090
54.76474762	0.00020674
54.78858948	0.00019194
54.81243134	0.00017313
54.83627319	0.00019112
54.86011505	0.00026464
54.88395691	0.00038071
54.90779877	0.00055269
54.93164063	0.00123398
54.95548248	0.00309210
54.97932434	0.00431111
55.00316620	0.00449234
55.02700806	0.00436008
55.05084991	0.00294475
55.07469177	0.00104797
55.09853363	0.00027044
55.12237549	0.00011348
55.14621735	0.00014615
55.17005920	0.00030881
55.19390106	0.00042363
55.21774292	0.00042700
55.24158478	0.00048308
55.26542664	0.00070789
55.28926849	0.00070388
55.31311035	0.00056605
55.33695221	0.00063046
55.36079407	0.00049701
55.38463593	0.00029079
55.40847778	0.00033171
55.43231964	0.00031862
55.45616150	0.00031232
55.48000336	0.00046494
55.50384521	0.00059987
55.52768707	0.00063911
55.55152893	0.00048540
55.57537079	0.00034919
55.59921265	0.00034980
55.62305450	0.00032536
55.64689636	0.00047424
55.67073822	0.00066678
55.69458008	0.00063209
55.71842194	0.00061005
55.74226379	0.00058156
55.76610565	0.00039897
55.78994751	0.00027218
55.81378937	0.00018866
55.83763123	0.00028833
55.86147308	0.00047775
55.88531494	0.00050374
55.90915680	0.00011694
55.93299866	0.00221586
55.95684052	0.00598132
55.98068237	0.00792053
56.00452423	0.00778308
56.02836609	0.00691996
56.05220795	0.00394869
56.07604980	0.00070783
56.09989166	0.00043372
56.12373352	0.00028430
56.14757538	0.00010848
56.17141724	0.00001853
56.19525909	0.00008802
56.21910095	0.00015669
56.24294281	0.00012814
56.26678467	0.00023132
56.29062653	0.00030778
56.31446838	0.00032533
56.33831024	0.00039101
56.36215210	0.00027985
56.38599396	0.00025550
56.40983582	0.00038688
56.43367767	0.00039940
56.45751953	0.00049244
56.48136139	0.00061345
56.50520325	0.00056620
56.52904510	0.00052344
56.55288696	0.00054276
56.57672882	0.00068774
56.60057068	0.00075852
56.62441254	0.00066114
56.64825439	0.00044591
56.67209625	0.00032731
56.69593811	0.00039209
56.71977997	0.00041769
56.74362183	0.00036572
56.76746368	0.00012782
56.79130554	0.00034698
56.81514740	0.00041462
56.83898926	0.00048594
56.86283112	0.00057933
56.88667297	0.00058723
56.91051483	0.00033795
56.93435669	0.00232554
56.95819855	0.00644793
56.98204041	0.00846715
57.00588226	0.00846033
57.02972412	0.00776743
57.05356598	0.00452309
57.07740784	0.00110685
57.10124969	0.00044723
57.12509155	0.00039275
57.14893341	0.00042901
57.17277527	0.00043521
57.19661713	0.00033846
57.22045898	0.00024809
57.24430084	0.00027970
57.26814270	0.00027065
57.29198456	0.00019901
57.31582642	0.00015269
57.33966827	0.00017624
57.36351013	0.00018714
57.38735199	0.00016289
57.41119385	0.00020231
57.43503571	0.00037229
57.45887756	0.00061290
57.48271942	0.00075418
57.50656128	0.00078982
57.53040314	0.00061160
57.55424500	0.00037202
57.57808685	0.00024944
57.60192871	0.00024664
57.62577057	0.00025190
57.64961243	0.00010751
57.67345428	0.00028275
57.69729614	0.00043760
57.72113800	0.00044579
57.74497986	0.00026577
57.76882172	0.00011254
57.79266357	0.00034754
57.81650543	0.00041253
57.84034729	0.00035598
57.86418915	0.00016178
57.88803101	0.00012591
57.91187286	0.00018734
57.93571472	0.00216870
57.95955658	0.00552375
57.98339844	0.00718373
58.00724030	0.00727163
58.03108215	0.00654105
58.05492401	0.00361787
58.07876587	0.00063435
58.10260773	0.00043731
58.12644958	0.00061240
58.15029144	0.00043729
58.17413330	0.00011367
58.19797516	0.00018108
58.22181702	0.00042819
58.24565887	0.00065575
58.26950073	0.00072697
58.29334259	0.00058909
58.31718445	0.00044234
58.34102631	0.00026987
58.36486816	0.00007759
58.38871002	0.00035027
58.41255188	0.00040287
58.43639374	0.00036472
58.46023560	0.00026975
58.48407745	0.00032078
58.50791931	0.00036725
58.53176117	0.00049375
58.55560303	0.00056774
58.57944489	0.00047673
58.60328674	0.00041577
58.62712860	0.00034298
58.65097046	0.00023914
58.67481232	0.00023066
58.69865417	0.00031632
58.72249603	0.00037513
58.74633789	0.00042791
58.77017975	0.00054332
58.79402161	0.00052689
58.81786346	0.00044401
58.84170532	0.00044731
58.86554718	0.00049573
58.88938904	0.00059254
58.91323090	0.00047018
58.93707275	0.00091708
58.96091461	0.00268687
58.98475647	0.00345947
59.00859833	0.00346883
59.03244019	0.00306709
59.05628204	0.00155300
59.08012390	0.00018311
59.10396576	0.00013928
59.12780762	0.00005750
59.15164948	0.00002797
59.17549133	0.00006750
59.19933319	0.00016459
59.22317505	0.00023020
59.24701691	0.00036803
59.27085876	0.00070084
59.29470062	0.00087408
59.31854248	0.00089027
59.34238434	0.00096682
59.36622620	0.00091354
59.39006805	0.00078591
59.41390991	0.00076009
59.43775177	0.00070710
59.46159363	0.00060308
59.48543549	0.00048103
59.50927734	0.00037755
59.53311920	0.00019149
59.55696106	0.00010808
59.58080292	0.00014621
59.60464478	0.00008728
59.62848663	0.00005701
59.65232849	0.00006382
59.67617035	0.00010338
59.70001221	0.00022804
59.72385406	0.00033774
59.74769592	0.00043183
59.77153778	0.00066853
59.79537964	0.00077424
59.81922150	0.00067877
59.84306335	0.00052384
59.86690521	0.00027739
59.89074707	0.00014643
59.91458893	0.00044267
59.93843079	0.00063073
59.96227264	0.00069653
59.98611450	0.00066250
60.00995636	0.00053155
60.03379822	0.00043056
60.05764008	0.00036828
60.08148193	0.00028216
60.10532379	0.00026681
60.12916565	0.00036432
60.15300751	0.00053249
60.17684937	0.00064279
60.20069122	0.00057490
60.22453308	0.00045290
60.24837494	0.00059184
60.27221680	0.00106143
60.29605865	0.00121553
60.31990051	0.00115849
60.34374237	0.00087930
60.36758423	0.00052624
60.39142609	0.00064784
60.41526794	0.00052804
60.43910980	0.00021919
60.46295166	0.00016896
60.48679352	0.00037299
60.51063538	0.00047762
60.53447723	0.00048357
60.55831909	0.00047887
60.58216095	0.00047810
60.60600281	0.00040857
60.62984467	0.00025095
60.65368652	0.00005893
60.67752838	0.00013630
60.70137024	0.00020587
60.72521210	0.00026948
60.74905396	0.00030838
60.77289581	0.00042821
60.79673767	0.00051899
60.82057953	0.00055312
60.84442139	0.00046652
60.86826324	0.00028912
60.89210510	0.00018969
60.91594696	0.00049507
60.93978882	0.00148903
60.96363068	0.00296722
60.98747253	0.00347637
61.01131439	0.00334498
61.03515625	0.00276999
61.05899811	0.00117778
61.08283997	0.00011067
61.10668182	0.00042644
61.13052368	0.00054424
61.15436554	0.00057084
61.17820740	0.00042835
61.20204926	0.00026474
61.22589111	0.00025959
61.24973297	0.00050022
61.27357483	0.00098432
61.29741669	0.00124791
61.32125854	0.00129628
61.34510040	0.00116964
61.36894226	0.00074369
61.39278412	0.00048343
61.41662598	0.00050320
61.44046783	0.00032325
61.46430969	0.00009614
61.48815155	0.00008577
61.51199341	0.00020097
61.53583527	0.00028708
61.55967712	0.00023537
61.58351898	0.00018728
61.60736084	0.00012669
61.63120270	0.00022206
61.65504456	0.00048299
61.67888641	0.00061473
61.70272827	0.00069018
61.72657013	0.00067764
61.75041199	0.00055069
61.77425385	0.00053393
61.79809570	0.00062071
61.82193756	0.00068572
61.84577942	0.00074321
61.86962128	0.00063869
61.89346313	0.00045627
61.91730499	0.00084442
61.94114685	0.00289290
61.96498871	0.00554476
61.98883057	0.00637855
62.01267242	0.00620678
62.03651428	0.00511220
62.06035614	0.00226097
62.08419800	0.00021178
62.10803986	0.00040106
62.13188171	0.00037239
62.15572357	0.00018465
62.17956543	0.00012287
62.20340729	0.00017176
62.22724915	0.00031779
62.25109100	0.00053736
62.27493286	0.00080172
62.29877472	0.00099477
62.32261658	0.00092143
62.34645844	0.00057435
62.37030029	0.00009122
62.39414215	0.00035522
62.41798401	0.00064414
62.44182587	0.00071548
62.46566772	0.00061241
62.48950958	0.00032937
62.51335144	0.00016809
62.53719330	0.00048272
62.56103516	0.00072690
62.58487701	0.00074245
62.60871887	0.00048762
62.63256073	0.00025686
62.65640259	0.00022390
62.68024445	0.00024445
62.70408630	0.00011324
62.72792816	0.00002445
62.75177002	0.00007705
62.77561188	0.00007926
62.79945374	0.00009866
62.82329559	0.00032650
62.84713745	0.00048659
62.87097931	0.00054314
62.89482117	0.00047782
62.91866302	0.00058991
62.94250488	0.00262290
62.96634674	0.00532363
62.99018860	0.00619637
63.01403046	0.00629323
63.03787231	0.00549106
63.06171417	0.00284900
63.08555603	0.00086640
63.10939789	0.00041533
63.13323975	0.00034782
63.15708160	0.00032264
63.18092346	0.00032554
63.20476532	0.00019711
63.22860718	0.00020632
63.25244904	0.00035682
63.27629089	0.00044808
63.30013275	0.00041368
63.32397461	0.00036368
63.34781647	0.00035666
63.37165833	0.00036365
63.39550018	0.00040555
63.41934204	0.00048647
63.44318390	0.00047392
63.46702576	0.00026079
63.49086761	0.00012690
63.51470947	0.00029208
63.53855133	0.00035934
63.56239319	0.00031808
63.58623505	0.00041650
63.61007690	0.00066601
63.63391876	0.00084299
63.65776062	0.00079123
63.68160248	0.00049658
63.70544434	0.00025536
63.72928619	0.00006493
63.75312805	0.00014455
63.77696991	0.00021927
63.80081177	0.00034517
63.82465363	0.00042293
63.84849548	0.00047949
63.87233734	0.00048974
63.89617920	0.00044690
63.92002106	0.00057005
63.94386292	0.00245900
63.96770477	0.00475511
63.99154663	0.00552237
64.01538849	0.00568436
64.03923035	0.00477448
64.06307220	0.00230280
64.08691406	0.00073805
64.11075592	0.00041132
64.13459778	0.00022294
64.15843964	0.00008599
64.18228149	0.00016656
64.20612335	0.00035591
64.22996521	0.00050434
64.25380707	0.00069291
64.27764893	0.00088386
64.30149078	0.00083113
64.32533264	0.00071405
64.34917450	0.00071808
64.37301636	0.00060871
64.39685822	0.00050534
64.42070007	0.00052197
64.44454193	0.00038360
64.46838379	0.00022789
64.49222565	0.00028706
64.51606750	0.00042917
64.53990936	0.00052491
64.56375122	0.00053097
64.58759308	0.00045482
64.61143494	0.00026814
64.63527679	0.00022890
64.65911865	0.00025279
64.68296051	0.00012708
64.70680237	0.00023841
64.73064423	0.00027187
64.75448608	0.00033219
64.77832794	0.00032150
64.80216980	0.00029496
64.82601166	0.00037883
64.84985352	0.00034312
64.87369537	0.00028483
64.89753723	0.00038984
64.92137909	0.00068816
64.94522095	0.00181253
64.96906281	0.00303295
64.99290466	0.00330791
65.01674652	0.00331100
65.04058838	0.00271208
65.06443024	0.00138967
65.08827209	0.00065825
65.11211395	0.00054315
65.13595581	0.00055573
65.15979767	0.00048784
65.18363953	0.00033084
65.20748138	0.00021712
65.23132324	0.00024426
65.25516510	0.00054864
65.27900696	0.00088383
65.30284882	0.00082813
65.32669067	0.00069922
65.35053253	0.00063739
65.37437439	0.00039371
65.39821625	0.00021793
65.42205811	0.00014002
65.44589996	0.00020677
65.46974182	0.00034660
65.49358368	0.00039947
65.51742554	0.00046526
65.54126740	0.00047843
65.56510925	0.00047474
65.58895111	0.00055967
65.61279297	0.00052526
65.63663483	0.00040833
65.66047668	0.00025570
65.68431854	0.00001463
65.70816040	0.00021789
65.73200226	0.00035940
65.75584412	0.00045960
65.77968597	0.00045076
65.80352783	0.00045188
65.82736969	0.00051026
65.85121155	0.00047899
65.87505341	0.00030141
65.89889526	0.00011314
65.92273712	0.00012696
65.94657898	0.00017299
65.97042084	0.00015433
65.99426270	0.00017617
66.01810455	0.00008405
66.04194641	0.00018533
66.06578827	0.00037329
66.08963013	0.00045104
66.11347198	0.00057905
66.13731384	0.00054576
66.16115570	0.00038423
66.18499756	0.00029692
66.20883942	0.00025650
66.23268127	0.00033361
66.25652313	0.00064807
66.28036499	0.00094013
66.30420685	0.00099119
66.32804871	0.00097016
66.35189056	0.00069100
66.37573242	0.00029582
66.39957428	0.00030016
66.42341614	0.00024317
66.44725800	0.00012826
66.47109985	0.00012515
66.49494171	0.00024578
66.51878357	0.00041290
66.54262543	0.00044139
66.56646729	0.00029188
66.59030914	0.00014955
66.61415100	0.00010413
66.63799286	0.00033923
66.66183472	0.00063477
66.68567657	0.00074014
66.70951843	0.00074876
66.73336029	0.00071137
66.75720215	0.00059585
66.78104401	0.00050791
66.80488586	0.00034619
66.82872772	0.00017658
66.85256958	0.00004814
66.87641144	0.00007674
66.90025330	0.00011873
66.92409515	0.00037443
66.94793701	0.00149443
66.97177887	0.00262488
66.99562073	0.00295258
67.01946259	0.00313138
67.04330444	0.00273012
67.06714630	0.00165222
67.09098816	0.00105227
67.11483002	0.00088182
67.13867188	0.00067083
67.16251373	0.00052034
67.18635559	0.00045435
67.21019745	0.00039160
67.23403931	0.00019958
67.25788116	0.00046262
67.28172302	0.00112250
67.30556488	0.00152509
67.32940674	0.00171272
67.35324860	0.00152058
67.37709045	0.00087823
67.40093231	0.00023185
67.42477417	0.00026540
67.44861603	0.00054406
67.47245789	0.00057343
67.49629974	0.00043537
67.52014160	0.00024738
67.54398346	0.00021632
67.56782532	0.00029603
67.59166718	0.00015952
67.61550903	0.00019050
67.63935089	0.00030877
67.66319275	0.00044161
67.68703461	0.00052807
67.71087646	0.00043553
67.73471832	0.00027913
67.75856018	0.00018145
67.78240204	0.00018938
67.80624390	0.00014646
67.83008575	0.00017855
67.85392761	0.00018259
67.87776947	0.00017095
67.90161133	0.00012764
67.92545319	0.00074981
67.94929504	0.00263922
67.97313690	0.00423356
67.99697876	0.00451669
68.02082062	0.00455170
68.04466248	0.00356401
68.06850433	0.00146803
68.09234619	0.00030325
68.11618805	0.00015743
68.14002991	0.00020590
68.16387177	0.00025133
68.18771362	0.00031234
68.21155548	0.00029963
68.23539734	0.00018278
68.25923920	0.00028377
68.28308105	0.00045612
68.30692291	0.00047251
68.33076477	0.00051337
68.35460663	0.00042758
68.37844849	0.00028490
68.40229034	0.00034184
68.42613220	0.00033173
68.44997406	0.00023681
68.47381592	0.00019047
68.49765778	0.00006114
68.52149963	0.00019250
68.54534149	0.00035285
68.56918335	0.00041856
68.59302521	0.00044357
68.61686707	0.00039925
68.64070892	0.00040777
68.66455078	0.00048450
68.68839264	0.00052606
68.71223450	0.00048935
68.73607635	0.00038268
68.75991821	0.00024299
68.78376007	0.00014881
68.80760193	0.00019175
68.83144379	0.00033161
68.85528564	0.00042661
68.87912750	0.00040717
68.90296936	0.00028566
68.92681122	0.00065103
68.95065308	0.00291911
68.97449493	0.00462536
68.99833679	0.00496288
69.02217865	0.00505183
69.04602051	0.00377414
69.06986237	0.00158494
69.09370422	0.00066135
69.11754608	0.00054854
69.14138794	0.00047471
69.16522980	0.00047260
69.18907166	0.00043887
69.21291351	0.00030503
69.23675537	0.00015370
69.26059723	0.00014318
69.28443909	0.00033037
69.30828094	0.00055440
69.33212280	0.00062407
69.35596466	0.00054454
69.37980652	0.00040531
69.40364838	0.00024998
69.42749023	0.00013026
69.45133209	0.00032186
69.47517395	0.00059626
69.49901581	0.00080785
69.52285767	0.00081658
69.54669952	0.00074688
69.57054138	0.00074123
69.59438324	0.00081814
69.61822510	0.00079089
69.64206696	0.00062161
69.66590881	0.00050470
69.68975067	0.00035024
69.71359253	0.00023686
69.73743439	0.00014810
69.76127625	0.00024993
69.78511810	0.00036354
69.80895996	0.00030902
69.83280182	0.00026767
69.85664368	0.00027640
69.88048553	0.00023737
69.90432739	0.00022777
69.92816925	0.00050984
69.95201111	0.00242094
69.97585297	0.00388956
69.99969482	0.00415983
70.02353668	0.00406035
70.04737854	0.00284701
70.07122040	0.00100138
70.09506226	0.00015124
70.11890411	0.00010501
70.14274597	0.00028323
70.16658783	0.00047101
70.19042969	0.00059663
70.21427155	0.00059123
70.23811340	0.00056311
70.26195526	0.00069214
70.28579712	0.00088234
70.30963898	0.00081272
70.33348083	0.00070380
70.35732269	0.00057641
70.38116455	0.00038972
70.40500641	0.00053715
70.42884827	0.00049243
70.45269012	0.00020670
70.47653198	0.00014462
70.50037384	0.00048649
70.52421570	0.00065677
70.54805756	0.00064640
70.57189941	0.00041945
70.59574127	0.00025592
70.61958313	0.00015951
70.64342499	0.00040669
70.66726685	0.00063462
70.69110870	0.00064957
70.71495056	0.00075597
70.73879242	0.00080381
70.76263428	0.00073807
70.78647614	0.00065990
70.81031799	0.00060985
70.83415985	0.00049109
70.85800171	0.00031829
70.88184357	0.00030401
70.90568542	0.00037186
70.92952728	0.00063252
70.95336914	0.00155395
70.97721100	0.00220512
71.00105286	0.00220315
71.02489471	0.00209272
71.04873657	0.00137093
71.07257843	0.00036362
71.09642029	0.00032559
71.12026215	0.00043756
71.14410400	0.00053310
71.16794586	0.00053579
71.19178772	0.00051657
71.21562958	0.00050683
71.23947144	0.00023246
71.26331329	0.00062112
71.28715515	0.00125409
71.31099701	0.00152977
71.33483887	0.00161754
71.35868073	0.00128580
71.38252258	0.00064169
71.40636444	0.00029312
71.43020630	0.00032709
71.45404816	0.00040336
71.47789001	0.00049956
71.50173187	0.00046333
71.52557373	0.00028504
71.54941559	0.00010530
71.57325745	0.00009792
71.59709930	0.00011094
71.62094116	0.00014441
71.64478302	0.00051913
71.66862488	0.00067298
71.69246674	0.00055868
71.71630859	0.00039159
71.74015045	0.00021531
71.76399231	0.00032613
71.78783417	0.00033477
71.81167603	0.00018121
71.83551788	0.00005541
71.85935974	0.00008559
71.88320160	0.00021894
71.90704346	0.00017999
71.93088531	0.00014397
71.95472717	0.00021793
71.97856903	0.00034348
72.00241089	0.00032515
72.02625275	0.00010328
72.05009460	0.00011773
72.07393646	0.00024492
72.09777832	0.00038470
72.12162018	0.00037874
72.14546204	0.00036438
72.16930389	0.00042915
72.19314575	0.00060958
72.21698761	0.00073305
72.24082947	0.00101756
72.26467133	0.00161391
72.28851318	0.00195028
72.31235504	0.00196467
72.33619690	0.00181784
72.36003876	0.00118325
72.38388062	0.00043098
72.40772247	0.00030581
72.43156433	0.00030723
72.45540619	0.00027278
72.47924805	0.00014774
72.50308990	0.00015883
72.52693176	0.00033065
72.55077362	0.00044489
72.57461548	0.00050913
72.59845734	0.00038297
72.62229919	0.00024231
72.64614105	0.00029354
72.66998291	0.00025164
72.69382477	0.00029917
72.71766663	0.00042592
72.74150848	0.00041435
72.76535034	0.00034166
72.78919220	0.00021450
72.81303406	0.00007794
72.83687592	0.00010335
72.86071777	0.00007148
72.88455963	0.00005522
72.90840149	0.00014330
72.93224335	0.00059317
72.95608521	0.00157091
72.97992706	0.00210722
73.00376892	0.00223378
73.02761078	0.00223604
73.05145264	0.00146290
73.07529449	0.00049584
73.09913635	0.00015362
73.12297821	0.00007493
73.14682007	0.00013348
73.17066193	0.00013188
73.19450378	0.00011395
73.21834564	0.00012303
73.24218750	0.00034748
73.26602936	0.00096377
73.28987122	0.00139253
73.31371307	0.00150469
73.33755493	0.00157668
73.36139679	0.00120466
73.38523865	0.00069288
73.40908051	0.00071794
73.43292236	0.00068989
73.45676422	0.00048369
73.48060608	0.00030101
73.50444794	0.00011104
73.52828979	0.00008115
73.55213165	0.00007181
73.57597351	0.00004154
73.59981537	0.00015000
73.62365723	0.00011859
73.64749908	0.00020282
73.67134094	0.00026947
73.69518280	0.00026490
73.71902466	0.00026647
73.74286652	0.00030577
73.76670837	0.00040844
73.79055023	0.00037391
73.81439209	0.00043576
73.83823395	0.00049814
73.86207581	0.00044951
73.88591766	0.00043032
73.90975952	0.00048519
73.93360138	0.00136301
73.95744324	0.00317809
73.98128510	0.00400844
74.00512695	0.00389087
74.02896881	0.00354982
74.05281067	0.00208472
74.07665253	0.00050924
74.10049438	0.00009106
74.12433624	0.00021169
74.14817810	0.00028986
74.17201996	0.00032663
74.19586182	0.00029090
74.21970367	0.00032582
74.24354553	0.00027057
74.26738739	0.00043037
74.29122925	0.00079037
74.31507111	0.00111697
74.33891296	0.00133931
74.36275482	0.00110335
74.38659668	0.00068869
74.41043854	0.00043145
74.43428040	0.00024366
74.45812225	0.00023257
74.48196411	0.00033691
74.50580597	0.00034778
74.52964783	0.00027697
74.55348969	0.00011198
74.57733154	0.00017517
74.60117340	0.00028439
74.62501526	0.00023781
74.64885712	0.00033241
74.67269897	0.00043922
74.69654083	0.00044610
74.72038269	0.00036077
74.74422455	0.00016644
74.76806641	0.00017571
74.79190826	0.00025129
74.81575012	0.00014062
74.83959198	0.00017201
74.86343384	0.00025768
74.88727570	0.00035618
74.91111755	0.00052954
74.93495941	0.00124766
74.95880127	0.00289377
74.98264313	0.00377629
75.00648499	0.00391625
75.03032684	0.00374055
75.05416870	0.00228537
75.07801056	0.00074185
75.10185242	0.00021593
75.12569427	0.00009935
75.14953613	0.00034051
75.17337799	0.00048364
75.19721985	0.00044916
75.22106171	0.00027971
75.24490356	0.00009157
75.26874542	0.00016608
75.29258728	0.00030791
75.31642914	0.00030984
75.34027100	0.00028207
75.36411285	0.00031999
75.38795471	0.00034859
75.41179657	0.00027940
75.43563843	0.00025814
75.45948029	0.00030541
75.48332214	0.00024009
75.50716400	0.00016711
75.53100586	0.00010368
75.55484772	0.00008124
75.57868958	0.00017667
75.60253143	0.00029884
75.62637329	0.00033543
75.65021515	0.00015992
75.67405701	0.00005170
75.69789886	0.00022720
75.72174072	0.00026124
75.74558258	0.00014381
75.76942444	0.00042302
75.79326630	0.00061377
75.81710815	0.00064298
75.84095001	0.00047693
75.86479187	0.00020280
75.88863373	0.00006154
75.91247559	0.00008219
75.93631744	0.00100228
75.96015930	0.00259905
75.98400116	0.00329114
76.00784302	0.00337363
76.03168488	0.00325716
76.05552673	0.00200141
76.07936859	0.00076981
76.10321045	0.00045075
76.12705231	0.00040460
76.15089417	0.00040686
76.17473602	0.00040432
76.19857788	0.00039827
76.22241974	0.00034284
76.24626160	0.00029370
76.27010345	0.00029949
76.29394531	0.00033019
76.31778717	0.00035787
76.34162903	0.00043724
76.36547089	0.00037920
76.38931274	0.00027924
76.41315460	0.00024397
76.43699646	0.00019753
76.46083832	0.00010760
76.48468018	0.00013676
76.50852203	0.00038768
76.53236389	0.00047865
76.55620575	0.00047518
76.58004761	0.00053048
76.60388947	0.00060463
76.62773132	0.00064407
76.65157318	0.00060367
76.67541504	0.00047239
76.69925690	0.00042380
76.72309875	0.00039155
76.74694061	0.00035070
76.77078247	0.00045761
76.79462433	0.00053130
76.81846619	0.00053650
76.84230804	0.00056637
76.86614990	0.00063885
76.88999176	0.00073834
76.91383362	0.00064227
76.93767548	0.00014529
76.96151733	0.00104582
76.98535919	0.00153028
77.00920105	0.00171775
77.03304291	0.00173148
77.05688477	0.00114500
77.08072662	0.00059963
77.10456848	0.00037829
77.12841034	0.00029756
77.15225220	0.00025527
77.17609406	0.00026713
77.19993591	0.00027004
77.22377777	0.00010436
77.24761963	0.00029611
77.27146149	0.00095867
77.29530334	0.00134063
77.31914520	0.00142164
77.34298706	0.00138887
77.36682892	0.00091063
77.39067078	0.00042778
77.41451263	0.00036684
77.43835449	0.00035209
77.46219635	0.00036472
77.48603821	0.00059666
77.50988007	0.00076900
77.53372192	0.00075005
77.55756378	0.00063130
77.58140564	0.00038097
77.60524750	0.00017735
77.62908936	0.00026278
77.65293121	0.00026220
77.67677307	0.00027569
77.70061493	0.00041668
77.72445679	0.00048682
77.74829865	0.00050326
77.77214050	0.00053257
77.79598236	0.00049663
77.81982422	0.00045555
77.84366608	0.00058089
77.86750793	0.00071140
77.89134979	0.00079977
77.91519165	0.00082118
77.93903351	0.00075458
77.96287537	0.00059586
77.98671722	0.00042480
78.01055908	0.00033091
78.03440094	0.00042647
78.05824280	0.00066789
78.08208466	0.00080155
78.10592651	0.00059291
78.12976837	0.00027549
78.15361023	0.00019867
78.17745209	0.00048696
78.20129395	0.00071849
78.22513580	0.00065497
78.24897766	0.00079976
78.27281952	0.00161602
78.29666138	0.00194254
78.32050323	0.00193859
78.34434509	0.00191790
78.36818695	0.00132667
78.39202881	0.00055881
78.41587067	0.00031577
78.43971252	0.00036918
78.46355438	0.00041626
78.48739624	0.00052777
78.51123810	0.00055373
78.53507996	0.00042871
78.55892181	0.00031330
78.58276367	0.00030306
78.60660553	0.00046528
78.63044739	0.00060421
78.65428925	0.00062516
78.67813110	0.00052226
78.70197296	0.00028924
78.72581482	0.00035517
78.74965668	0.00048322
78.77349854	0.00039053
78.79734039	0.00021766
78.82118225	0.00029577
78.84502411	0.00036700
78.86886597	0.00019897
78.89270782	0.00030147
78.91654968	0.00049057
78.94039154	0.00071592
78.96423340	0.00138130
78.98807526	0.00163122
79.01191711	0.00157219
79.03575897	0.00134893
79.05960083	0.00058728
79.08344269	0.00006062
79.10728455	0.00020630
79.13112640	0.00025214
79.15496826	0.00043678
79.17881012	0.00059810
79.20265198	0.00066295
79.22649384	0.00053046
79.25033569	0.00024272
79.27417755	0.00104507
79.29801941	0.00153677
79.32186127	0.00184481
79.34570313	0.00184859
79.36954498	0.00119661
79.39338684	0.00047979
79.41722870	0.00003250
79.44107056	0.00030663
79.46491241	0.00042153
79.48875427	0.00036726
79.51259613	0.00017975
79.53643799	0.00010002
79.56027985	0.00027779
79.58412170	0.00033267
79.60796356	0.00026502
79.63180542	0.00014862
79.65564728	0.00003685
79.67948914	0.00008647
79.70333099	0.00005855
79.72717285	0.00028929
79.75101471	0.00042301
79.77485657	0.00044929
79.79869843	0.00039559
79.82254028	0.00017885
79.84638214	0.00008189
79.87022400	0.00018411
79.89406586	0.00011619
79.91790771	0.00029607
79.94174957	0.00141682
79.96559143	0.00264886
79.98943329	0.00288625
80.01327515	0.00282024
80.03711700	0.00239886
80.06095886	0.00105403
80.08480072	0.00010170
80.10864258	0.00013165
80.13248444	0.00012689
80.15632629	0.00009497
80.18016815	0.00004025
80.20401001	0.00012985
80.22785187	0.00011887
80.25169373	0.00032646
80.27553558	0.00068893
80.29937744	0.00083770
80.32321930	0.00081745
80.34706116	0.00069307
80.37090302	0.00045977
80.39474487	0.00034908
80.41858673	0.00032415
80.44242859	0.00020144
80.46627045	0.00005318
80.49011230	0.00016894
80.51395416	0.00030862
80.53779602	0.00029866
80.56163788	0.00033399
80.58547974	0.00037665
80.60932159	0.00032781
80.63316345	0.00027655
80.65700531	0.00020507
80.68084717	0.00019859
80.70468903	0.00029355
80.72853088	0.00026718
80.75237274	0.00011269
80.77621460	0.00006710
80.80005646	0.00017764
80.82389832	0.00023259
80.84774017	0.00040105
80.87158203	0.00062639
80.89542389	0.00069316
80.91926575	0.00057475
80.94310760	0.00136030
80.96694946	0.00285750
80.99079132	0.00341607
81.01463318	0.00351105
81.03847504	0.00296370
81.06231689	0.00149625
81.08615875	0.00051870
81.11000061	0.00026707
81.13384247	0.00018421
81.15768433	0.00009952
81.18152618	0.00009947
81.20536804	0.00019325
81.22920990	0.00027173
81.25305176	0.00021574
81.27689362	0.00003076
81.30073547	0.00023339
81.32457733	0.00050202
81.34841919	0.00059445
81.37226105	0.00040457
81.39610291	0.00005537
81.41994476	0.00028040
81.44378662	0.00054677
81.46762848	0.00074617
81.49147034	0.00061388
81.51531219	0.00028267
81.53915405	0.00041259
81.56299591	0.00074296
81.58683777	0.00093989
81.61067963	0.00082548
81.63452148	0.00056216
81.65836334	0.00042248
81.68220520	0.00030978
81.70604706	0.00017152
81.72988892	0.00018695
81.75373077	0.00043661
81.77757263	0.00074591
81.80141449	0.00088426
81.82525635	0.00077518
81.84909821	0.00057973
81.87294006	0.00032312
81.89678192	0.00028827
81.92062378	0.00033135
81.94446564	0.00079643
81.96830750	0.00187073
81.99214935	0.00211940
82.01599121	0.00214228
82.03983307	0.00171329
82.06367493	0.00057588
82.08751678	0.00009905
82.11135864	0.00019377
82.13520050	0.00016589
82.15904236	0.00017291
82.18288422	0.00022487
82.20672607	0.00012641
82.23056793	0.00010644
82.25440979	0.00055504
82.27825165	0.00103689
82.30209351	0.00110117
82.32593536	0.00094736
82.34977722	0.00066809
82.37361908	0.00022976
82.39746094	0.00004365
82.42130280	0.00016494
82.44514465	0.00036096
82.46898651	0.00042387
82.49282837	0.00029584
82.51667023	0.00030582
82.54051208	0.00039197
82.56435394	0.00032717
82.58819580	0.00011898
82.61203766	0.00018676
82.63587952	0.00027352
82.65972137	0.00025175
82.68356323	0.00036402
82.70740509	0.00050401
82.73124695	0.00047506
82.75508881	0.00040109
82.77893066	0.00031486
82.80277252	0.00024092
82.82661438	0.00028360
82.85045624	0.00042326
82.87429810	0.00051898
82.89813995	0.00053739
82.92198181	0.00062538
82.94582367	0.00113539
82.96966553	0.00175317
82.99350739	0.00204792
83.01734924	0.00223123
83.04119110	0.00201258
83.06503296	0.00123383
83.08887482	0.00065483
83.11271667	0.00047827
83.13655853	0.00039958
83.16040039	0.00024758
83.18424225	0.00015618
83.20808411	0.00017856
83.23192596	0.00028467
83.25576782	0.00089164
83.27960968	0.00165965
83.30345154	0.00191593
83.32729340	0.00185147
83.35113525	0.00143769
83.37497711	0.00060625
83.39881897	0.00039325
83.42266083	0.00059915
83.44650269	0.00060338
83.47034454	0.00040775
83.49418640	0.00029206
83.51802826	0.00033318
83.54187012	0.00020697
83.56571198	0.00013297
83.58955383	0.00050824
83.61339569	0.00077720
83.63723755	0.00081124
83.66107941	0.00064449
83.68492126	0.00046547
83.70876312	0.00042347
83.73260498	0.00049152
83.75644684	0.00040038
83.78028870	0.00023119
83.80413055	0.00022014
83.82797241	0.00013762
83.85181427	0.00020093
83.87565613	0.00047067
83.89949799	0.00052247
83.92333984	0.00045317
83.94718170	0.00032755
83.97102356	0.00023189
83.99486542	0.00012460
84.01870728	0.00008606
84.04254913	0.00030131
84.06639099	0.00034402
84.09023285	0.00026940
84.11407471	0.00023508
84.13791656	0.00035913
84.16175842	0.00053230
84.18560028	0.00054760
84.20944214	0.00047748
84.23328400	0.00061406
84.25712585	0.00113701
84.28096771	0.00161246
84.30480957	0.00172361
84.32865143	0.00185146
84.35249329	0.00164838
84.37633514	0.00091565
84.40017700	0.00046216
84.42401886	0.00034721
84.44786072	0.00026461
84.47170258	0.00031387
84.49554443	0.00041836
84.51938629	0.00043551
84.54322815	0.00035433
84.56707001	0.00026108
84.59091187	0.00023088
84.61475372	0.00028161
84.63859558	0.00020756
84.66243744	0.00013425
84.68627930	0.00037868
84.71012115	0.00054761
84.73396301	0.00057773
84.75780487	0.00048626
84.78164673	0.00029604
84.80548859	0.00013470
84.82933044	0.00004387
84.85317230	0.00019909
84.87701416	0.00032234
84.90085602	0.00047881
84.92469788	0.00069257
84.94853973	0.00117609
84.97238159	0.00157409
84.99622345	0.00157043
85.02006531	0.00155014
85.04390717	0.00122162
85.06774902	0.00057484
85.09159088	0.00054521
85.11543274	0.00056545
85.13927460	0.00052585
85.16311646	0.00046091
85.18695831	0.00031473
85.21080017	0.00027929
85.23464203	0.00055625
85.25848389	0.00128875
85.28232574	0.00188036
85.30616760	0.00186630
85.33000946	0.00165909
85.35385132	0.00107224
85.37769318	0.00027260
85.40153503	0.00015310
85.42537689	0.00020004
85.44921875	0.00042759
85.47306061	0.00052533
85.49690247	0.00044956
85.52074432	0.00032572
85.54458618	0.00015245
85.56842804	0.00014935
85.59226990	0.00021844
85.61611176	0.00020552
85.63995361	0.00008782
85.66379547	0.00003647
85.68763733	0.00003362
85.71147919	0.00009497
85.73532104	0.00021183
85.75916290	0.00032089
85.78300476	0.00030416
85.80684662	0.00020040
85.83068848	0.00014714
85.85453033	0.00023650
85.87837219	0.00038358
85.90221405	0.00044785
85.92605591	0.00038818
85.94989777	0.00122870
85.97373962	0.00211606
85.99758148	0.00218649
86.02142334	0.00195781
86.04526520	0.00119310
86.06910706	0.00025625
86.09294891	0.00074049
86.11679077	0.00070647
86.14063263	0.00038742
86.16447449	0.00014177
86.18831635	0.00013073
86.21215820	0.00017620
86.23600006	0.00005739
86.25984192	0.00073921
86.28368378	0.00136393
86.30752563	0.00164356
86.33136749	0.00171310
86.35520935	0.00130807
86.37905121	0.00053748
86.40289307	0.00008587
86.42673492	0.00027346
86.45057678	0.00026367
86.47441864	0.00026396
86.49826050	0.00040035
86.52210236	0.00062175
86.54594421	0.00066596
86.56978607	0.00054779
86.59362793	0.00036560
86.61746979	0.00024684
86.64131165	0.00025036
86.66515350	0.00025426
86.68899536	0.00027327
86.71283722	0.00024845
86.73667908	0.00019647
86.76052094	0.00033447
86.78436279	0.00047983
86.80820465	0.00049253
86.83204651	0.00040711
86.85588837	0.00031533
86.87973022	0.00028070
86.90357208	0.00028162
86.92741394	0.00075731
86.95125580	0.00206533
86.97509766	0.00297069
86.99893951	0.00304612
87.02278137	0.00288866
87.04662323	0.00199692
87.07046509	0.00079555
87.09430695	0.00029281
87.11814880	0.00012714
87.14199066	0.00002910
87.16583252	0.00008746
87.18967438	0.00013122
87.21351624	0.00018715
87.23735809	0.00021009
87.26119995	0.00033676
87.28504181	0.00034213
87.30888367	0.00023249
87.33272552	0.00014291
87.35656738	0.00032897
87.38040924	0.00040610
87.40425110	0.00045675
87.42809296	0.00060783
87.45193481	0.00073604
87.47577667	0.00067534
87.49961853	0.00043509
87.52346039	0.00021793
87.54730225	0.00010240
87.57114410	0.00013648
87.59498596	0.00025022
87.61882782	0.00038312
87.64266968	0.00044043
87.66651154	0.00043142
87.69035339	0.00033276
87.71419525	0.00032093
87.73803711	0.00030730
87.76187897	0.00031697
87.78572083	0.00045462
87.80956268	0.00049712
87.83340454	0.00044929
87.85724640	0.00048148
87.88108826	0.00052932
87.90493011	0.00051146
87.92877197	0.00078636
87.95261383	0.00165018
87.97645569	0.00221959
88.00029755	0.00211587
88.02413940	0.00197226
88.04798126	0.00136356
88.07182312	0.00038986
88.09566498	0.00033363
88.11950684	0.00032281
88.14334869	0.00023294
88.16719055	0.00016338
88.19103241	0.00006120
88.21487427	0.00003792
88.23871613	0.00012350
88.26255798	0.00045499
88.28639984	0.00065218
88.31024170	0.00068620
88.33408356	0.00079354
88.35792542	0.00058865
88.38176727	0.00020684
88.40560913	0.00005852
88.42945099	0.00008184
88.45329285	0.00022394
88.47713470	0.00036223
88.50097656	0.00050696
88.52481842	0.00057279
88.54866028	0.00054451
88.57250214	0.00058124
88.59634399	0.00055267
88.62018585	0.00039799
88.64402771	0.00032271
88.66786957	0.00034817
88.69171143	0.00036081
88.71555328	0.00030042
88.73939514	0.00025911
88.76323700	0.00022449
88.78707886	0.00012743
88.81092072	0.00004007
88.83476257	0.00016889
88.85860443	0.00027018
88.88244629	0.00028646
88.90628815	0.00028609
88.93013000	0.00005676
88.95397186	0.00050578
88.97781372	0.00087839
89.00165558	0.00097518
89.02549744	0.00102530
89.04933929	0.00067356
89.07318115	0.00020160
89.09702301	0.00030064
89.12086487	0.00029178
89.14470673	0.00019009
89.16854858	0.00001301
89.19239044	0.00026725
89.21623230	0.00036330
89.24007416	0.00050415
89.26391602	0.00109736
89.28775787	0.00151937
89.31159973	0.00161030
89.33544159	0.00164544
89.35928345	0.00117587
89.38312531	0.00059172
89.40696716	0.00044906
89.43080902	0.00033048
89.45465088	0.00047481
89.47849274	0.00070297
89.50233459	0.00088046
89.52617645	0.00097761
89.55001831	0.00092399
89.57386017	0.00076979
89.59770203	0.00058409
89.62154388	0.00050455
89.64538574	0.00046900
89.66922760	0.00044498
89.69306946	0.00039491
89.71691132	0.00027472
89.74075317	0.00019355
89.76459503	0.00023791
89.78843689	0.00027607
89.81227875	0.00020917
89.83612061	0.00013089
89.85996246	0.00011964
89.88380432	0.00019445
89.90764618	0.00011140
89.93148804	0.00033182
89.95532990	0.00061053
89.97917175	0.00068410
90.00301361	0.00067747
90.02685547	0.00065205
90.05069733	0.00059836
90.07453918	0.00069744
90.09838104	0.00072975
90.12222290	0.00068810
90.14606476	0.00066195
90.16990662	0.00050844
90.19374847	0.00040975
90.21759033	0.00033297
90.24143219	0.00058075
90.26527405	0.00155966
90.28911591	0.00209874
90.31295776	0.00211843
90.33679962	0.00211281
90.36064148	0.00156430
90.38448334	0.00089468
90.40832520	0.00078666
90.43216705	0.00088410
90.45600891	0.00078444
90.47985077	0.00046156
90.50369263	0.00022928
90.52753448	0.00014672
90.55137634	0.00016789
90.57521820	0.00027013
90.59906006	0.00032771
90.62290192	0.00036639
90.64674377	0.00033685
90.67058563	0.00031463
90.69442749	0.00050644
90.71826935	0.00062472
90.74211121	0.00061895
90.76595306	0.00050279
90.78979492	0.00026473
90.81363678	0.00026471
90.83747864	0.00043773
90.86132050	0.00054061
90.88516235	0.00050052
90.90900421	0.00031872
90.93284607	0.00046465
90.95668793	0.00146007
90.98052979	0.00205104
91.00437164	0.00208318
91.02821350	0.00185544
91.05205536	0.00099285
91.07589722	0.00017731
91.09973907	0.00025313
91.12358093	0.00012615
91.14742279	0.00020271
91.17126465	0.00027015
91.19510651	0.00017327
91.21894836	0.00009726
91.24279022	0.00027759
91.26663208	0.00104942
91.29047394	0.00149019
91.31431580	0.00161401
91.33815765	0.00166429
91.36199951	0.00116202
91.38584137	0.00039954
91.40968323	0.00012524
91.43352509	0.00024510
91.45736694	0.00031886
91.48120880	0.00047219
91.50505066	0.00065394
91.52889252	0.00070215
91.55273438	0.00076837
91.57657623	0.00076786
91.60041809	0.00053078
91.62425995	0.00024184
91.64810181	0.00004258
91.67194366	0.00017840
91.69578552	0.00018896
91.71962738	0.00007588
91.74346924	0.00016696
91.76731110	0.00028130
91.79115295	0.00043065
91.81499481	0.00047484
91.83883667	0.00041337
91.86267853	0.00037037
91.88652039	0.00031605
91.91036224	0.00040653
91.93420410	0.00109853
91.95804596	0.00220810
91.98188782	0.00266975
92.00572968	0.00261760
92.02957153	0.00236732
92.05341339	0.00133762
92.07725525	0.00033660
92.10109711	0.00006249
92.12493896	0.00014891
92.14878082	0.00025203
92.17262268	0.00040190
92.19646454	0.00062876
92.22030640	0.00065823
92.24414825	0.00066022
92.26799011	0.00091134
92.29183197	0.00101281
92.31567383	0.00091798
92.33951569	0.00092195
92.36335754	0.00073211
92.38719940	0.00041978
92.41104126	0.00035869
92.43488312	0.00041867
92.45872498	0.00047591
92.48256683	0.00037669
92.50640869	0.00030513
92.53025055	0.00047268
92.55409241	0.00047872
92.57793427	0.00037889
92.60177612	0.00038364
92.62561798	0.00033079
92.64945984	0.00033545
92.67330170	0.00028373
92.69714355	0.00016263
92.72098541	0.00017929
92.74482727	0.00022910
92.76866913	0.00028142
92.79251099	0.00031768
92.81635284	0.00027741
92.84019470	0.00017246
92.86403656	0.00009458
92.88787842	0.00014954
92.91172028	0.00041213
92.93556213	0.00124640
92.95940399	0.00255411
92.98324585	0.00307419
93.00708771	0.00294887
93.03092957	0.00259432
93.05477142	0.00134667
93.07861328	0.00009848
93.10245514	0.00032765
93.12629700	0.00034424
93.15013885	0.00046609
93.17398071	0.00060630
93.19782257	0.00080697
93.22166443	0.00096072
93.24550629	0.00092784
93.26934814	0.00085678
93.29319000	0.00072945
93.31703186	0.00066270
93.34087372	0.00078490
93.36471558	0.00078284
93.38855743	0.00067814
93.41239929	0.00053623
93.43624115	0.00040579
93.46008301	0.00036608
93.48392487	0.00033964
93.50776672	0.00042355
93.53160858	0.00063989
93.55545044	0.00085950
93.57929230	0.00084426
93.60313416	0.00071653
93.62697601	0.00062746
93.65081787	0.00055291
93.67465973	0.00038344
93.69850159	0.00019920
93.72234344	0.00019220
93.74618530	0.00029366
93.77002716	0.00036036
93.79386902	0.00033061
93.81771088	0.00027615
93.84155273	0.00025931
93.86539459	0.00029978
93.88923645	0.00025648
93.91307831	0.00007038
93.93692017	0.00078335
93.96076202	0.00193591
93.98460388	0.00241296
94.00844574	0.00241528
94.03228760	0.00212543
94.05612946	0.00115755
94.07997131	0.00039729
94.10381317	0.00031870
94.12765503	0.00032586
94.15149689	0.00043295
94.17533875	0.00055964
94.19918060	0.00054457
94.22302246	0.00035904
94.24686432	0.00012224
94.27070618	0.00071828
94.29454803	0.00088869
94.31838989	0.00082515
94.34223175	0.00073240
94.36607361	0.00027512
94.38991547	0.00024624
94.41375732	0.00021096
94.43759918	0.00013315
94.46144104	0.00023035
94.48528290	0.00018699
94.50912476	0.00004480
94.53296661	0.00012082
94.55680847	0.00033147
94.58065033	0.00049211
94.60449219	0.00045942
94.62833405	0.00038866
94.65217590	0.00035321
94.67601776	0.00020909
94.69985962	0.00014308
94.72370148	0.00011472
94.74754333	0.00001476
94.77138519	0.00015061
94.79522705	0.00026355
94.81906891	0.00043701
94.84291077	0.00048241
94.86675262	0.00030893
94.89059448	0.00020884
94.91443634	0.00009010
94.93827820	0.00043857
94.96212006	0.00103476
94.98596191	0.00115848
95.00980377	0.00119113
95.03364563	0.00115110
95.05748749	0.00068651
95.08132935	0.00035753
95.10517120	0.00024319
95.12901306	0.00022821
95.15285492	0.00023886
95.17669678	0.00034812
95.20053864	0.00036707
95.22438049	0.00024244
95.24822235	0.00080373
95.27206421	0.00174122
95.29590607	0.00229872
95.31974792	0.00231490
95.34358978	0.00197322
95.36743164	0.00119336
95.39127350	0.00060295
95.41511536	0.00041614
95.43895721	0.00027711
95.46279907	0.00007232
95.48664093	0.00025282
95.51048279	0.00039444
95.53432465	0.00045792
95.55816650	0.00059989
95.58200836	0.00065609
95.60585022	0.00059870
95.62969208	0.00047423
95.65353394	0.00024987
95.67737579	0.00017854
95.70121765	0.00023418
95.72505951	0.00012385
95.74890137	0.00026487
95.77274323	0.00053073
95.79658508	0.00062123
95.82042694	0.00051301
95.84426880	0.00028578
95.86811066	0.00012209
95.89195251	0.00023674
95.91579437	0.00031409
95.93963623	0.00039382
95.96347809	0.00046064
95.98731995	0.00047007
96.01116180	0.00047802
96.03500366	0.00052243
96.05884552	0.00047653
96.08268738	0.00029202
96.10652924	0.00020542
96.13037109	0.00018262
96.15421295	0.00026251
96.17805481	0.00023115
96.20189667	0.00013219
96.22573853	0.00033100
96.24958038	0.00104023
96.27342224	0.00199080
96.29726410	0.00230994
96.32110596	0.00225960
96.34494781	0.00188184
96.36878967	0.00088387
96.39263153	0.00013403
96.41647339	0.00018293
96.44031525	0.00028857
96.46415710	0.00028098
96.48799896	0.00031045
96.51184082	0.00033413
96.53568268	0.00041621
96.55952454	0.00050890
96.58336639	0.00036176
96.60720825	0.00016535
96.63105011	0.00007692
96.65489197	0.00006064
96.67873383	0.00024527
96.70257568	0.00036069
96.72641754	0.00038736
96.75025940	0.00043045
96.77410126	0.00036927
96.79794312	0.00018606
96.82178497	0.00011678
96.84562683	0.00016708
96.86946869	0.00011939
96.89331055	0.00008712
96.91715240	0.00012648
96.94099426	0.00071652
96.96483612	0.00143365
96.98867798	0.00152693
97.01251984	0.00138680
97.03636169	0.00113483
97.06020355	0.00047673
97.08404541	0.00026627
97.10788727	0.00032788
97.13172913	0.00034540
97.15557098	0.00044691
97.17941284	0.00042924
97.20325470	0.00031715
97.22709656	0.00030570
97.25093842	0.00076507
97.27478027	0.00153617
97.29862213	0.00176291
97.32246399	0.00156383
97.34630585	0.00110136
97.37014771	0.00033645
97.39398956	0.00008040
97.41783142	0.00019058
97.44167328	0.00032198
97.46551514	0.00043292
97.48935699	0.00029672
97.51319885	0.00003024
97.53704071	0.00016912
97.56088257	0.00029267
97.58472443	0.00034239
97.60856628	0.00028725
97.63240814	0.00028764
