Частота	Канал A
(kГц)	(В)

0.00000000	2.87693300
0.02384186	1.99840200
0.04768372	1.36341800
0.07152557	0.43423890
0.09536743	0.04030471
0.11920929	0.00052922
0.14305115	0.00062500
0.16689301	0.00012222
0.19073486	0.00033754
0.21457672	0.00044344
0.23841858	0.00025973
0.26226044	0.00093763
0.28610229	0.00098517
0.30994415	0.00123161
0.33378601	0.00069759
0.35762787	0.00050382
0.38146973	0.00030314
0.40531158	0.00034857
0.42915344	0.00050379
0.45299530	0.00017838
0.47683716	0.00040901
0.50067902	0.00014115
0.52452087	0.00012544
0.54836273	0.00049922
0.57220459	0.00034031
0.59604645	0.00038547
0.61988831	0.00054629
0.64373016	0.00107109
0.66757202	0.00147758
0.69141388	0.00141327
0.71525574	0.00131558
0.73909760	0.00103356
0.76293945	0.00057303
0.78678131	0.00057146
0.81062317	0.00029923
0.83446503	0.00036861
0.85830688	0.00022170
0.88214874	0.00027686
0.90599060	0.00028398
0.92983246	0.00139179
0.95367432	0.00348692
0.97751617	0.00502771
1.00135803	0.00498605
1.02519989	0.00486653
1.04904175	0.00310996
1.07288361	0.00090445
1.09672546	0.00047488
1.12056732	0.00061223
1.14440918	0.00068059
1.16825104	0.00043590
1.19209290	0.00009529
1.21593475	0.00030273
1.23977661	0.00048502
1.26361847	0.00065580
1.28746033	0.00073239
1.31130219	0.00075739
1.33514404	0.00067180
1.35898590	0.00048549
1.38282776	0.00027528
1.40666962	0.00023369
1.43051147	0.00020056
1.45435333	0.00029227
1.47819519	0.00039662
1.50203705	0.00043406
1.52587891	0.00042656
1.54972076	0.00043376
1.57356262	0.00044189
1.59740448	0.00049262
1.62124634	0.00034879
1.64508820	0.00009173
1.66893005	0.00041396
1.69277191	0.00055454
1.71661377	0.00061915
1.74045563	0.00048617
1.76429749	0.00017350
1.78813934	0.00010136
1.81198120	0.00033871
1.83582306	0.00053970
1.85966492	0.00051290
1.88350677	0.00041363
1.90734863	0.00025225
1.93119049	0.00220404
1.95503235	0.00620987
1.97887421	0.00836363
2.00271606	0.00833730
2.02655792	0.00762440
2.05039978	0.00464598
2.07424164	0.00087043
2.09808350	0.00032437
2.12192535	0.00020833
2.14576721	0.00016000
2.16960907	0.00037056
2.19345093	0.00055459
2.21729279	0.00045862
2.24113464	0.00046534
2.26497650	0.00062463
2.28881836	0.00087673
2.31266022	0.00093035
2.33650208	0.00092055
2.36034393	0.00061000
2.38418579	0.00024742
2.40802765	0.00002304
2.43186951	0.00014721
2.45571136	0.00015537
2.47955322	0.00019316
2.50339508	0.00028630
2.52723694	0.00039794
2.55107880	0.00048844
2.57492065	0.00037894
2.59876251	0.00036543
2.62260437	0.00057782
2.64644623	0.00099602
2.67028809	0.00116975
2.69412994	0.00121679
2.71797180	0.00102868
2.74181366	0.00067806
2.76565552	0.00023025
2.78949738	0.00012226
2.81333923	0.00023447
2.83718109	0.00018838
2.86102295	0.00022618
2.88486481	0.00026270
2.90870667	0.00064683
2.93254852	0.00350906
2.95639038	0.00864327
2.98023224	0.01132750
3.00407410	0.01148418
3.02791595	0.01072477
3.05175781	0.00657615
3.07559967	0.00190882
3.09944153	0.00046477
3.12328339	0.00023645
3.14712524	0.00005185
3.17096710	0.00023905
3.19480896	0.00046734
3.21865082	0.00046124
3.24249268	0.00041451
3.26633453	0.00049087
3.29017639	0.00049554
3.31401825	0.00042342
3.33786011	0.00035127
3.36170197	0.00017094
3.38554382	0.00017053
3.40938568	0.00029666
3.43322754	0.00027196
3.45706940	0.00032666
3.48091125	0.00038944
3.50475311	0.00035978
3.52859497	0.00031552
3.55243683	0.00027363
3.57627869	0.00028687
3.60012054	0.00029091
3.62396240	0.00036228
3.64780426	0.00029623
3.67164612	0.00022673
3.69548798	0.00022002
3.71932983	0.00033266
3.74317169	0.00030053
3.76701355	0.00013792
3.79085541	0.00021478
3.81469727	0.00048355
3.83853912	0.00074380
3.86238098	0.00070984
3.88622284	0.00059781
3.91006470	0.00066576
3.93390656	0.00417056
3.95774841	0.01037603
3.98159027	0.01333595
4.00543213	0.01338656
4.02927399	0.01231329
4.05311584	0.00730235
4.07695770	0.00201600
4.10079956	0.00049989
4.12464142	0.00053335
4.14848328	0.00065148
4.17232513	0.00069223
4.19616699	0.00072127
4.22000885	0.00068887
4.24385071	0.00074622
4.26769257	0.00076981
4.29153442	0.00071961
4.31537628	0.00055746
4.33921814	0.00037643
4.36306000	0.00007197
4.38690186	0.00031987
4.41074371	0.00052340
4.43458557	0.00062928
4.45842743	0.00073038
4.48226929	0.00064242
4.50611115	0.00038858
4.52995300	0.00025409
4.55379486	0.00010401
4.57763672	0.00033311
4.60147858	0.00050132
4.62532043	0.00044595
4.64916229	0.00018956
4.67300415	0.00008803
4.69684601	0.00019172
4.72068787	0.00028936
4.74452972	0.00038659
4.76837158	0.00045509
4.79221344	0.00035465
4.81605530	0.00005857
4.83989716	0.00019903
4.86373901	0.00028922
4.88758087	0.00024709
4.91142273	0.00089663
4.93526459	0.00472410
4.95910645	0.01100915
4.98294830	0.01384268
5.00679016	0.01391964
5.03063202	0.01282492
5.05447388	0.00740274
5.07831573	0.00200511
5.10215759	0.00042870
5.12599945	0.00030820
5.14984131	0.00030114
5.17368317	0.00027074
5.19752502	0.00004136
5.22136688	0.00035573
5.24520874	0.00066802
5.26905060	0.00085904
5.29289246	0.00094724
5.31673431	0.00080318
5.34057617	0.00052937
5.36441803	0.00022551
5.38825989	0.00003015
5.41210175	0.00014414
5.43594360	0.00020209
5.45978546	0.00022231
5.48362732	0.00011051
5.50746918	0.00013601
5.53131104	0.00030778
5.55515289	0.00045670
5.57899475	0.00041152
5.60283661	0.00028980
5.62667847	0.00021685
5.65052032	0.00030700
5.67436218	0.00034511
5.69820404	0.00036668
5.72204590	0.00038656
5.74588776	0.00031581
5.76972961	0.00020451
5.79357147	0.00016951
5.81741333	0.00022939
5.84125519	0.00040645
5.86509705	0.00038566
5.88893890	0.00033076
5.91278076	0.00046208
5.93662262	0.00442858
5.96046448	0.01058368
5.98430634	0.01322017
6.00814819	0.01340821
6.03199005	0.01225305
6.05583191	0.00694563
6.07967377	0.00181529
6.10351563	0.00033196
6.12735748	0.00024941
6.15119934	0.00031517
6.17504120	0.00041000
6.19888306	0.00037607
6.22272491	0.00026114
6.24656677	0.00011804
6.27040863	0.00008063
6.29425049	0.00018025
6.31809235	0.00020219
6.34193420	0.00018386
6.36577606	0.00017107
6.38961792	0.00015886
6.41345978	0.00016600
6.43730164	0.00016658
6.46114349	0.00025508
6.48498535	0.00036439
6.50882721	0.00046800
6.53266907	0.00060358
6.55651093	0.00068392
6.58035278	0.00076151
6.60419464	0.00080872
6.62803650	0.00087552
6.65187836	0.00078304
6.67572021	0.00058005
6.69956207	0.00054601
6.72340393	0.00053448
6.74724579	0.00048447
6.77108765	0.00030771
6.79492950	0.00009005
6.81877136	0.00042086
6.84261322	0.00058455
6.86645508	0.00055528
6.89029694	0.00033027
6.91413879	0.00066360
6.93798065	0.00443871
6.96182251	0.00965698
6.98566437	0.01149554
7.00950623	0.01139137
7.03334808	0.01005493
7.05718994	0.00534811
7.08103180	0.00122992
7.10487366	0.00019417
7.12871552	0.00003340
7.15255737	0.00011175
7.17639923	0.00008757
7.20024109	0.00006855
7.22408295	0.00011175
7.24792480	0.00010948
7.27176666	0.00026217
7.29560852	0.00039726
7.31945038	0.00047457
7.34329224	0.00054263
7.36713409	0.00040094
7.39097595	0.00020410
7.41481781	0.00021016
7.43865967	0.00026474
7.46250153	0.00027454
7.48634338	0.00035215
7.51018524	0.00030749
7.53402710	0.00015686
7.55786896	0.00003737
7.58171082	0.00016096
7.60555267	0.00032020
7.62939453	0.00047552
7.65323639	0.00061424
7.67707825	0.00056300
7.70092010	0.00044909
7.72476196	0.00025714
7.74860382	0.00017737
7.77244568	0.00032568
7.79628754	0.00056952
7.82012939	0.00071738
7.84397125	0.00078922
7.86781311	0.00067612
7.89165497	0.00046966
7.91549683	0.00084608
7.93933868	0.00347657
7.96318054	0.00713971
7.98702240	0.00838632
8.01086426	0.00827603
8.03470612	0.00715492
8.05854797	0.00359655
8.08238983	0.00073534
8.10623169	0.00016235
8.13007355	0.00022873
8.15391541	0.00032263
8.17775726	0.00038843
8.20159912	0.00034563
8.22544098	0.00021596
8.24928284	0.00010524
8.27312469	0.00054453
8.29696655	0.00075669
8.32080841	0.00067685
8.34465027	0.00047020
8.36849213	0.00024419
8.39233398	0.00043341
8.41617584	0.00047796
8.44001770	0.00036090
8.46385956	0.00021983
8.48770142	0.00011110
8.51154327	0.00016291
8.53538513	0.00026515
8.55922699	0.00032089
8.58306885	0.00028662
8.60691071	0.00034769
8.63075256	0.00056237
8.65459442	0.00075957
8.67843628	0.00085718
8.70227814	0.00086117
8.72612000	0.00069377
8.74996185	0.00038542
8.77380371	0.00028613
8.79764557	0.00028652
8.82148743	0.00026746
8.84532928	0.00012674
8.86917114	0.00004689
8.89301300	0.00020118
8.91685486	0.00062119
8.94069672	0.00208353
8.96453857	0.00392133
8.98838043	0.00439174
9.01222229	0.00427595
9.03606415	0.00361070
9.05990601	0.00169137
9.08374786	0.00032662
9.10758972	0.00024253
9.13143158	0.00030313
9.15527344	0.00036677
9.17911530	0.00043805
9.20295715	0.00041169
9.22679901	0.00032626
9.25064087	0.00030243
9.27448273	0.00080344
9.29832458	0.00099434
9.32216644	0.00091739
9.34600830	0.00074721
9.36985016	0.00035526
9.39369202	0.00030402
9.41753387	0.00035424
9.44137573	0.00031833
9.46521759	0.00031664
9.48905945	0.00039950
9.51290131	0.00044829
9.53674316	0.00034317
9.56058502	0.00014619
9.58442688	0.00005708
9.60826874	0.00022092
9.63211060	0.00041395
9.65595245	0.00056439
9.67979431	0.00055279
9.70363617	0.00057629
9.72747803	0.00049056
9.75131989	0.00027331
9.77516174	0.00018106
9.79900360	0.00019677
9.82284546	0.00015016
9.84668732	0.00015770
9.87052917	0.00038455
9.89437103	0.00058680
9.91821289	0.00062560
9.94205475	0.00047622
9.96589661	0.00029249
9.98973846	0.00028036
10.01358032	0.00035998
10.03742218	0.00039736
10.06126404	0.00042073
10.08510590	0.00033680
10.10894775	0.00023545
10.13278961	0.00008865
10.15663147	0.00005772
10.18047333	0.00014720
10.20431519	0.00009097
10.22815704	0.00007784
10.25199890	0.00038004
10.27584076	0.00070955
10.29968262	0.00077508
10.32352448	0.00070515
10.34736633	0.00059812
10.37120819	0.00029707
10.39505005	0.00025419
10.41889191	0.00031082
10.44273376	0.00025193
10.46657562	0.00012721
10.49041748	0.00013208
10.51425934	0.00020014
10.53810120	0.00020512
10.56194305	0.00023414
10.58578491	0.00032043
10.60962677	0.00039213
10.63346863	0.00067957
10.65731049	0.00099212
10.68115234	0.00100893
10.70499420	0.00086834
10.72883606	0.00052113
10.75267792	0.00031737
10.77651978	0.00050253
10.80036163	0.00048410
10.82420349	0.00034268
10.84804535	0.00019839
10.87188721	0.00033341
10.89572906	0.00026773
10.91957092	0.00026551
10.94341278	0.00202584
10.96725464	0.00391694
10.99109650	0.00434179
11.01493835	0.00418193
11.03878021	0.00325200
11.06262207	0.00122003
11.08646393	0.00012890
11.11030579	0.00037441
11.13414764	0.00042378
11.15798950	0.00036648
11.18183136	0.00032922
11.20567322	0.00023409
11.22951508	0.00006253
11.25335693	0.00031684
11.27719879	0.00074424
11.30104065	0.00082492
11.32488251	0.00077066
11.34872437	0.00059677
11.37256622	0.00017422
11.39640808	0.00016549
11.42024994	0.00014357
11.44409180	0.00023899
11.46793365	0.00037233
11.49177551	0.00042294
11.51561737	0.00031652
11.53945923	0.00022221
11.56330109	0.00017068
11.58714294	0.00007505
11.61098480	0.00007649
11.63482666	0.00024544
11.65866852	0.00041620
11.68251038	0.00044338
11.70635223	0.00051299
11.73019409	0.00035688
11.75403595	0.00017267
11.77787781	0.00012715
11.80171967	0.00007479
11.82556152	0.00010220
11.84940338	0.00007270
11.87324524	0.00024761
11.89708710	0.00043107
11.92092896	0.00078003
11.94477081	0.00390432
11.96861267	0.00737562
11.99245453	0.00832368
12.01629639	0.00844760
12.04013824	0.00687958
12.06398010	0.00298858
12.08782196	0.00050314
12.11166382	0.00028684
12.13550568	0.00032786
12.15934753	0.00031191
12.18318939	0.00033631
12.20703125	0.00046524
12.23087311	0.00054383
12.25471497	0.00083934
12.27855682	0.00115018
12.30239868	0.00119729
12.32624054	0.00122118
12.35008240	0.00111171
12.37392426	0.00083328
12.39776611	0.00066428
12.42160797	0.00053365
12.44544983	0.00039068
12.46929169	0.00033565
12.49313354	0.00031770
12.51697540	0.00021957
12.54081726	0.00018438
12.56465912	0.00029252
12.58850098	0.00042572
12.61234283	0.00031408
12.63618469	0.00020686
12.66002655	0.00049625
12.68386841	0.00069747
12.70771027	0.00079168
12.73155212	0.00056223
12.75539398	0.00023422
12.77923584	0.00013285
12.80307770	0.00011511
12.82691956	0.00007635
12.85076141	0.00008929
12.87460327	0.00009981
12.89844513	0.00040256
12.92228699	0.00180629
12.94612885	0.00636639
12.96997070	0.01064464
12.99381256	0.01135992
13.01765442	0.01116846
13.04149628	0.00872276
13.06533813	0.00352454
13.08917999	0.00055742
13.11302185	0.00020345
13.13686371	0.00028926
13.16070557	0.00033440
13.18454742	0.00040399
13.20838928	0.00042277
13.23223114	0.00039480
13.25607300	0.00062457
13.27991486	0.00083181
13.30375671	0.00076578
13.32759857	0.00059735
13.35144043	0.00040107
13.37528229	0.00030949
13.39912415	0.00035463
13.42296600	0.00025216
13.44680786	0.00008731
13.47064972	0.00013167
13.49449158	0.00013442
13.51833344	0.00011164
13.54217529	0.00016225
13.56601715	0.00029465
13.58985901	0.00037917
13.61370087	0.00032920
13.63754272	0.00022009
13.66138458	0.00004062
13.68522644	0.00027459
13.70906830	0.00049817
13.73291016	0.00050607
13.75675201	0.00045605
13.78059387	0.00046794
13.80443573	0.00048643
13.82827759	0.00043451
13.85211945	0.00034832
13.87596130	0.00032297
13.89980316	0.00043067
13.92364502	0.00211127
13.94748688	0.00775741
13.97132874	0.01278251
13.99517059	0.01361631
14.01901245	0.01337047
14.04285431	0.01010066
14.06669617	0.00384218
14.09053802	0.00050841
14.11437988	0.00021911
14.13822174	0.00035682
14.16206360	0.00036615
14.18590546	0.00026618
14.20974731	0.00019581
14.23358917	0.00004883
14.25743103	0.00019988
14.28127289	0.00032796
14.30511475	0.00037278
14.32895660	0.00024987
14.35279846	0.00013077
14.37664032	0.00016074
14.40048218	0.00018927
14.42432404	0.00032226
14.44816589	0.00041563
14.47200775	0.00031653
14.49584961	0.00031378
14.51969147	0.00030413
14.54353333	0.00030692
14.56737518	0.00019950
14.59121704	0.00004469
14.61505890	0.00003483
14.63890076	0.00002271
14.66274261	0.00003459
14.68658447	0.00017332
14.71042633	0.00032659
14.73426819	0.00043315
14.75811005	0.00040381
14.78195190	0.00030623
14.80579376	0.00015181
14.82963562	0.00006346
14.85347748	0.00015045
14.87731934	0.00029836
14.90116119	0.00035757
14.92500305	0.00247361
14.94884491	0.00886297
14.97268677	0.01413344
14.99652863	0.01493333
15.02037048	0.01458304
15.04421234	0.01064026
15.06805420	0.00372875
15.09189606	0.00053597
15.11573792	0.00057166
15.13957977	0.00058092
15.16342163	0.00058107
15.18726349	0.00053421
15.21110535	0.00045299
15.23494720	0.00041534
15.25878906	0.00032149
15.28263092	0.00015309
15.30647278	0.00020556
15.33031464	0.00034271
15.35415649	0.00039264
15.37799835	0.00044470
15.40184021	0.00044787
15.42568207	0.00044138
15.44952393	0.00045481
15.47336578	0.00038215
15.49720764	0.00031213
15.52104950	0.00027307
15.54489136	0.00023674
15.56873322	0.00034472
15.59257507	0.00045612
15.61641693	0.00047300
15.64025879	0.00054286
15.66410065	0.00058680
15.68794250	0.00047245
15.71178436	0.00053306
15.73562622	0.00057485
15.75946808	0.00049488
15.78330994	0.00040554
15.80715179	0.00031745
15.83099365	0.00025361
15.85483551	0.00022926
15.87867737	0.00020973
15.90251923	0.00007842
15.92636108	0.00267584
15.95020294	0.00905288
15.97404480	0.01386587
15.99788666	0.01450627
16.02172852	0.01414294
16.04557037	0.01019597
16.06941223	0.00376067
16.09325409	0.00091252
16.11709595	0.00043975
16.14093781	0.00012136
16.16477966	0.00007914
16.18862152	0.00023508
16.21246338	0.00032626
16.23630524	0.00037526
16.26014709	0.00040538
16.28398895	0.00052274
16.30783081	0.00059106
16.33167267	0.00055009
16.35551453	0.00044613
16.37935638	0.00040950
16.40319824	0.00038620
16.42704010	0.00044351
16.45088196	0.00041114
16.47472382	0.00031833
16.49856567	0.00032045
16.52240753	0.00020830
16.54624939	0.00017287
16.57009125	0.00021298
16.59393311	0.00028774
16.61777496	0.00038921
16.64161682	0.00065403
16.66545868	0.00076793
16.68930054	0.00064144
16.71314240	0.00069641
16.73698425	0.00069915
16.76082611	0.00047613
16.78466797	0.00036812
16.80850983	0.00033654
16.83235168	0.00032307
16.85619354	0.00035242
16.88003540	0.00035322
16.90387726	0.00042912
16.92771912	0.00247626
16.95156097	0.00801828
16.97540283	0.01200629
16.99924469	0.01245549
17.02308655	0.01198034
17.04692841	0.00825237
17.07077026	0.00268563
17.09461212	0.00031666
17.11845398	0.00029577
17.14229584	0.00059984
17.16613770	0.00067308
17.18997955	0.00061845
17.21382141	0.00055619
17.23766327	0.00049148
17.26150513	0.00062615
17.28534698	0.00086622
17.30918884	0.00100681
17.33303070	0.00108314
17.35687256	0.00100244
17.38071442	0.00076991
17.40455627	0.00065977
17.42839813	0.00056081
17.45223999	0.00040508
17.47608185	0.00026529
17.49992371	0.00017602
17.52376556	0.00013645
17.54760742	0.00016689
17.57144928	0.00023116
17.59529114	0.00035782
17.61913300	0.00054999
17.64297485	0.00073928
17.66681671	0.00086031
17.69065857	0.00085092
17.71450043	0.00076562
17.73834229	0.00053413
17.76218414	0.00035191
17.78602600	0.00042028
17.80986786	0.00050794
17.83370972	0.00057536
17.85755157	0.00066748
17.88139343	0.00073284
17.90523529	0.00069947
17.92907715	0.00160007
17.95291901	0.00576742
17.97676086	0.00856149
18.00060272	0.00896174
18.02444458	0.00874728
18.04828644	0.00592402
18.07212830	0.00194752
18.09597015	0.00036565
18.11981201	0.00028236
18.14365387	0.00032398
18.16749573	0.00023026
18.19133759	0.00011989
18.21517944	0.00010007
18.23902130	0.00030423
18.26286316	0.00079619
18.28670502	0.00119653
18.31054688	0.00122209
18.33438873	0.00099160
18.35823059	0.00048730
18.38207245	0.00011172
18.40591431	0.00047524
18.42975616	0.00061319
18.45359802	0.00052456
18.47743988	0.00037981
18.50128174	0.00023750
18.52512360	0.00023231
18.54896545	0.00032356
18.57280731	0.00024819
18.59664917	0.00012418
18.62049103	0.00031491
18.64433289	0.00077157
18.66817474	0.00092028
18.69201660	0.00085055
18.71585846	0.00080835
18.73970032	0.00057340
18.76354218	0.00028143
18.78738403	0.00033819
18.81122589	0.00049553
18.83506775	0.00054655
18.85890961	0.00040523
18.88275146	0.00041768
18.90659332	0.00061746
18.93043518	0.00171480
18.95427704	0.00400779
18.97811890	0.00531023
19.00196075	0.00517982
19.02580261	0.00477745
19.04964447	0.00297610
19.07348633	0.00066131
19.09732819	0.00030103
19.12117004	0.00024228
19.14501190	0.00035564
19.16885376	0.00052016
19.19269562	0.00056292
19.21653748	0.00048756
19.24037933	0.00035288
19.26422119	0.00079963
19.28806305	0.00119683
19.31190491	0.00121967
19.33574677	0.00117559
19.35958862	0.00090001
19.38343048	0.00057111
19.40727234	0.00049358
19.43111420	0.00044459
19.45495605	0.00042659
19.47879791	0.00053154
19.50263977	0.00062797
19.52648163	0.00061954
19.55032349	0.00048522
19.57416534	0.00035731
19.59800720	0.00021154
19.62184906	0.00033873
19.64569092	0.00085392
19.66953278	0.00118361
19.69337463	0.00128738
19.71721649	0.00125912
19.74105835	0.00098724
19.76490021	0.00065911
19.78874207	0.00039267
19.81258392	0.00023354
19.83642578	0.00029211
19.86026764	0.00033961
19.88410950	0.00029610
19.90795135	0.00012408
19.93179321	0.00019329
19.95563507	0.00023023
19.97947693	0.00010560
20.00331879	0.00030932
20.02716064	0.00048386
20.05100250	0.00050660
20.07484436	0.00054274
20.09868622	0.00060502
20.12252808	0.00055891
20.14636993	0.00045212
20.17021179	0.00045269
20.19405365	0.00045821
20.21789551	0.00039647
20.24173737	0.00048578
20.26557922	0.00075021
20.28942108	0.00091948
20.31326294	0.00098527
20.33710480	0.00102066
20.36094666	0.00074326
20.38478851	0.00043788
20.40863037	0.00041880
20.43247223	0.00041628
20.45631409	0.00042432
20.48015594	0.00047576
20.50399780	0.00041054
20.52783966	0.00035642
20.55168152	0.00039011
20.57552338	0.00038086
20.59936523	0.00020938
20.62320709	0.00018583
20.64704895	0.00073099
20.67089081	0.00114548
20.69473267	0.00142536
20.71857452	0.00149963
20.74241638	0.00123695
20.76625824	0.00098608
20.79010010	0.00084196
20.81394196	0.00067666
20.83778381	0.00061028
20.86162567	0.00052287
20.88546753	0.00032763
20.90930939	0.00012194
20.93315125	0.00132867
20.95699310	0.00359095
20.98083496	0.00482921
21.00467682	0.00489483
21.02851868	0.00450902
21.05236053	0.00266017
21.07620239	0.00053317
21.10004425	0.00020051
21.12388611	0.00031277
21.14772797	0.00033438
21.17156982	0.00023806
21.19541168	0.00021050
21.21925354	0.00019035
21.24309540	0.00021023
21.26693726	0.00064556
21.29077911	0.00095520
21.31462097	0.00111263
21.33846283	0.00121480
21.36230469	0.00100432
21.38614655	0.00075352
21.40998840	0.00062278
21.43383026	0.00048961
21.45767212	0.00029669
21.48151398	0.00022378
21.50535583	0.00039304
21.52919769	0.00056791
21.55303955	0.00057238
21.57688141	0.00041723
21.60072327	0.00017634
21.62456512	0.00024065
21.64840698	0.00062303
21.67224884	0.00087729
21.69609070	0.00101895
21.71993256	0.00103776
21.74377441	0.00085394
21.76761627	0.00073593
21.79145813	0.00068851
21.81529999	0.00061003
21.83914185	0.00040669
21.86298370	0.00008666
21.88682556	0.00033781
21.91066742	0.00095344
21.93450928	0.00351092
21.95835114	0.00797672
21.98219299	0.01008746
22.00603485	0.01004946
22.02987671	0.00914001
22.05371857	0.00525493
22.07756042	0.00117467
22.10140228	0.00023868
22.12524414	0.00031153
22.14908600	0.00018508
22.17292786	0.00014797
22.19676971	0.00027773
22.22061157	0.00041753
22.24445343	0.00063066
22.26829529	0.00099831
22.29213715	0.00117743
22.31597900	0.00106452
22.33982086	0.00081776
22.36366272	0.00036413
22.38750458	0.00011404
22.41134644	0.00025707
22.43518829	0.00037962
22.45903015	0.00045973
22.48287201	0.00045765
22.50671387	0.00042809
22.53055573	0.00023571
22.55439758	0.00020933
22.57823944	0.00050766
22.60208130	0.00077348
22.62592316	0.00109586
22.64976501	0.00131647
22.67360687	0.00131748
22.69744873	0.00121168
22.72129059	0.00098928
22.74513245	0.00061080
22.76897430	0.00030367
22.79281616	0.00011176
22.81665802	0.00005983
22.84049988	0.00020385
22.86434174	0.00031650
22.88818359	0.00040125
22.91202545	0.00107841
22.93586731	0.00497087
22.95970917	0.01124611
22.98355103	0.01389820
23.00739288	0.01381268
23.03123474	0.01239793
23.05507660	0.00678710
23.07891846	0.00127570
23.10276031	0.00030696
23.12660217	0.00040351
23.15044403	0.00051869
23.17428589	0.00064552
23.19812775	0.00068626
23.22196960	0.00073196
23.24581146	0.00076893
23.26965332	0.00087652
23.29349518	0.00090725
23.31733704	0.00076924
23.34117889	0.00057186
23.36502075	0.00027083
23.38886261	0.00020898
23.41270447	0.00037344
23.43654633	0.00041195
23.46038818	0.00042829
23.48423004	0.00043086
23.50807190	0.00045090
23.53191376	0.00051222
23.55575562	0.00034785
23.57959747	0.00009490
23.60343933	0.00015277
23.62728119	0.00028130
23.65112305	0.00040659
23.67496490	0.00041823
23.69880676	0.00035794
23.72264862	0.00032019
23.74649048	0.00031039
23.77033234	0.00034807
23.79417419	0.00030253
23.81801605	0.00021177
23.84185791	0.00012875
23.86569977	0.00010949
23.88954163	0.00021522
23.91338348	0.00049971
23.93722534	0.00530442
23.96106720	0.01297681
23.98490906	0.01632732
24.00875092	0.01655482
24.03259277	0.01486365
24.05643463	0.00797644
24.08027649	0.00153379
24.10411835	0.00019847
24.12796021	0.00013020
24.15180206	0.00033133
24.17564392	0.00042338
24.19948578	0.00040014
24.22332764	0.00014293
24.24716949	0.00027320
24.27101135	0.00058151
24.29485321	0.00068401
24.31869507	0.00060692
24.34253693	0.00035679
24.36637878	0.00009218
24.39022064	0.00024015
24.41406250	0.00034341
24.43790436	0.00035318
24.46174622	0.00037477
24.48558807	0.00042964
24.50942993	0.00043473
24.53327179	0.00029861
24.55711365	0.00011006
24.58095551	0.00011958
24.60479736	0.00032879
24.62863922	0.00039867
24.65248108	0.00028226
24.67632294	0.00016933
24.70016479	0.00032331
24.72400665	0.00045534
24.74784851	0.00045488
24.77169037	0.00032398
24.79553223	0.00016593
24.81937408	0.00007663
24.84321594	0.00012608
24.86705780	0.00018763
24.89089966	0.00017103
24.91474152	0.00115885
24.93858337	0.00672561
24.96242523	0.01472307
24.98626709	0.01771725
25.01010895	0.01784562
25.03395081	0.01589155
25.05779266	0.00845707
25.08163452	0.00193301
25.10547638	0.00026727
25.12931824	0.00011065
25.15316010	0.00004349
25.17700195	0.00013931
25.20084381	0.00035720
25.22468567	0.00052267
25.24852753	0.00048735
25.27236938	0.00034988
25.29621124	0.00027206
25.32005310	0.00032011
25.34389496	0.00041651
25.36773682	0.00032641
25.39157867	0.00023060
25.41542053	0.00030766
25.43926239	0.00028291
25.46310425	0.00025381
25.48694611	0.00028565
25.51078796	0.00033442
25.53462982	0.00035328
25.55847168	0.00028745
25.58231354	0.00031413
25.60615540	0.00026468
25.62999725	0.00023352
25.65383911	0.00027299
25.67768097	0.00032409
25.70152283	0.00033056
25.72536469	0.00020478
25.74920654	0.00015547
25.77304840	0.00035276
25.79689026	0.00038446
25.82073212	0.00020333
25.84457397	0.00021055
25.86841583	0.00031402
25.89225769	0.00047113
25.91609955	0.00156842
25.93994141	0.00741244
25.96378326	0.01518248
25.98762512	0.01768369
26.01146698	0.01760638
26.03530884	0.01529336
26.05915070	0.00769203
26.08299255	0.00157843
26.10683441	0.00019334
26.13067627	0.00013488
26.15451813	0.00023708
26.17835999	0.00036182
26.20220184	0.00047348
26.22604370	0.00058762
26.24988556	0.00051835
26.27372742	0.00022118
26.29756927	0.00015438
26.32141113	0.00021301
26.34525299	0.00032840
26.36909485	0.00020508
26.39293671	0.00015207
26.41677856	0.00026140
26.44062042	0.00030500
26.46446228	0.00039341
26.48830414	0.00041956
26.51214600	0.00032992
26.53598785	0.00008710
26.55982971	0.00027717
26.58367157	0.00057854
26.60751343	0.00060883
26.63135529	0.00053200
26.65519714	0.00065677
26.67903900	0.00068519
26.70288086	0.00065873
26.72672272	0.00061247
26.75056458	0.00041034
26.77440643	0.00022012
26.79824829	0.00017399
26.82209015	0.00014120
26.84593201	0.00009236
26.86977386	0.00012915
26.89361572	0.00011876
26.91745758	0.00143031
26.94129944	0.00696333
26.96514130	0.01364258
26.98898315	0.01555784
27.01282501	0.01544054
27.03666687	0.01294355
27.06050873	0.00578386
27.08435059	0.00046159
27.10819244	0.00069258
27.13203430	0.00063644
27.15587616	0.00044342
27.17971802	0.00022404
27.20355988	0.00028278
27.22740173	0.00037655
27.25124359	0.00039516
27.27508545	0.00033070
27.29892731	0.00030044
27.32276917	0.00025217
27.34661102	0.00012797
27.37045288	0.00024256
27.39429474	0.00039334
27.41813660	0.00038428
27.44197845	0.00037612
27.46582031	0.00022241
27.48966217	0.00011745
27.51350403	0.00012119
27.53734589	0.00015705
27.56118774	0.00025006
27.58502960	0.00022707
27.60887146	0.00020503
27.63271332	0.00035380
27.65655518	0.00067550
27.68039703	0.00083874
27.70423889	0.00103416
27.72808075	0.00113277
27.75192261	0.00090566
27.77576447	0.00060293
27.79960632	0.00039323
27.82344818	0.00014704
27.84729004	0.00009654
27.87113190	0.00019521
27.89497375	0.00008782
27.91881561	0.00088144
27.94265747	0.00501115
27.96649933	0.00990699
27.99034119	0.01129038
28.01418304	0.01127422
28.03802490	0.00945296
28.06186676	0.00429642
28.08570862	0.00064201
28.10955048	0.00060337
28.13339233	0.00060074
28.15723419	0.00053514
28.18107605	0.00060536
28.20491791	0.00071597
28.22875977	0.00059834
28.25260162	0.00032488
28.27644348	0.00067906
28.30028534	0.00091883
28.32412720	0.00097581
28.34796906	0.00084099
28.37181091	0.00042299
28.39565277	0.00015757
28.41949463	0.00016064
28.44333649	0.00020212
28.46717834	0.00022670
28.49102020	0.00017045
28.51486206	0.00008801
28.53870392	0.00004087
28.56254578	0.00004831
28.58638763	0.00024793
28.61022949	0.00044781
28.63407135	0.00068055
28.65791321	0.00085422
28.68175507	0.00074351
28.70559692	0.00069441
28.72943878	0.00068437
28.75328064	0.00048271
28.77712250	0.00035976
28.80096436	0.00044761
28.82480621	0.00056575
28.84864807	0.00057645
28.87248993	0.00041857
28.89633179	0.00025649
28.92017365	0.00074332
28.94401550	0.00319313
28.96785736	0.00592388
28.99169922	0.00672846
29.01554108	0.00670270
29.03938293	0.00548055
29.06322479	0.00251628
29.08706665	0.00066113
29.11090851	0.00066856
29.13475037	0.00049033
29.15859222	0.00023371
29.18243408	0.00006284
29.20627594	0.00027681
29.23011780	0.00033335
29.25395966	0.00045609
29.27780151	0.00079465
29.30164337	0.00090929
29.32548523	0.00095453
29.34932709	0.00078641
29.37316895	0.00043539
29.39701080	0.00045960
29.42085266	0.00036739
29.44469452	0.00025717
29.46853638	0.00014916
29.49237823	0.00019056
29.51622009	0.00034386
29.54006195	0.00031418
29.56390381	0.00038972
29.58774567	0.00042512
29.61158752	0.00036925
29.63542938	0.00046089
29.65927124	0.00065039
29.68311310	0.00078557
29.70695496	0.00091202
29.73079681	0.00081688
29.75463867	0.00055084
29.77848053	0.00049357
29.80232239	0.00051634
29.82616425	0.00042673
29.85000610	0.00032775
29.87384796	0.00017733
29.89768982	0.00003322
29.92153168	0.00008335
29.94537354	0.00026285
29.96921539	0.00029681
29.99305725	0.00016641
30.01689911	0.00012409
30.04074097	0.00021643
30.06458282	0.00023950
30.08842468	0.00018356
30.11226654	0.00016925
30.13610840	0.00011955
30.15995026	0.00014641
30.18379211	0.00032039
30.20763397	0.00039317
30.23147583	0.00037680
30.25531769	0.00065838
30.27915955	0.00100569
30.30300140	0.00098866
30.32684326	0.00088739
30.35068512	0.00067910
30.37452698	0.00044756
30.39836884	0.00042463
30.42221069	0.00032392
30.44605255	0.00036035
30.46989441	0.00037679
30.49373627	0.00030117
30.51757813	0.00027874
30.54141998	0.00031441
30.56526184	0.00029983
30.58910370	0.00030885
30.61294556	0.00046671
30.63678741	0.00081282
30.66062927	0.00106028
30.68447113	0.00102326
30.70831299	0.00089328
30.73215485	0.00067003
30.75599670	0.00054881
30.77983856	0.00055906
30.80368042	0.00050306
30.82752228	0.00043766
30.85136414	0.00036845
30.87520599	0.00032090
30.89904785	0.00027155
30.92288971	0.00089249
30.94673157	0.00360778
30.97057343	0.00619882
30.99441528	0.00664388
31.01825714	0.00656551
31.04209900	0.00517445
31.06594086	0.00224087
31.08978271	0.00075356
31.11362457	0.00050753
31.13746643	0.00040320
31.16130829	0.00037912
31.18515015	0.00028434
31.20899200	0.00007560
31.23283386	0.00021240
31.25667572	0.00069130
31.28051758	0.00110528
31.30435944	0.00098882
31.32820129	0.00073504
31.35204315	0.00041054
31.37588501	0.00013275
31.39972687	0.00039831
31.42356873	0.00032218
31.44741058	0.00029155
31.47125244	0.00035094
31.49509430	0.00044096
31.51893616	0.00052496
31.54277802	0.00058523
31.56661987	0.00049796
31.59046173	0.00040109
31.61430359	0.00037552
31.63814545	0.00047209
31.66198730	0.00058807
31.68582916	0.00056188
31.70967102	0.00055962
31.73351288	0.00048820
31.75735474	0.00030249
31.78119659	0.00028558
31.80503845	0.00031996
31.82888031	0.00025899
31.85272217	0.00020462
31.87656403	0.00030784
31.90040588	0.00042081
31.92424774	0.00182773
31.94808960	0.00725652
31.97193146	0.01210646
31.99577332	0.01300235
32.01961517	0.01289418
32.04345703	0.00968655
32.06729889	0.00358420
32.09114075	0.00050186
32.11498260	0.00027093
32.13882446	0.00029057
32.16266632	0.00027648
32.18650818	0.00019997
32.21035004	0.00014723
32.23419189	0.00015114
32.25803375	0.00045301
32.28187561	0.00075710
32.30571747	0.00074432
32.32955933	0.00057615
32.35340118	0.00026257
32.37724304	0.00028694
32.40108490	0.00047329
32.42492676	0.00039398
32.44876862	0.00029507
32.47261047	0.00028789
32.49645233	0.00033421
32.52029419	0.00040958
32.54413605	0.00047865
32.56797791	0.00042177
32.59181976	0.00028648
32.61566162	0.00036659
32.63950348	0.00053998
32.66334534	0.00063328
32.68718719	0.00067398
32.71102905	0.00066526
32.73487091	0.00053344
32.75871277	0.00042556
32.78255463	0.00034064
32.80639648	0.00022216
32.83023834	0.00017021
32.85408020	0.00023629
32.87792206	0.00043591
32.90176392	0.00082694
32.92560577	0.00380018
32.94944763	0.01192102
32.97328949	0.01843005
32.99713135	0.01916008
33.02097321	0.01858392
33.04481506	0.01358126
33.06865692	0.00495304
33.09249878	0.00080851
33.11634064	0.00053480
33.14018250	0.00063388
33.16402435	0.00056454
33.18786621	0.00044018
33.21170807	0.00044754
33.23554993	0.00042415
33.25939178	0.00056924
33.28323364	0.00077752
33.30707550	0.00071570
33.33091736	0.00055675
33.35475922	0.00048464
33.37860107	0.00039577
33.40244293	0.00038279
33.42628479	0.00034481
33.45012665	0.00014409
33.47396851	0.00012467
33.49781036	0.00027391
33.52165222	0.00038383
33.54549408	0.00040808
33.56933594	0.00049860
33.59317780	0.00069528
33.61701965	0.00078946
33.64086151	0.00074967
33.66470337	0.00050773
33.68854523	0.00030425
33.71238708	0.00023745
33.73622894	0.00017203
33.76007080	0.00019891
33.78391266	0.00015381
33.80775452	0.00040058
33.83159637	0.00053512
33.85543823	0.00053226
33.87928009	0.00043514
33.90312195	0.00011793
33.92696381	0.00427819
33.95080566	0.01479808
33.97464752	0.02270883
33.99848938	0.02378679
34.02233124	0.02313514
34.04617310	0.01633885
34.07001495	0.00545991
34.09385681	0.00040916
34.11769867	0.00027300
34.14154053	0.00034071
34.16538239	0.00035301
34.18922424	0.00038227
34.21306610	0.00051671
34.23690796	0.00059977
34.26074982	0.00067921
34.28459167	0.00073756
34.30843353	0.00066457
34.33227539	0.00058170
34.35611725	0.00054591
34.37995911	0.00043422
34.40380096	0.00029712
34.42764282	0.00016576
34.45148468	0.00016036
34.47532654	0.00025926
34.49916840	0.00026804
34.52301025	0.00024080
34.54685211	0.00029613
34.57069397	0.00038095
34.59453583	0.00042497
34.61837769	0.00042387
34.64221954	0.00031343
34.66606140	0.00016994
34.68990326	0.00030343
34.71374512	0.00041616
34.73758698	0.00041297
34.76142883	0.00034631
34.78527069	0.00019959
34.80911255	0.00004695
34.83295441	0.00005504
34.85679626	0.00012484
34.88063812	0.00018873
34.90447998	0.00045171
34.92832184	0.00536463
34.95216370	0.01721430
34.97600555	0.02546030
34.99984741	0.02629924
35.02368927	0.02533079
35.04753113	0.01729874
35.07137299	0.00546518
35.09521484	0.00047234
35.11905670	0.00009103
35.14289856	0.00015088
35.16674042	0.00021433
35.19058228	0.00031638
35.21442413	0.00059021
35.23826599	0.00084974
35.26210785	0.00100679
35.28594971	0.00095763
35.30979156	0.00063632
35.33363342	0.00024734
35.35747528	0.00023009
35.38131714	0.00042362
35.40515900	0.00046712
35.42900085	0.00035013
35.45284271	0.00025298
35.47668457	0.00025651
35.50052643	0.00024767
35.52436829	0.00034409
35.54821014	0.00046294
35.57205200	0.00079066
35.59589386	0.00107446
35.61973572	0.00102576
35.64357758	0.00092557
35.66741943	0.00078682
35.69126129	0.00047304
35.71510315	0.00032453
35.73894501	0.00036438
35.76278687	0.00049424
35.78662872	0.00049405
35.81047058	0.00029329
35.83431244	0.00014654
35.85815430	0.00014127
35.88199615	0.00019129
35.90583801	0.00062929
35.92967987	0.00583712
35.95352173	0.01778985
35.97736359	0.02555339
36.00120544	0.02631228
36.02504730	0.02528191
36.04888916	0.01683389
36.07273102	0.00518951
36.09657288	0.00057643
36.12041473	0.00033680
36.14425659	0.00047639
36.16809845	0.00053469
36.19194031	0.00059748
36.21578217	0.00065437
36.23962402	0.00054520
36.26346588	0.00036063
36.28730774	0.00028957
36.31114960	0.00026929
36.33499146	0.00030668
36.35883331	0.00024570
36.38267517	0.00013453
36.40651703	0.00026488
36.43035889	0.00036508
36.45420074	0.00035060
36.47804260	0.00032490
36.50188446	0.00015944
36.52572632	0.00014649
36.54956818	0.00016230
36.57341003	0.00025931
36.59725189	0.00035745
36.62109375	0.00035067
36.64493561	0.00043676
36.66877747	0.00030155
36.69261932	0.00010609
36.71646118	0.00014085
36.74030304	0.00021453
36.76414490	0.00024639
36.78798676	0.00023981
36.81182861	0.00020213
36.83567047	0.00015912
36.85951233	0.00014788
36.88335419	0.00023422
36.90719604	0.00085930
36.93103790	0.00605108
36.95487976	0.01699233
36.97872162	0.02352690
37.00256348	0.02404270
37.02640533	0.02297167
37.05024719	0.01489303
37.07408905	0.00441553
37.09793091	0.00055377
37.12177277	0.00032414
37.14561462	0.00030592
37.16945648	0.00031830
37.19329834	0.00039672
37.21714020	0.00054589
37.24098206	0.00042677
37.26482391	0.00016706
37.28866577	0.00034364
37.31250763	0.00052303
37.33634949	0.00078704
37.36019135	0.00062508
37.38403320	0.00033206
37.40787506	0.00027778
37.43171692	0.00032993
37.45555878	0.00041899
37.47940063	0.00040159
37.50324249	0.00035970
37.52708435	0.00033728
37.55092621	0.00039291
37.57476807	0.00065962
37.59860992	0.00076047
37.62245178	0.00065661
37.64629364	0.00056022
37.67013550	0.00036697
37.69397736	0.00013516
37.71781921	0.00007133
37.74166107	0.00005522
37.76550293	0.00009198
37.78934479	0.00006798
37.81318665	0.00023481
37.83702850	0.00041353
37.86087036	0.00050456
37.88471222	0.00041492
37.90855408	0.00033997
37.93239594	0.00483132
37.95623779	0.01345729
37.98007965	0.01827551
38.00392151	0.01861552
38.02776337	0.01754693
38.05160522	0.01092028
38.07544708	0.00294758
38.09928894	0.00019359
38.12313080	0.00033883
38.14697266	0.00031698
38.17081451	0.00039776
38.19465637	0.00048634
38.21849823	0.00055128
38.24234009	0.00040518
38.26618195	0.00085212
38.29002380	0.00141575
38.31386566	0.00165311
38.33770752	0.00166076
38.36154938	0.00122201
38.38539124	0.00072098
38.40923309	0.00049689
38.43307495	0.00037662
38.45691681	0.00042565
38.48075867	0.00048493
38.50460052	0.00035957
38.52844238	0.00031933
38.55228424	0.00031861
38.57612610	0.00029369
38.59996796	0.00042036
38.62380981	0.00055860
38.64765167	0.00060071
38.67149353	0.00047204
38.69533539	0.00038429
38.71917725	0.00036630
38.74301910	0.00039787
38.76686096	0.00044743
38.79070282	0.00048676
38.81454468	0.00042790
38.83838654	0.00031919
38.86222839	0.00018547
38.88607025	0.00018709
38.90991211	0.00027900
38.93375397	0.00302867
38.95759583	0.00797968
38.98143768	0.01053491
39.00527954	0.01054504
39.02912140	0.00958375
39.05296326	0.00548691
39.07680511	0.00101911
39.10064697	0.00035953
39.12448883	0.00018057
39.14833069	0.00025923
39.17217255	0.00053004
39.19601440	0.00065683
39.21985626	0.00053699
39.24369812	0.00042258
39.26753998	0.00115784
39.29138184	0.00167395
39.31522369	0.00173577
39.33906555	0.00159731
39.36290741	0.00101719
39.38674927	0.00032408
39.41059113	0.00009172
39.43443298	0.00010466
39.45827484	0.00017437
39.48211670	0.00024395
39.50595856	0.00024084
39.52980042	0.00028230
39.55364227	0.00030618
39.57748413	0.00046161
39.60132599	0.00061016
39.62516785	0.00070301
39.64900970	0.00083338
39.67285156	0.00091922
39.69669342	0.00093894
39.72053528	0.00087749
39.74437714	0.00057986
39.76821899	0.00020646
39.79206085	0.00027722
39.81590271	0.00045213
39.83974457	0.00041033
39.86358643	0.00036233
39.88742828	0.00069039
39.91127014	0.00091352
39.93511200	0.00085117
39.95895386	0.00065755
39.98279572	0.00045678
40.00663757	0.00049598
40.03047943	0.00052942
40.05432129	0.00045638
40.07816315	0.00042526
40.10200500	0.00030620
40.12584686	0.00015073
40.14968872	0.00007379
40.17353058	0.00006702
40.19737244	0.00008870
40.22121429	0.00024234
40.24505615	0.00077202
40.26889801	0.00160099
40.29273987	0.00194368
40.31658173	0.00187099
40.34042358	0.00165194
40.36426544	0.00098041
40.38810730	0.00062970
40.41194916	0.00063217
40.43579102	0.00057825
40.45963287	0.00054378
40.48347473	0.00050022
40.50731659	0.00046345
40.53115845	0.00035562
40.55500031	0.00022411
40.57884216	0.00035730
40.60268402	0.00045630
40.62652588	0.00048209
40.65036774	0.00059426
40.67420959	0.00081693
40.69805145	0.00092428
40.72189331	0.00089422
40.74573517	0.00056873
40.76957703	0.00017304
40.79341888	0.00020449
40.81726074	0.00048727
40.84110260	0.00074093
40.86494446	0.00083225
40.88878632	0.00070706
40.91262817	0.00105690
40.93647003	0.00440035
40.96031189	0.00994030
40.98415375	0.01230381
41.00799561	0.01250693
41.03183746	0.01151891
41.05567932	0.00655980
41.07952118	0.00173228
41.10336304	0.00043972
41.12720490	0.00032084
41.15104675	0.00029222
41.17488861	0.00029059
41.19873047	0.00036224
41.22257233	0.00047270
41.24641418	0.00082418
41.27025604	0.00148162
41.29409790	0.00170625
41.31793976	0.00152947
41.34178162	0.00132506
41.36562347	0.00073454
41.38946533	0.00019658
41.41330719	0.00018575
41.43714905	0.00023556
41.46099091	0.00025556
41.48483276	0.00036967
41.50867462	0.00064512
41.53251648	0.00080974
41.55635834	0.00078714
41.58020020	0.00073148
41.60404205	0.00069992
41.62788391	0.00071211
41.65172577	0.00086205
41.67556763	0.00104006
41.69940948	0.00103985
41.72325134	0.00086089
41.74709320	0.00058124
41.77093506	0.00044070
41.79477692	0.00040733
41.81861877	0.00042949
41.84246063	0.00037311
41.86630249	0.00013746
41.89014435	0.00015393
41.91398621	0.00164949
41.93782806	0.00977172
41.96166992	0.02180841
41.98551178	0.02644398
42.00935364	0.02651547
42.03319550	0.02358095
42.05703735	0.01241870
42.08087921	0.00248615
42.10472107	0.00012254
42.12856293	0.00018172
42.15240479	0.00043706
42.17624664	0.00049438
42.20008850	0.00046570
42.22393036	0.00039611
42.24777222	0.00063684
42.27161407	0.00123364
42.29545593	0.00151093
42.31929779	0.00138819
42.34313965	0.00115010
42.36698151	0.00056222
42.39082336	0.00005146
42.41466522	0.00011410
42.43850708	0.00042307
42.46234894	0.00066428
42.48619080	0.00073208
42.51003265	0.00071160
42.53387451	0.00060610
42.55771637	0.00054074
42.58155823	0.00044397
42.60540009	0.00027917
42.62924194	0.00001945
42.65308380	0.00031478
42.67692566	0.00048945
42.70076752	0.00058588
42.72460938	0.00064460
42.74845123	0.00050183
42.77229309	0.00033806
42.79613495	0.00028875
42.81997681	0.00024883
42.84381866	0.00014532
42.86766052	0.00009089
42.89150238	0.00016342
42.91534424	0.00275266
42.93918610	0.01604651
42.96302795	0.03453860
42.98686981	0.04111773
43.01071167	0.04128261
43.03455353	0.03635052
43.05839539	0.01877220
43.08223724	0.00396765
43.10607910	0.00046464
43.12992096	0.00046771
43.15376282	0.00064699
43.17760468	0.00069443
43.20144653	0.00082796
43.22528839	0.00092932
43.24913025	0.00100148
43.27297211	0.00111500
43.29681396	0.00099444
43.32065582	0.00077889
43.34449768	0.00070505
43.36833954	0.00048763
43.39218140	0.00036706
43.41602325	0.00044519
43.43986511	0.00049900
43.46370697	0.00053298
43.48754883	0.00059392
43.51139069	0.00068231
43.53523254	0.00066453
43.55907440	0.00039982
43.58291626	0.00011237
43.60675812	0.00020207
43.63059998	0.00037268
43.65444183	0.00058478
43.67828369	0.00084170
43.70212555	0.00111542
43.72596741	0.00127535
43.74980927	0.00121608
43.77365112	0.00102666
43.79749298	0.00071503
43.82133484	0.00037946
43.84517670	0.00005017
43.86901855	0.00032028
43.89286041	0.00061951
43.91670227	0.00458735
43.94054413	0.02359655
43.96438599	0.04827566
43.98822784	0.05622062
44.01206970	0.05627888
44.03591156	0.04862369
44.05975342	0.02404685
44.08359528	0.00469714
44.10743713	0.00038609
44.13127899	0.00023845
44.15512085	0.00033365
44.17896271	0.00033933
44.20280457	0.00012645
44.22664642	0.00035071
44.25048828	0.00074350
44.27433014	0.00104035
44.29817200	0.00103161
44.32201385	0.00075639
44.34585571	0.00062065
44.36969757	0.00049893
44.39353943	0.00030192
44.41738129	0.00010173
44.44122314	0.00008705
44.46506500	0.00016241
44.48890686	0.00027462
44.51274872	0.00038103
44.53659058	0.00038495
44.56043243	0.00037260
44.58427429	0.00046405
44.60811615	0.00040889
44.63195801	0.00028606
44.65579987	0.00024904
44.67964172	0.00040787
44.70348358	0.00083483
44.72732544	0.00102139
44.75116730	0.00097789
44.77500916	0.00086295
44.79885101	0.00044594
44.82269287	0.00005574
44.84653473	0.00021763
44.87037659	0.00031486
44.89421844	0.00059714
44.91806030	0.00615675
44.94190216	0.03093723
44.96574402	0.06110775
44.98958588	0.06986816
45.01342773	0.06984922
45.03726959	0.05919030
45.06111145	0.02803339
45.08495331	0.00516260
45.10879517	0.00054502
45.13263702	0.00041435
45.15647888	0.00054068
45.18032074	0.00056074
45.20416260	0.00092433
45.22800446	0.00123753
45.25184631	0.00132698
45.27568817	0.00121652
45.29953003	0.00096242
45.32337189	0.00057623
45.34721375	0.00043487
45.37105560	0.00035442
45.39489746	0.00024068
45.41873932	0.00020040
45.44258118	0.00019077
45.46642303	0.00037124
45.49026489	0.00061457
45.51410675	0.00081275
45.53794861	0.00088886
45.56179047	0.00067069
45.58563232	0.00047049
45.60947418	0.00046723
45.63331604	0.00048413
45.65715790	0.00050245
45.68099976	0.00016465
45.70484161	0.00064679
45.72868347	0.00102855
45.75252533	0.00110697
45.77636719	0.00105139
45.80020905	0.00059271
45.82405090	0.00009981
45.84789276	0.00015131
45.87173462	0.00028552
45.89557648	0.00074695
45.91941833	0.00853427
45.94326019	0.03932429
45.96710205	0.07407162
45.99094391	0.08324173
46.01478577	0.08295935
46.03862762	0.06849167
46.06246948	0.03086250
46.08631134	0.00513040
46.11015320	0.00021583
46.13399506	0.00007153
46.15783691	0.00034518
46.18167877	0.00059037
46.20552063	0.00099186
46.22936249	0.00116797
46.25320435	0.00092303
46.27704620	0.00055203
46.30088806	0.00024254
46.32472992	0.00034639
46.34857178	0.00058638
46.37241364	0.00052345
46.39625549	0.00052638
46.42009735	0.00054956
46.44393921	0.00053263
46.46778107	0.00053932
46.49162292	0.00059900
46.51546478	0.00057049
46.53930664	0.00044875
46.56314850	0.00024933
46.58699036	0.00041046
46.61083221	0.00058850
46.63467407	0.00049840
46.65851593	0.00038781
46.68235779	0.00034859
46.70619965	0.00062097
46.73004150	0.00078450
46.75388336	0.00087859
46.77772522	0.00074123
46.80156708	0.00025676
46.82540894	0.00040908
46.84925079	0.00067451
46.87309265	0.00062662
46.89693451	0.00053944
46.92077637	0.01033100
46.94461823	0.04627031
46.96846008	0.08405492
46.99230194	0.09299930
47.01614380	0.09250852
47.03998566	0.07464264
47.06382751	0.03205505
47.08766937	0.00480914
47.11151123	0.00010428
47.13535309	0.00041142
47.15919495	0.00031829
47.18303680	0.00046661
47.20687866	0.00100339
47.23072052	0.00136604
47.25456238	0.00111920
47.27840424	0.00053028
47.30224609	0.00012268
47.32608795	0.00049919
47.34992981	0.00064753
47.37377167	0.00041383
47.39761353	0.00023098
47.42145538	0.00030560
47.44529724	0.00061148
47.46913910	0.00080407
47.49298096	0.00089469
47.51682281	0.00104760
47.54066467	0.00103919
47.56450653	0.00077898
47.58834839	0.00043376
47.61219025	0.00024175
47.63603210	0.00021347
47.65987396	0.00030318
47.68371582	0.00021008
47.70755768	0.00075554
47.73139954	0.00115289
47.75524139	0.00138740
47.77908325	0.00114057
47.80292511	0.00041575
47.82676697	0.00024105
47.85060883	0.00061240
47.87445068	0.00059570
47.89829254	0.00083047
47.92213440	0.01274720
47.94597626	0.05291732
47.96981812	0.09215791
47.99365997	0.10026290
48.01750183	0.09937935
48.04134369	0.07833756
48.06518555	0.03236374
48.08902740	0.00496524
48.11286926	0.00060333
48.13671112	0.00058718
48.16055298	0.00061229
48.18439484	0.00035895
48.20823669	0.00075395
48.23207855	0.00100096
48.25592041	0.00074060
48.27976227	0.00055748
48.30360413	0.00071171
48.32744598	0.00110177
48.35128784	0.00088206
48.37512970	0.00024255
48.39897156	0.00009595
48.42281342	0.00021643
48.44665527	0.00058875
48.47049713	0.00088961
48.49433899	0.00104504
48.51818085	0.00102412
48.54202271	0.00073374
48.56586456	0.00029276
48.58970642	0.00014517
48.61354828	0.00032585
48.63739014	0.00013778
48.66123199	0.00031155
48.68507385	0.00014799
48.70891571	0.00050661
48.73275757	0.00083696
48.75659943	0.00109577
48.78044128	0.00095976
48.80428314	0.00032911
48.82812500	0.00023197
48.85196686	0.00050855
48.87580872	0.00052359
48.89965057	0.00125105
48.92349243	0.01491768
48.94733429	0.05786153
48.97117615	0.09707870
48.99501801	0.10428790
49.01885986	0.10294350
49.04270172	0.07882714
49.06654358	0.03066800
49.09038544	0.00389913
49.11422729	0.00028478
49.13806915	0.00021954
49.16191101	0.00016048
49.18575287	0.00031640
49.20959473	0.00073181
49.23343658	0.00092729
49.25727844	0.00044560
49.28112030	0.00028140
49.30496216	0.00070558
49.32880402	0.00113391
49.35264587	0.00096103
49.37648773	0.00044497
49.40032959	0.00057740
49.42417145	0.00093002
49.44801331	0.00117442
49.47185516	0.00116904
49.49569702	0.00110706
49.51953888	0.00090935
49.54338074	0.00065850
49.56722260	0.00042746
49.59106445	0.00047406
49.61490631	0.00056706
49.63874817	0.00081682
49.66259003	0.00076103
49.68643188	0.00010976
49.71027374	0.00064558
49.73411560	0.00084889
49.75795746	0.00107076
49.78179932	0.00098170
49.80564117	0.00038951
49.82948303	0.00003867
49.85332489	0.00008644
49.87716675	0.00033112
49.90100861	0.00138312
49.92485046	0.01666677
49.94869232	0.06133917
49.97253418	0.09920805
49.99637604	0.10530080
50.02021790	0.10360050
50.04405975	0.07734832
50.06790161	0.02892003
50.09174347	0.00382350
50.11558533	0.00051168
50.13942719	0.00034234
50.16326904	0.00035796
50.18711090	0.00040115
50.21095276	0.00097957
50.23479462	0.00111712
50.25863647	0.00044638
50.28247833	0.00058675
50.30632019	0.00111927
50.33016205	0.00169150
50.35400391	0.00136709
50.37784576	0.00033570
50.40168762	0.00034782
50.42552948	0.00031910
50.44937134	0.00067078
50.47321320	0.00101970
50.49705505	0.00127261
50.52089691	0.00124079
50.54473877	0.00077596
50.56858063	0.00013182
50.59242249	0.00026798
50.61626434	0.00033705
50.64010620	0.00004831
50.66394806	0.00010865
50.68778992	0.00051691
50.71163177	0.00114916
50.73547363	0.00167336
50.75931549	0.00208909
50.78315735	0.00187970
50.80699921	0.00118350
50.83084106	0.00051531
50.85468292	0.00023929
50.87852478	0.00038990
50.90236664	0.00175789
50.92620850	0.01805469
50.95005035	0.06237592
50.97389221	0.09739356
50.99773407	0.10247830
51.02157593	0.10045610
51.04541779	0.07286578
51.06925964	0.02593475
51.09310150	0.00297803
51.11694336	0.00036581
51.14078522	0.00053098
51.16462708	0.00048058
51.18846893	0.00075398
51.21231079	0.00124634
51.23615265	0.00142697
51.25999451	0.00089571
51.28383636	0.00048792
51.30767822	0.00071521
51.33152008	0.00120221
51.35536194	0.00090013
51.37920380	0.00013931
51.40304565	0.00018821
51.42688751	0.00007457
51.45072937	0.00046698
51.47457123	0.00077433
51.49841309	0.00090085
51.52225494	0.00085995
51.54609680	0.00059283
51.56993866	0.00019923
51.59378052	0.00022548
51.61762238	0.00035886
51.64146423	0.00054191
51.66530609	0.00050686
51.68914795	0.00052091
51.71298981	0.00107177
51.73683167	0.00135681
51.76067352	0.00161568
51.78451538	0.00145410
51.80835724	0.00095102
51.83219910	0.00062766
51.85604095	0.00055834
51.87988281	0.00048101
51.90372467	0.00112531
51.92756653	0.01820336
51.95140839	0.06114991
51.97525024	0.09267411
51.99909210	0.09672448
52.02293396	0.09436090
52.04677582	0.06656432
52.07061768	0.02263445
52.09445953	0.00253579
52.11830139	0.00012339
52.14214325	0.00011487
52.16598511	0.00008576
52.18982697	0.00047783
52.21366882	0.00112246
52.23751068	0.00127296
52.26135254	0.00083362
52.28519440	0.00028722
52.30903625	0.00038883
52.33287811	0.00091286
52.35671997	0.00066269
52.38056183	0.00029181
52.40440369	0.00031175
52.42824554	0.00051982
52.45208740	0.00098683
52.47592926	0.00126299
52.49977112	0.00126935
52.52361298	0.00118405
52.54745483	0.00095438
52.57129669	0.00057067
52.59513855	0.00026416
52.61898041	0.00020483
52.64282227	0.00012060
52.66666412	0.00009974
52.69050598	0.00072641
52.71434784	0.00130736
52.73818970	0.00152576
52.76203156	0.00160600
52.78587341	0.00116790
52.80971527	0.00037344
52.83355713	0.00022789
52.85739899	0.00029677
52.88124084	0.00010477
52.90508270	0.00185918
52.92892456	0.01868002
52.95276642	0.05815496
52.97660828	0.08496870
53.00045013	0.08779841
53.02429199	0.08483604
53.04813385	0.05776625
53.07197571	0.01843459
53.09581757	0.00175323
53.11965942	0.00011775
53.14350128	0.00017573
53.16734314	0.00020200
53.19118500	0.00052084
53.21502686	0.00091756
53.23886871	0.00094240
53.26271057	0.00050723
53.28655243	0.00009892
53.31039429	0.00055830
53.33423615	0.00099856
53.35807800	0.00077686
53.38191986	0.00039927
53.40576172	0.00039096
53.42960358	0.00057720
53.45344543	0.00086783
53.47728729	0.00109742
53.50112915	0.00106564
53.52497101	0.00091752
53.54881287	0.00076081
53.57265472	0.00065900
53.59649658	0.00062948
53.62033844	0.00066035
53.64418030	0.00054731
53.66802216	0.00057623
53.69186401	0.00086056
53.71570587	0.00110363
53.73954773	0.00119358
53.76338959	0.00118257
53.78723145	0.00080362
53.81107330	0.00037228
53.83491516	0.00037285
53.85875702	0.00039848
53.88259888	0.00022859
53.90644073	0.00158933
53.93028259	0.01753061
53.95412445	0.05254002
53.97796631	0.07466763
54.00180817	0.07682844
54.02565002	0.07375923
54.04949188	0.04866640
54.07333374	0.01469815
54.09717560	0.00116212
54.12101746	0.00035063
54.14485931	0.00053335
54.16870117	0.00044048
54.19254303	0.00040925
54.21638489	0.00080322
54.24022675	0.00093172
54.26406860	0.00054757
54.28791046	0.00013784
54.31175232	0.00042643
54.33559418	0.00063757
54.35943604	0.00035437
54.38327789	0.00001784
54.40711975	0.00007370
54.43096161	0.00041036
54.45480347	0.00082951
54.47864532	0.00113618
54.50248718	0.00117828
54.52632904	0.00101654
54.55017090	0.00068016
54.57401276	0.00036380
54.59785461	0.00018520
54.62169647	0.00013061
54.64553833	0.00023411
54.66938019	0.00021428
54.69322205	0.00053379
54.71706390	0.00110856
54.74090576	0.00138488
54.76474762	0.00135414
54.78858948	0.00100833
54.81243134	0.00068640
54.83627319	0.00063865
54.86011505	0.00056155
54.88395691	0.00044355
54.90779877	0.00194529
54.93164063	0.01613239
54.95548248	0.04532973
54.97932434	0.06226991
55.00316620	0.06361547
55.02700806	0.06050875
55.05084991	0.03848199
55.07469177	0.01096328
55.09853363	0.00092402
55.12237549	0.00003005
55.14621735	0.00020730
55.17005920	0.00024433
55.19390106	0.00010451
55.21774292	0.00026027
55.24158478	0.00055351
55.26542664	0.00072815
55.28926849	0.00081164
55.31311035	0.00085662
55.33695221	0.00093524
55.36079407	0.00085846
55.38463593	0.00078508
55.40847778	0.00060389
55.43231964	0.00021770
55.45616150	0.00043055
55.48000336	0.00081710
55.50384521	0.00093656
55.52768707	0.00086165
55.55152893	0.00068153
55.57537079	0.00043051
55.59921265	0.00031422
55.62305450	0.00028733
55.64689636	0.00021381
55.67073822	0.00045161
55.69458008	0.00091561
55.71842194	0.00126847
55.74226379	0.00136974
55.76610565	0.00134009
55.78994751	0.00101257
55.81378937	0.00065028
55.83763123	0.00053872
55.86147308	0.00053037
55.88531494	0.00056392
55.90915680	0.00177667
55.93299866	0.01369411
55.95684052	0.03668813
55.98068237	0.04895420
56.00452423	0.04964237
56.02836609	0.04650888
56.05220795	0.02831166
56.07604980	0.00721501
56.09989166	0.00011897
56.12373352	0.00057643
56.14757538	0.00055036
56.17141724	0.00050557
56.19525909	0.00055134
56.21910095	0.00074013
56.24294281	0.00096027
56.26678467	0.00112817
56.29062653	0.00110215
56.31446838	0.00081910
56.33831024	0.00060011
56.36215210	0.00043116
56.38599396	0.00017992
56.40983582	0.00007314
56.43367767	0.00035177
56.45751953	0.00065334
56.48136139	0.00076901
56.50520325	0.00080159
56.52904510	0.00075368
56.55288696	0.00063880
56.57672882	0.00059915
56.60057068	0.00060807
56.62441254	0.00052591
56.64825439	0.00035817
56.67209625	0.00029419
56.69593811	0.00067560
56.71977997	0.00099221
56.74362183	0.00098607
56.76746368	0.00082564
56.79130554	0.00051356
56.81514740	0.00031563
56.83898926	0.00026183
56.86283112	0.00025130
56.88667297	0.00046417
56.91051483	0.00133205
56.93435669	0.01066117
56.95819855	0.02744460
56.98204041	0.03577102
57.00588226	0.03629248
57.02972412	0.03367798
57.05356598	0.01988518
57.07740784	0.00507041
57.10124969	0.00047027
57.12509155	0.00038330
57.14893341	0.00056252
57.17277527	0.00053599
57.19661713	0.00051145
57.22045898	0.00059253
57.24430084	0.00079156
57.26814270	0.00122484
57.29198456	0.00133768
57.31582642	0.00110189
57.33966827	0.00086417
57.36351013	0.00042038
57.38735199	0.00017880
57.41119385	0.00041135
57.43503571	0.00047824
57.45887756	0.00047931
57.48271942	0.00045660
57.50656128	0.00059288
57.53040314	0.00069988
57.55424500	0.00069396
57.57808685	0.00070025
57.60192871	0.00063289
57.62577057	0.00053930
57.64961243	0.00044979
57.67345428	0.00041581
57.69729614	0.00050897
57.72113800	0.00049487
57.74497986	0.00033035
57.76882172	0.00024712
57.79266357	0.00014691
57.81650543	0.00005886
57.84034729	0.00021517
57.86418915	0.00030204
57.88803101	0.00036071
57.91187286	0.00095734
57.93571472	0.00715027
57.95955658	0.01766385
57.98339844	0.02245943
58.00724030	0.02267125
58.03108215	0.02073669
58.05492401	0.01175866
58.07876587	0.00280783
58.10260773	0.00066620
58.12644958	0.00045591
58.15029144	0.00028799
58.17413330	0.00034609
58.19797516	0.00051122
58.22181702	0.00063690
58.24565887	0.00088635
58.26950073	0.00152930
58.29334259	0.00168387
58.31718445	0.00137740
58.34102631	0.00115115
58.36486816	0.00072950
58.38871002	0.00030861
58.41255188	0.00024030
58.43639374	0.00043123
58.46023560	0.00043486
58.48407745	0.00030777
58.50791931	0.00042732
58.53176117	0.00049931
58.55560303	0.00047385
58.57944489	0.00048962
58.60328674	0.00050956
58.62712860	0.00061662
58.65097046	0.00075269
58.67481232	0.00073365
58.69865417	0.00062409
58.72249603	0.00046310
58.74633789	0.00017218
58.77017975	0.00008183
58.79402161	0.00014617
58.81786346	0.00021603
58.84170532	0.00039052
58.86554718	0.00048260
58.88938904	0.00041774
58.91323090	0.00022021
58.93707275	0.00347443
58.96091461	0.00841856
58.98475647	0.01052700
59.00859833	0.01070323
59.03244019	0.00970892
59.05628204	0.00541012
59.08012390	0.00139427
59.10396576	0.00026330
59.12780762	0.00018943
59.15164948	0.00028658
59.17549133	0.00040601
59.19933319	0.00045517
59.22317505	0.00052558
59.24701691	0.00086528
59.27085876	0.00160830
59.29470062	0.00196547
59.31854248	0.00192681
59.34238434	0.00176733
59.36622620	0.00104299
59.39006805	0.00020695
59.41390991	0.00013351
59.43775177	0.00020099
59.46159363	0.00022759
59.48543549	0.00033694
59.50927734	0.00045535
59.53311920	0.00054253
59.55696106	0.00060228
59.58080292	0.00049712
59.60464478	0.00032549
59.62848663	0.00017527
59.65232849	0.00008249
59.67617035	0.00021646
59.70001221	0.00031633
59.72385406	0.00033310
59.74769592	0.00026530
59.77153778	0.00019920
59.79537964	0.00021350
59.81922150	0.00032137
59.84306335	0.00042523
59.86690521	0.00047295
59.89074707	0.00048056
59.91458893	0.00044005
59.93843079	0.00041196
59.96227264	0.00040943
59.98611450	0.00039689
60.00995636	0.00038947
60.03379822	0.00031169
60.05764008	0.00025979
60.08148193	0.00023596
60.10532379	0.00024519
60.12916565	0.00019993
60.15300751	0.00009040
60.17684937	0.00009673
60.20069122	0.00006988
60.22453308	0.00003310
60.24837494	0.00060220
60.27221680	0.00153704
60.29605865	0.00194250
60.31990051	0.00189307
60.34374237	0.00160083
60.36758423	0.00069468
60.39142609	0.00017619
60.41526794	0.00019919
60.43910980	0.00005751
60.46295166	0.00004524
60.48679352	0.00015907
60.51063538	0.00015827
60.53447723	0.00013330
60.55831909	0.00022784
60.58216095	0.00027418
60.60600281	0.00033822
60.62984467	0.00050586
60.65368652	0.00063088
60.67752838	0.00050748
60.70137024	0.00028857
60.72521210	0.00006870
60.74905396	0.00050213
60.77289581	0.00069176
60.79673767	0.00057700
60.82057953	0.00034141
60.84442139	0.00020194
60.86826324	0.00025121
60.89210510	0.00019193
60.91594696	0.00071781
60.93978882	0.00349913
60.96363068	0.00719536
60.98747253	0.00847242
61.01131439	0.00851524
61.03515625	0.00729668
61.05899811	0.00351744
61.08283997	0.00066120
61.10668182	0.00041880
61.13052368	0.00045389
61.15436554	0.00056070
61.17820740	0.00061207
61.20204926	0.00059949
61.22589111	0.00051187
61.24973297	0.00040873
61.27357483	0.00127224
61.29741669	0.00180399
61.32125854	0.00200198
61.34510040	0.00175841
61.36894226	0.00087597
61.39278412	0.00055076
61.41662598	0.00049868
61.44046783	0.00018325
61.46430969	0.00008738
61.48815155	0.00022158
61.51199341	0.00035063
61.53583527	0.00034569
61.55967712	0.00026946
61.58351898	0.00026418
61.60736084	0.00030263
61.63120270	0.00039992
61.65504456	0.00052326
61.67888641	0.00057980
61.70272827	0.00058993
61.72657013	0.00048365
61.75041199	0.00035159
61.77425385	0.00021482
61.79809570	0.00012736
61.82193756	0.00023099
61.84577942	0.00031138
61.86962128	0.00031986
61.89346313	0.00026199
61.91730499	0.00110562
61.94114685	0.00591867
61.96498871	0.01217608
61.98883057	0.01406691
62.01267242	0.01403316
62.03651428	0.01210398
62.06035614	0.00597763
62.08419800	0.00128885
62.10803986	0.00030989
62.13188171	0.00029501
62.15572357	0.00030837
62.17956543	0.00026654
62.20340729	0.00028289
62.22724915	0.00033604
62.25109100	0.00018467
62.27493286	0.00102383
62.29877472	0.00145345
62.32261658	0.00164413
62.34645844	0.00152449
62.37030029	0.00083769
62.39414215	0.00029269
62.41798401	0.00013173
62.44182587	0.00014528
62.46566772	0.00015235
62.48950958	0.00013432
62.51335144	0.00016577
62.53719330	0.00019265
62.56103516	0.00023138
62.58487701	0.00022485
62.60871887	0.00020422
62.63256073	0.00029503
62.65640259	0.00038786
62.68024445	0.00048591
62.70408630	0.00061530
62.72792816	0.00063072
62.75177002	0.00066038
62.77561188	0.00063640
62.79945374	0.00039897
62.82329559	0.00012893
62.84713745	0.00008071
62.87097931	0.00027484
62.89482117	0.00029749
62.91866302	0.00149460
62.94250488	0.00801038
62.96634674	0.01586429
62.99018860	0.01815810
63.01403046	0.01818268
63.03787231	0.01526095
63.06171417	0.00708407
63.08555603	0.00130298
63.10939789	0.00046647
63.13323975	0.00042665
63.15708160	0.00031100
63.18092346	0.00027580
63.20476532	0.00026070
63.22860718	0.00021313
63.25244904	0.00040955
63.27629089	0.00090249
63.30013275	0.00111901
63.32397461	0.00133490
63.34781647	0.00130058
63.37165833	0.00081982
63.39550018	0.00044636
63.41934204	0.00043831
63.44318390	0.00066404
63.46702576	0.00091878
63.49086761	0.00101317
63.51470947	0.00097658
63.53855133	0.00075373
63.56239319	0.00047818
63.58623505	0.00024501
63.61007690	0.00007129
63.63391876	0.00007811
63.65776062	0.00023119
63.68160248	0.00037621
63.70544434	0.00040909
63.72928619	0.00033264
63.75312805	0.00025652
63.77696991	0.00019378
63.80081177	0.00009461
63.82465363	0.00010304
63.84849548	0.00016515
63.87233734	0.00029864
63.89617920	0.00040516
63.92002106	0.00198277
63.94386292	0.00932246
63.96770477	0.01763953
63.99154663	0.01990118
64.01538849	0.02002023
64.03923035	0.01667317
64.06307220	0.00766871
64.08691406	0.00148766
64.11075592	0.00020328
64.13459778	0.00007756
64.15843964	0.00014113
64.18228149	0.00024993
64.20612335	0.00033856
64.22996521	0.00031279
64.25380707	0.00006194
64.27764893	0.00051325
64.30149078	0.00075941
64.32533264	0.00083335
64.34917450	0.00057786
64.37301636	0.00012306
64.39685822	0.00024104
64.42070007	0.00023646
64.44454193	0.00034683
64.46838379	0.00069400
64.49222565	0.00095258
64.51606750	0.00106519
64.53990936	0.00095710
64.56375122	0.00070086
64.58759308	0.00046158
64.61143494	0.00029733
64.63527679	0.00020895
64.65911865	0.00016475
64.68296051	0.00014812
64.70680237	0.00035784
64.73064423	0.00037157
64.75448608	0.00027301
64.77832794	0.00019860
64.80216980	0.00010574
64.82601166	0.00010808
64.84985352	0.00017451
64.87369537	0.00020139
64.89753723	0.00014770
64.92137909	0.00222748
64.94522095	0.00998211
64.96906281	0.01794789
64.99290466	0.01977981
65.01674652	0.01964909
65.04058838	0.01576548
65.06443024	0.00674520
65.08827209	0.00108926
65.11211395	0.00027641
65.13595581	0.00018482
65.15979767	0.00023549
65.18363953	0.00019792
65.20748138	0.00011582
65.23132324	0.00019863
65.25516510	0.00036539
65.27900696	0.00042148
65.30284882	0.00028176
65.32669067	0.00017253
65.35053253	0.00021732
65.37437439	0.00035226
65.39821625	0.00039826
65.42205811	0.00029945
65.44589996	0.00023876
65.46974182	0.00058864
65.49358368	0.00086620
65.51742554	0.00095764
65.54126740	0.00087779
65.56510925	0.00066102
65.58895111	0.00041650
65.61279297	0.00028944
65.63663483	0.00028152
65.66047668	0.00018654
65.68431854	0.00030236
65.70816040	0.00044189
65.73200226	0.00042743
65.75584412	0.00033966
65.77968597	0.00028913
65.80352783	0.00024260
65.82736969	0.00020009
65.85121155	0.00018094
65.87505341	0.00017221
65.89889526	0.00016490
65.92273712	0.00220285
65.94657898	0.00913208
65.97042084	0.01574768
65.99426270	0.01700772
66.01810455	0.01685499
66.04194641	0.01326734
66.06578827	0.00551514
66.08963013	0.00106707
66.11347198	0.00050017
66.13731384	0.00046989
66.16115570	0.00037028
66.18499756	0.00024268
66.20883942	0.00028531
66.23268127	0.00049007
66.25652313	0.00081340
66.28036499	0.00116561
66.30420685	0.00121107
66.32804871	0.00100394
66.35189056	0.00078217
66.37573242	0.00055549
66.39957428	0.00044601
66.42341614	0.00029046
66.44725800	0.00008094
66.47109985	0.00047701
66.49494171	0.00073947
66.51878357	0.00074468
66.54262543	0.00061312
66.56646729	0.00058856
66.59030914	0.00063230
66.61415100	0.00058716
66.63799286	0.00055477
66.66183472	0.00046758
66.68567657	0.00038158
66.70951843	0.00064365
66.73336029	0.00083631
66.75720215	0.00086327
66.78104401	0.00086710
66.80488586	0.00079349
66.82872772	0.00063621
66.85256958	0.00057629
66.87641144	0.00051426
66.90025330	0.00049819
66.92409515	0.00222800
66.94793701	0.00780888
66.97177887	0.01280461
66.99562073	0.01371027
67.01946259	0.01352298
67.04330444	0.01011082
67.06714630	0.00367505
67.09098816	0.00029294
67.11483002	0.00019699
67.13867188	0.00020336
67.16251373	0.00023097
67.18635559	0.00022227
67.21019745	0.00002923
67.23403931	0.00042665
67.25788116	0.00111535
67.28172302	0.00165685
67.30556488	0.00163757
67.32940674	0.00134377
67.35324860	0.00091699
67.37709045	0.00035000
67.40093231	0.00006691
67.42477417	0.00018145
67.44861603	0.00018288
67.47245789	0.00039321
67.49629974	0.00043278
67.52014160	0.00029147
67.54398346	0.00014781
67.56782532	0.00013744
67.59166718	0.00015421
67.61550903	0.00005110
67.63935089	0.00016095
67.66319275	0.00025326
67.68703461	0.00014036
67.71087646	0.00027510
67.73471832	0.00045075
67.75856018	0.00048590
67.78240204	0.00050284
67.80624390	0.00051758
67.83008575	0.00045257
67.85392761	0.00030414
67.87776947	0.00009933
67.90161133	0.00024619
67.92545319	0.00163430
67.94929504	0.00548677
67.97313690	0.00878589
67.99697876	0.00943509
68.02082062	0.00939315
68.04466248	0.00710083
68.06850433	0.00294452
68.09234619	0.00082283
68.11618805	0.00053661
68.14002991	0.00054499
68.16387177	0.00055678
68.18771362	0.00055154
68.21155548	0.00053097
68.23539734	0.00063088
68.25923920	0.00130139
68.28308105	0.00196432
68.30692291	0.00209703
68.33076477	0.00201718
68.35460663	0.00141197
68.37844849	0.00051342
68.40229034	0.00048800
68.42613220	0.00048999
68.44997406	0.00032504
68.47381592	0.00033727
68.49765778	0.00064606
68.52149963	0.00081378
68.54534149	0.00062713
68.56918335	0.00040886
68.59302521	0.00023787
68.61686707	0.00004475
68.64070892	0.00007840
68.66455078	0.00013085
68.68839264	0.00031998
68.71223450	0.00050460
68.73607635	0.00047204
68.75991821	0.00036181
68.78376007	0.00022024
68.80760193	0.00000136
68.83144379	0.00014254
68.85528564	0.00028308
68.87912750	0.00049089
68.90296936	0.00058436
68.92681122	0.00026815
68.95065308	0.00236656
68.97449493	0.00419262
68.99833679	0.00466918
69.02217865	0.00471617
69.04602051	0.00353055
69.06986237	0.00157167
69.09370422	0.00075709
69.11754608	0.00066995
69.14138794	0.00063944
69.16522980	0.00064947
69.18907166	0.00062438
69.21291351	0.00050697
69.23675537	0.00052886
69.26059723	0.00136711
69.28443909	0.00225501
69.30828094	0.00237095
69.33212280	0.00231703
69.35596466	0.00178029
69.37980652	0.00074606
69.40364838	0.00019468
69.42749023	0.00012440
69.45133209	0.00001344
69.47517395	0.00020922
69.49901581	0.00039720
69.52285767	0.00051616
69.54669952	0.00050109
69.57054138	0.00043404
69.59438324	0.00040493
69.61822510	0.00046570
69.64206696	0.00064712
69.66590881	0.00073819
69.68975067	0.00070362
69.71359253	0.00063311
69.73743439	0.00046137
69.76127625	0.00027118
69.78511810	0.00022790
69.80895996	0.00027099
69.83280182	0.00034147
69.85664368	0.00038645
69.88048553	0.00033486
69.90432739	0.00022363
69.92816925	0.00007483
69.95201111	0.00004925
69.97585297	0.00008966
69.99969482	0.00014893
70.02353668	0.00021604
70.04737854	0.00028437
70.07122040	0.00032049
70.09506226	0.00014195
70.11890411	0.00011137
70.14274597	0.00023850
70.16658783	0.00034498
70.19042969	0.00033518
70.21427155	0.00022823
70.23811340	0.00026112
70.26195526	0.00129121
70.28579712	0.00216274
70.30963898	0.00233370
70.33348083	0.00232714
70.35732269	0.00168970
70.38116455	0.00060010
70.40500641	0.00031061
70.42884827	0.00037681
70.45269012	0.00045637
70.47653198	0.00045758
70.50037384	0.00035581
70.52421570	0.00020917
70.54805756	0.00017370
70.57189941	0.00024161
70.59574127	0.00023420
70.61958313	0.00024416
70.64342499	0.00036660
70.66726685	0.00049555
70.69110870	0.00052432
70.71495056	0.00058052
70.73879242	0.00058061
70.76263428	0.00050690
70.78647614	0.00034473
70.81031799	0.00018569
70.83415985	0.00024004
70.85800171	0.00034560
70.88184357	0.00032242
70.90568542	0.00019305
70.92952728	0.00074750
70.95336914	0.00274202
70.97721100	0.00406094
71.00105286	0.00417086
71.02489471	0.00398037
71.04873657	0.00266653
71.07257843	0.00077315
71.09642029	0.00017581
71.12026215	0.00021423
71.14410400	0.00017339
71.16794586	0.00005333
71.19178772	0.00021776
71.21562958	0.00035092
71.23947144	0.00037405
71.26331329	0.00119610
71.28715515	0.00212023
71.31099701	0.00250482
71.33483887	0.00265881
71.35868073	0.00211761
71.38252258	0.00121644
71.40636444	0.00084191
71.43020630	0.00074402
71.45404816	0.00070128
71.47789001	0.00053812
71.50173187	0.00029202
71.52557373	0.00020294
71.54941559	0.00022308
71.57325745	0.00016324
71.59709930	0.00012725
71.62094116	0.00028027
71.64478302	0.00043286
71.66862488	0.00035284
71.69246674	0.00014747
71.71630859	0.00025390
71.74015045	0.00045536
71.76399231	0.00056488
71.78783417	0.00048240
71.81167603	0.00040996
71.83551788	0.00039021
71.85935974	0.00035724
71.88320160	0.00033754
71.90704346	0.00033125
71.93088531	0.00182105
71.95472717	0.00519988
71.97856903	0.00728999
72.00241089	0.00746130
72.02625275	0.00715193
72.05009460	0.00480727
72.07393646	0.00179055
72.09777832	0.00075134
72.12162018	0.00065652
72.14546204	0.00060538
72.16930389	0.00047265
72.19314575	0.00027357
72.21698761	0.00010113
72.24082947	0.00039802
72.26467133	0.00144243
72.28851318	0.00220397
72.31235504	0.00236579
72.33619690	0.00227778
72.36003876	0.00158675
72.38388062	0.00057164
72.40772247	0.00008787
72.43156433	0.00007339
72.45540619	0.00004901
72.47924805	0.00002711
72.50308990	0.00008900
72.52693176	0.00016945
72.55077362	0.00042234
72.57461548	0.00075064
72.59845734	0.00087977
72.62229919	0.00079779
72.64614105	0.00056654
72.66998291	0.00027072
72.69382477	0.00035578
72.71766663	0.00039401
72.74150848	0.00043989
72.76535034	0.00046144
72.78919220	0.00041233
72.81303406	0.00036151
72.83687592	0.00027561
72.86071777	0.00015307
72.88455963	0.00005099
72.90840149	0.00024336
72.93224335	0.00236339
72.95608521	0.00672433
72.97992706	0.00925628
73.00376892	0.00948156
73.02761078	0.00894036
73.05145264	0.00558952
73.07529449	0.00164017
73.09913635	0.00055673
73.12297821	0.00068654
73.14682007	0.00074270
73.17066193	0.00078117
73.19450378	0.00088064
73.21834564	0.00091055
73.24218750	0.00074972
73.26602936	0.00068545
73.28987122	0.00095327
73.31371307	0.00109538
73.33755493	0.00123211
73.36139679	0.00094601
73.38523865	0.00049034
73.40908051	0.00035444
73.43292236	0.00041399
73.45676422	0.00036346
73.48060608	0.00020234
73.50444794	0.00026688
73.52828979	0.00036981
73.55213165	0.00035898
73.57597351	0.00039984
73.59981537	0.00042809
73.62365723	0.00024380
73.64749908	0.00007784
73.67134094	0.00029176
73.69518280	0.00034815
73.71902466	0.00027663
73.74286652	0.00010532
73.76670837	0.00012100
73.79055023	0.00013162
73.81439209	0.00010541
73.83823395	0.00014682
73.86207581	0.00014788
73.88591766	0.00006301
73.90975952	0.00040793
73.93360138	0.00308618
73.95744324	0.00794460
73.98128510	0.01042460
74.00512695	0.01055557
74.02896881	0.00989844
74.05281067	0.00600053
74.07665253	0.00169502
74.10049438	0.00053120
74.12433624	0.00053805
74.14817810	0.00038650
74.17201996	0.00030044
74.19586182	0.00036113
74.21970367	0.00026186
74.24354553	0.00024579
74.26738739	0.00061321
74.29122925	0.00081904
74.31507111	0.00097560
74.33891296	0.00106640
74.36275482	0.00086252
74.38659668	0.00048450
74.41043854	0.00014514
74.43428040	0.00029115
74.45812225	0.00053787
74.48196411	0.00070117
74.50580597	0.00066825
74.52964783	0.00062236
74.55348969	0.00073378
74.57733154	0.00081661
74.60117340	0.00077770
74.62501526	0.00062439
74.64885712	0.00036125
74.67269897	0.00008800
74.69654083	0.00023111
74.72038269	0.00036804
74.74422455	0.00040813
74.76806641	0.00033015
74.79190826	0.00024806
74.81575012	0.00019049
74.83959198	0.00016306
74.86343384	0.00013676
74.88727570	0.00003393
74.91111755	0.00069688
74.93495941	0.00364174
74.95880127	0.00856425
74.98264313	0.01089142
75.00648499	0.01092333
75.03032684	0.01002125
75.05416870	0.00589795
75.07801056	0.00167023
75.10185242	0.00044322
75.12569427	0.00032871
75.14953613	0.00031027
75.17337799	0.00025789
75.19721985	0.00022215
75.22106171	0.00021113
75.24490356	0.00017326
75.26874542	0.00019975
75.29258728	0.00022786
75.31642914	0.00037923
75.34027100	0.00042069
75.36411285	0.00042619
75.38795471	0.00049243
75.41179657	0.00043032
75.43563843	0.00030789
75.45948029	0.00030440
75.48332214	0.00032122
75.50716400	0.00027207
75.53100586	0.00018770
75.55484772	0.00010694
75.57868958	0.00020262
75.60253143	0.00031048
75.62637329	0.00027616
75.65021515	0.00021522
75.67405701	0.00026214
75.69789886	0.00030466
75.72174072	0.00027087
75.74558258	0.00019424
75.76942444	0.00029132
75.79326630	0.00033429
75.81710815	0.00034819
75.84095001	0.00035380
75.86479187	0.00039473
75.88863373	0.00035971
75.91247559	0.00030721
75.93631744	0.00322697
75.96015930	0.00782453
75.98400116	0.00985728
76.00784302	0.00990743
76.03168488	0.00893271
76.05552673	0.00496394
76.07936859	0.00115173
76.10321045	0.00025612
76.12705231	0.00037124
76.15089417	0.00035579
76.17473602	0.00027670
76.19857788	0.00023211
76.22241974	0.00011697
76.24626160	0.00028009
76.27010345	0.00064991
76.29394531	0.00080082
76.31778717	0.00081772
76.34162903	0.00088760
76.36547089	0.00067753
76.38931274	0.00037832
76.41315460	0.00023325
76.43699646	0.00021094
76.46083832	0.00026119
76.48468018	0.00037029
76.50852203	0.00042933
76.53236389	0.00037383
76.55620575	0.00035338
76.58004761	0.00041969
76.60388947	0.00050096
76.62773132	0.00057095
76.65157318	0.00057689
76.67541504	0.00046972
76.69925690	0.00039651
76.72309875	0.00034075
76.74694061	0.00031409
76.77078247	0.00029818
76.79462433	0.00023602
76.81846619	0.00018377
76.84230804	0.00014796
76.86614990	0.00007587
76.88999176	0.00021498
76.91383362	0.00075145
76.93767548	0.00315838
76.96151733	0.00671816
76.98535919	0.00812601
77.00920105	0.00820250
77.03304291	0.00742757
77.05688477	0.00419139
77.08072662	0.00120465
77.10456848	0.00030689
77.12841034	0.00012580
77.15225220	0.00010776
77.17609406	0.00006458
77.19993591	0.00022003
77.22377777	0.00041755
77.24761963	0.00100146
77.27146149	0.00177770
77.29530334	0.00200002
77.31914520	0.00195738
77.34298706	0.00178474
77.36682892	0.00105624
77.39067078	0.00045242
77.41451263	0.00035836
77.43835449	0.00035356
77.46219635	0.00025258
77.48603821	0.00027080
77.50988007	0.00044809
77.53372192	0.00058076
77.55756378	0.00062950
77.58140564	0.00074070
77.60524750	0.00083008
77.62908936	0.00080505
77.65293121	0.00070142
77.67677307	0.00051532
77.70061493	0.00040224
77.72445679	0.00032060
77.74829865	0.00019416
77.77214050	0.00006885
77.79598236	0.00007532
77.81982422	0.00017145
77.84366608	0.00026316
77.86750793	0.00031164
77.89134979	0.00036434
77.91519165	0.00051060
77.93903351	0.00189755
77.96287537	0.00410994
77.98671722	0.00487859
78.01055908	0.00483657
78.03440094	0.00430712
78.05824280	0.00214027
78.08208466	0.00030714
78.10592651	0.00025253
78.12976837	0.00027575
78.15361023	0.00020761
78.17745209	0.00014696
78.20129395	0.00017140
78.22513580	0.00017225
78.24897766	0.00083779
78.27281952	0.00194193
78.29666138	0.00234048
78.32050323	0.00237033
78.34434509	0.00216939
78.36818695	0.00116922
78.39202881	0.00026248
78.41587067	0.00009020
78.43971252	0.00009156
78.46355438	0.00005102
78.48739624	0.00008987
78.51123810	0.00006961
78.53507996	0.00007027
78.55892181	0.00026224
78.58276367	0.00048088
78.60660553	0.00050474
78.63044739	0.00046798
78.65428925	0.00050351
78.67813110	0.00040972
78.70197296	0.00038203
78.72581482	0.00039720
78.74965668	0.00020425
78.77349854	0.00001012
78.79734039	0.00009286
78.82118225	0.00012461
78.84502411	0.00022689
78.86886597	0.00027228
78.89270782	0.00035353
78.91654968	0.00052423
78.94039154	0.00132487
78.96423340	0.00243483
78.98807526	0.00271802
79.01191711	0.00259150
79.03575897	0.00216264
79.05960083	0.00102404
79.08344269	0.00029784
79.10728455	0.00051388
79.13112640	0.00067242
79.15496826	0.00070106
79.17881012	0.00060372
79.20265198	0.00047000
79.22649384	0.00045166
79.25033569	0.00109898
79.27417755	0.00215472
79.29801941	0.00256507
79.32186127	0.00267568
79.34570313	0.00243997
79.36954498	0.00135359
79.39338684	0.00047911
79.41722870	0.00024085
79.44107056	0.00017675
79.46491241	0.00011314
79.48875427	0.00008444
79.51259613	0.00002008
79.53643799	0.00013159
79.56027985	0.00021942
79.58412170	0.00036620
79.60796356	0.00041915
79.63180542	0.00021360
79.65564728	0.00032702
79.67948914	0.00052799
79.70333099	0.00062045
79.72717285	0.00049993
79.75101471	0.00021735
79.77485657	0.00038580
79.79869843	0.00055101
79.82254028	0.00066138
79.84638214	0.00073945
79.87022400	0.00077224
79.89406586	0.00081602
79.91790771	0.00070595
79.94174957	0.00048170
79.96559143	0.00040810
79.98943329	0.00043682
80.01327515	0.00041848
80.03711700	0.00040071
80.06095886	0.00044956
80.08480072	0.00044146
80.10864258	0.00034680
80.13248444	0.00028396
80.15632629	0.00025045
80.18016815	0.00022565
80.20401001	0.00013552
80.22785187	0.00026033
80.25169373	0.00117613
80.27553558	0.00247283
80.29937744	0.00291599
80.32321930	0.00307410
80.34706116	0.00283633
80.37090302	0.00152823
80.39474487	0.00041755
80.41858673	0.00005069
80.44242859	0.00009508
80.46627045	0.00016798
80.49011230	0.00014807
80.51395416	0.00013370
80.53779602	0.00015499
80.56163788	0.00008546
80.58547974	0.00026413
80.60932159	0.00056796
80.63316345	0.00072921
80.65700531	0.00067297
80.68084717	0.00053026
80.70468903	0.00033939
80.72853088	0.00022789
80.75237274	0.00012195
80.77621460	0.00003133
80.80005646	0.00007938
80.82389832	0.00013000
80.84774017	0.00015306
80.87158203	0.00012042
80.89542389	0.00021343
80.91926575	0.00040318
80.94310760	0.00131572
80.96694946	0.00241943
80.99079132	0.00266348
81.01463318	0.00252500
81.03847504	0.00199370
81.06231689	0.00074938
81.08615875	0.00037184
81.11000061	0.00062027
81.13384247	0.00050791
81.15768433	0.00036002
81.18152618	0.00040536
81.20536804	0.00047384
81.22920990	0.00043595
81.25305176	0.00120435
81.27689362	0.00247977
81.30073547	0.00292379
81.32457733	0.00303158
81.34841919	0.00259798
81.37226105	0.00132537
81.39610291	0.00048715
81.41994476	0.00036449
81.44378662	0.00027201
81.46762848	0.00017338
81.49147034	0.00011889
81.51531219	0.00005145
81.53915405	0.00001272
81.56299591	0.00005158
81.58683777	0.00011013
81.61067963	0.00008729
81.63452148	0.00010063
81.65836334	0.00016822
81.68220520	0.00014721
81.70604706	0.00011227
81.72988892	0.00014930
81.75373077	0.00016316
81.77757263	0.00016915
81.80141449	0.00014111
81.82525635	0.00015212
81.84909821	0.00015550
81.87294006	0.00003418
81.89678192	0.00011378
81.92062378	0.00034645
81.94446564	0.00196498
81.96830750	0.00371562
81.99214935	0.00411920
82.01599121	0.00418607
82.03983307	0.00353861
82.06367493	0.00161285
82.08751678	0.00028943
82.11135864	0.00017718
82.13520050	0.00032253
82.15904236	0.00030574
82.18288422	0.00024513
82.20672607	0.00028192
82.23056793	0.00058355
82.25440979	0.00146833
82.27825165	0.00252323
82.30209351	0.00283557
82.32593536	0.00294159
82.34977722	0.00256119
82.37361908	0.00136563
82.39746094	0.00049367
82.42130280	0.00026139
82.44514465	0.00015482
82.46898651	0.00018365
82.49282837	0.00012567
82.51667023	0.00002912
82.54051208	0.00002689
82.56435394	0.00010703
82.58819580	0.00021808
82.61203766	0.00026621
82.63587952	0.00034748
82.65972137	0.00042803
82.68356323	0.00030960
82.70740509	0.00009002
82.73124695	0.00014349
82.75508881	0.00040587
82.77893066	0.00045810
82.80277252	0.00035314
82.82661438	0.00033236
82.85045624	0.00030656
82.87429810	0.00046305
82.89813995	0.00056984
82.92198181	0.00120626
82.94582367	0.00358321
82.96966553	0.00594215
82.99350739	0.00633745
83.01734924	0.00621520
83.04119110	0.00498975
83.06503296	0.00214771
83.08887482	0.00038438
83.11271667	0.00021838
83.13655853	0.00039548
83.16040039	0.00052457
83.18424225	0.00050044
83.20808411	0.00040553
83.23192596	0.00039812
83.25576782	0.00060559
83.27960968	0.00119192
83.30345154	0.00145072
83.32729340	0.00178325
83.35113525	0.00174157
83.37497711	0.00104247
83.39881897	0.00069118
83.42266083	0.00053337
83.44650269	0.00030798
83.47034454	0.00025479
83.49418640	0.00021647
83.51802826	0.00018704
83.54187012	0.00033272
83.56571198	0.00045526
83.58955383	0.00042830
83.61339569	0.00033826
83.63723755	0.00012914
83.66107941	0.00013308
83.68492126	0.00028227
83.70876312	0.00042567
83.73260498	0.00052143
83.75644684	0.00066428
83.78028870	0.00069600
83.80413055	0.00048993
83.82797241	0.00021370
83.85181427	0.00011207
83.87565613	0.00032655
83.89949799	0.00043736
83.92333984	0.00105306
83.94718170	0.00365917
83.97102356	0.00631356
83.99486542	0.00697023
84.01870728	0.00700013
84.04254913	0.00545555
84.06639099	0.00227423
84.09023285	0.00049837
84.11407471	0.00025407
84.13791656	0.00017027
84.16175842	0.00014668
84.18560028	0.00022091
84.20944214	0.00035995
84.23328400	0.00056859
84.25712585	0.00089615
84.28096771	0.00106274
84.30480957	0.00094788
84.32865143	0.00089813
84.35249329	0.00067416
84.37633514	0.00026398
84.40017700	0.00000997
84.42401886	0.00016018
84.44786072	0.00024892
84.47170258	0.00025473
84.49554443	0.00021647
84.51938629	0.00011203
84.54322815	0.00013214
84.56707001	0.00040118
84.59091187	0.00052646
84.61475372	0.00048767
84.63859558	0.00045966
84.66243744	0.00046618
84.68627930	0.00051850
84.71012115	0.00044439
84.73396301	0.00019836
84.75780487	0.00006998
84.78164673	0.00026118
84.80548859	0.00026978
84.82933044	0.00012838
84.85317230	0.00022569
84.87701416	0.00030707
84.90085602	0.00044465
84.92469788	0.00155348
84.94853973	0.00461808
84.97238159	0.00712962
84.99622345	0.00741217
85.02006531	0.00711190
85.04390717	0.00518313
85.06774902	0.00186558
85.09159088	0.00020670
85.11543274	0.00020842
85.13927460	0.00021137
85.16311646	0.00013826
85.18695831	0.00011002
85.21080017	0.00018560
85.23464203	0.00038250
85.25848389	0.00040101
85.28232574	0.00043791
85.30616760	0.00032851
85.33000946	0.00016152
85.35385132	0.00033448
85.37769318	0.00044300
85.40153503	0.00045909
85.42537689	0.00031618
85.44921875	0.00031505
85.47306061	0.00060773
85.49690247	0.00087544
85.52074432	0.00102270
85.54458618	0.00097980
85.56842804	0.00083754
85.59226990	0.00073162
85.61611176	0.00058981
85.63995361	0.00045709
85.66379547	0.00034244
85.68763733	0.00013189
85.71147919	0.00004760
85.73532104	0.00002302
85.75916290	0.00006975
85.78300476	0.00018790
85.80684662	0.00026129
85.83068848	0.00028818
85.85453033	0.00045088
85.87837219	0.00072535
85.90221405	0.00085977
85.92605591	0.00133012
85.94989777	0.00400009
85.97373962	0.00628456
85.99758148	0.00677000
86.02142334	0.00681596
86.04526520	0.00510028
86.06910706	0.00212373
86.09294891	0.00077480
86.11679077	0.00056836
86.14063263	0.00043833
86.16447449	0.00035742
86.18831635	0.00032442
86.21215820	0.00028846
86.23600006	0.00038266
86.25984192	0.00080449
86.28368378	0.00114093
86.30752563	0.00111968
86.33136749	0.00107900
86.35520935	0.00090300
86.37905121	0.00055170
86.40289307	0.00042976
86.42673492	0.00054156
86.45057678	0.00068966
86.47441864	0.00071151
86.49826050	0.00065889
86.52210236	0.00052741
86.54594421	0.00043525
86.56978607	0.00047190
86.59362793	0.00039515
86.61746979	0.00027405
86.64131165	0.00024086
86.66515350	0.00017030
86.68899536	0.00014657
86.71283722	0.00028587
86.73667908	0.00038005
86.76052094	0.00034595
86.78436279	0.00023089
86.80820465	0.00021622
86.83204651	0.00026993
86.85588837	0.00015737
86.87973022	0.00014625
86.90357208	0.00025207
86.92741394	0.00118489
86.95125580	0.00352459
86.97509766	0.00517630
86.99893951	0.00527589
87.02278137	0.00506435
87.04662323	0.00344684
87.07046509	0.00100403
87.09430695	0.00022489
87.11814880	0.00033259
87.14199066	0.00030451
87.16583252	0.00018382
87.18967438	0.00002585
87.21351624	0.00008848
87.23735809	0.00034708
87.26119995	0.00132609
87.28504181	0.00217517
87.30888367	0.00222066
87.33272552	0.00194873
87.35656738	0.00125407
87.38040924	0.00036526
87.40425110	0.00020563
87.42809296	0.00002954
87.45193481	0.00009708
87.47577667	0.00008298
87.49961853	0.00005217
87.52346039	0.00012196
87.54730225	0.00020269
87.57114410	0.00020480
87.59498596	0.00016014
87.61882782	0.00013888
87.64266968	0.00020147
87.66651154	0.00023498
87.69035339	0.00027670
87.71419525	0.00024153
87.73803711	0.00014348
87.76187897	0.00008931
87.78572083	0.00006194
87.80956268	0.00012044
87.83340454	0.00016903
87.85724640	0.00019477
87.88108826	0.00016023
87.90493011	0.00010555
87.92877197	0.00098091
87.95261383	0.00278291
87.97645569	0.00403634
88.00029755	0.00421548
88.02413940	0.00404685
88.04798126	0.00271795
88.07182312	0.00094332
88.09566498	0.00032171
88.11950684	0.00023144
88.14334869	0.00020825
88.16719055	0.00042478
88.19103241	0.00049628
88.21487427	0.00039204
88.23871613	0.00075775
88.26255798	0.00197160
88.28639984	0.00290270
88.31024170	0.00299558
88.33408356	0.00289096
88.35792542	0.00206533
88.38176727	0.00081086
88.40560913	0.00048577
88.42945099	0.00035466
88.45329285	0.00043036
88.47713470	0.00047136
88.50097656	0.00031720
88.52481842	0.00016103
88.54866028	0.00002915
88.57250214	0.00028096
88.59634399	0.00043639
88.62018585	0.00044271
88.64402771	0.00052029
88.66786957	0.00053326
88.69171143	0.00050181
88.71555328	0.00069803
88.73939514	0.00076152
88.76323700	0.00062727
88.78707886	0.00047975
88.81092072	0.00033140
88.83476257	0.00019848
88.85860443	0.00025289
88.88244629	0.00039803
88.90628815	0.00048145
88.93013000	0.00059938
88.95397186	0.00126558
88.97781372	0.00186960
89.00165558	0.00212154
89.02549744	0.00218795
89.04933929	0.00150162
89.07318115	0.00051368
89.09702301	0.00007285
89.12086487	0.00020006
89.14470673	0.00021436
89.16854858	0.00022449
89.19239044	0.00028387
89.21623230	0.00037257
89.24007416	0.00097820
89.26391602	0.00250739
89.28775787	0.00355007
89.31159973	0.00356100
89.33544159	0.00333446
89.35928345	0.00226746
89.38312531	0.00078499
89.40696716	0.00034190
89.43080902	0.00036204
89.45465088	0.00035632
89.47849274	0.00026756
89.50233459	0.00024242
89.52617645	0.00027157
89.55001831	0.00020377
89.57386017	0.00014818
89.59770203	0.00016083
89.62154388	0.00033437
89.64538574	0.00048688
89.66922760	0.00052389
89.69306946	0.00051673
89.71691132	0.00048766
89.74075317	0.00036009
89.76459503	0.00024314
89.78843689	0.00028874
89.81227875	0.00027056
89.83612061	0.00016980
89.85996246	0.00013686
89.88380432	0.00010067
89.90764618	0.00008089
89.93148804	0.00007201
89.95532990	0.00024656
89.97917175	0.00051626
90.00301361	0.00069632
90.02685547	0.00075048
90.05069733	0.00063593
90.07453918	0.00047365
90.09838104	0.00038519
90.12222290	0.00030498
90.14606476	0.00023187
90.16990662	0.00028790
90.19374847	0.00035753
90.21759033	0.00033381
90.24143219	0.00055464
90.26527405	0.00243690
90.28911591	0.00382994
90.31295776	0.00420120
90.33679962	0.00419133
90.36064148	0.00292725
90.38448334	0.00105646
90.40832520	0.00025808
90.43216705	0.00018911
90.45600891	0.00018136
90.47985077	0.00021144
90.50369263	0.00026019
90.52753448	0.00021729
90.55137634	0.00020239
90.57521820	0.00033827
90.59906006	0.00035146
90.62290192	0.00012395
90.64674377	0.00030179
90.67058563	0.00057310
90.69442749	0.00062755
90.71826935	0.00050290
90.74211121	0.00018628
90.76595306	0.00010171
90.78979492	0.00018189
90.81363678	0.00019912
90.83747864	0.00013235
90.86132050	0.00020226
90.88516235	0.00021044
90.90900421	0.00007838
90.93284607	0.00042374
90.95668793	0.00140320
90.98052979	0.00199687
91.00437164	0.00222030
91.02821350	0.00232684
91.05205536	0.00168603
91.07589722	0.00079308
91.09973907	0.00048311
91.12358093	0.00032412
91.14742279	0.00007826
91.17126465	0.00027936
91.19510651	0.00050906
91.21894836	0.00068198
91.24279022	0.00137382
91.26663208	0.00296392
91.29047394	0.00398593
91.31431580	0.00415250
91.33815765	0.00403951
91.36199951	0.00282219
91.38584137	0.00116683
91.40968323	0.00035206
91.43352509	0.00012822
91.45736694	0.00022689
91.48120880	0.00033311
91.50505066	0.00031852
91.52889252	0.00016416
91.55273438	0.00019178
91.57657623	0.00035110
91.60041809	0.00035037
91.62425995	0.00019752
91.64810181	0.00005916
91.67194366	0.00001801
91.69578552	0.00004532
91.71962738	0.00016710
91.74346924	0.00024544
91.76731110	0.00016836
91.79115295	0.00031233
91.81499481	0.00046180
91.83883667	0.00045613
91.86267853	0.00040412
91.88652039	0.00038253
91.91036224	0.00019635
91.93420410	0.00065720
91.95804596	0.00209302
91.98188782	0.00284462
92.00572968	0.00288635
92.02957153	0.00266195
92.05341339	0.00153590
92.07725525	0.00035818
92.10109711	0.00003566
92.12493896	0.00012319
92.14878082	0.00022284
92.17262268	0.00022249
92.19646454	0.00025402
92.22030640	0.00026664
92.24414825	0.00084761
92.26799011	0.00239073
92.29183197	0.00330571
92.31567383	0.00342624
92.33951569	0.00327797
92.36335754	0.00210992
92.38719940	0.00069752
92.41104126	0.00021460
92.43488312	0.00024920
92.45872498	0.00027574
92.48256683	0.00022207
92.50640869	0.00012953
92.53025055	0.00020172
92.55409241	0.00046230
92.57793427	0.00076162
92.60177612	0.00105373
92.62561798	0.00114285
92.64945984	0.00095235
92.67330170	0.00064871
92.69714355	0.00032358
92.72098541	0.00034809
92.74482727	0.00057774
92.76866913	0.00068641
92.79251099	0.00067169
92.81635284	0.00060988
92.84019470	0.00044765
92.86403656	0.00024525
92.88787842	0.00024486
92.91172028	0.00046578
92.93556213	0.00162753
92.95940399	0.00354886
92.98324585	0.00435223
93.00708771	0.00431479
93.03092957	0.00394098
93.05477142	0.00220405
93.07861328	0.00051827
93.10245514	0.00028540
93.12629700	0.00019666
93.15013885	0.00011690
93.17398071	0.00003606
93.19782257	0.00014573
93.22166443	0.00031132
93.24550629	0.00084145
93.26934814	0.00188963
93.29319000	0.00241712
93.31703186	0.00246293
93.34087372	0.00233001
93.36471558	0.00144721
93.38855743	0.00040401
93.41239929	0.00014480
93.43624115	0.00019395
93.46008301	0.00019874
93.48392487	0.00020478
93.50776672	0.00036200
93.53160858	0.00057503
93.55545044	0.00065942
93.57929230	0.00059750
93.60313416	0.00036183
93.62697601	0.00020349
93.65081787	0.00026353
93.67465973	0.00042341
93.69850159	0.00050848
93.72234344	0.00040613
93.74618530	0.00027245
93.77002716	0.00017758
93.79386902	0.00015792
93.81771088	0.00029642
93.84155273	0.00044824
93.86539459	0.00054142
93.88923645	0.00060895
93.91307831	0.00090395
93.93692017	0.00237603
93.96076202	0.00469224
93.98460388	0.00563642
94.00844574	0.00549294
94.03228760	0.00475736
94.05612946	0.00253987
94.07997131	0.00057337
94.10381317	0.00038328
94.12765503	0.00039181
94.15149689	0.00030524
94.17533875	0.00016965
94.19918060	0.00009475
94.22302246	0.00020275
94.24686432	0.00042207
94.27070618	0.00093487
94.29454803	0.00114652
94.31838989	0.00108559
94.34223175	0.00088864
94.36607361	0.00045074
94.38991547	0.00055942
94.41375732	0.00056787
94.43759918	0.00031000
94.46144104	0.00001377
94.48528290	0.00016403
94.50912476	0.00023360
94.53296661	0.00033065
94.55680847	0.00043863
94.58065033	0.00057145
94.60449219	0.00068701
94.62833405	0.00069108
94.65217590	0.00052409
94.67601776	0.00021913
94.69985962	0.00015773
94.72370148	0.00024248
94.74754333	0.00019290
94.77138519	0.00008355
94.79522705	0.00016263
94.81906891	0.00036515
94.84291077	0.00036624
94.86675262	0.00027673
94.89059448	0.00019283
94.91443634	0.00031157
94.93827820	0.00193585
94.96212006	0.00423720
94.98596191	0.00499499
95.00980377	0.00488521
95.03364563	0.00431423
95.05748749	0.00215140
95.08132935	0.00031626
95.10517120	0.00012361
95.12901306	0.00014241
95.15285492	0.00031499
95.17669678	0.00038684
95.20053864	0.00031422
95.22438049	0.00023880
95.24822235	0.00016177
95.27206421	0.00019978
95.29590607	0.00025176
95.31974792	0.00030253
95.34358978	0.00040732
95.36743164	0.00041882
95.39127350	0.00041343
95.41511536	0.00039562
95.43895721	0.00028057
95.46279907	0.00035345
95.48664093	0.00045629
95.51048279	0.00046197
95.53432465	0.00052766
95.55816650	0.00053099
95.58200836	0.00063618
95.60585022	0.00079546
95.62969208	0.00073142
95.65353394	0.00060012
95.67737579	0.00043281
95.70121765	0.00029731
95.72505951	0.00025944
95.74890137	0.00012657
95.77274323	0.00004471
95.79658508	0.00015058
95.82042694	0.00031529
95.84426880	0.00039752
95.86811066	0.00039417
95.89195251	0.00040039
95.91579437	0.00073155
95.93963623	0.00232628
95.96347809	0.00445445
95.98731995	0.00513281
96.01116180	0.00502037
96.03500366	0.00430086
96.05884552	0.00220745
96.08268738	0.00057503
96.10652924	0.00017800
96.13037109	0.00008228
96.15421295	0.00020343
96.17805481	0.00031107
96.20189667	0.00030629
96.22573853	0.00029630
96.24958038	0.00042443
96.27342224	0.00107982
96.29726410	0.00146932
96.32110596	0.00157658
96.34494781	0.00153301
96.36878967	0.00104388
96.39263153	0.00058954
96.41647339	0.00048534
96.44031525	0.00036413
96.46415710	0.00019553
96.48799896	0.00010045
96.51184082	0.00022448
96.53568268	0.00047537
96.55952454	0.00063680
96.58336639	0.00079968
96.60720825	0.00092801
96.63105011	0.00097782
96.65489197	0.00092533
96.67873383	0.00077641
96.70257568	0.00067703
96.72641754	0.00060275
96.75025940	0.00058470
96.77410126	0.00045333
96.79794312	0.00021835
96.82178497	0.00011831
96.84562683	0.00018243
96.86946869	0.00035021
96.89331055	0.00034664
96.91715240	0.00047686
96.94099426	0.00179044
96.96483612	0.00342393
96.98867798	0.00392538
97.01251984	0.00411612
97.03636169	0.00380934
97.06020355	0.00215041
97.08404541	0.00077270
97.10788727	0.00030303
97.13172913	0.00030677
97.15557098	0.00043590
97.17941284	0.00050125
97.20325470	0.00047675
97.22709656	0.00029565
97.25093842	0.00071884
97.27478027	0.00216274
97.29862213	0.00276579
97.32246399	0.00286686
97.34630585	0.00263049
97.37014771	0.00141057
97.39398956	0.00034950
97.41783142	0.00035155
97.44167328	0.00031851
97.46551514	0.00026299
97.48935699	0.00024718
97.51319885	0.00034790
97.53704071	0.00051911
97.56088257	0.00063007
97.58472443	0.00078065
97.60856628	0.00079742
97.63240814	0.00069988
