Частота	Канал A
(kГц)	(В)

0.00000000	2.87461100
0.02384186	1.99693900
0.04768372	1.36248600
0.07152557	0.43387100
0.09536743	0.04021841
0.11920929	0.00021177
0.14305115	0.00061274
0.16689301	0.00007268
0.19073486	0.00042403
0.21457672	0.00036454
0.23841858	0.00080229
0.26226044	0.00075483
0.28610229	0.00110799
0.30994415	0.00069099
0.33378601	0.00091874
0.35762787	0.00053130
0.38146973	0.00080193
0.40531158	0.00051016
0.42915344	0.00068859
0.45299530	0.00034173
0.47683716	0.00038399
0.50067902	0.00035439
0.52452087	0.00031011
0.54836273	0.00046729
0.57220459	0.00035916
0.59604645	0.00044495
0.61988831	0.00020002
0.64373016	0.00035449
0.66757202	0.00090065
0.69141388	0.00096883
0.71525574	0.00132168
0.73909760	0.00087999
0.76293945	0.00064217
0.78678131	0.00025328
0.81062317	0.00018890
0.83446503	0.00015496
0.85830688	0.00016411
0.88214874	0.00016203
0.90599060	0.00032798
0.92983246	0.00035733
0.95367432	0.00151166
0.97751617	0.00260428
1.00135803	0.00278003
1.02519989	0.00280896
1.04904175	0.00175287
1.07288361	0.00051701
1.09672546	0.00035163
1.12056732	0.00054125
1.14440918	0.00060132
1.16825104	0.00047800
1.19209290	0.00047802
1.21593475	0.00038611
1.23977661	0.00070575
1.26361847	0.00103631
1.28746033	0.00123720
1.31130219	0.00121493
1.33514404	0.00114633
1.35898590	0.00087449
1.38282776	0.00050828
1.40666962	0.00031435
1.43051147	0.00025858
1.45435333	0.00015551
1.47819519	0.00001568
1.50203705	0.00004189
1.52587891	0.00008509
1.54972076	0.00016104
1.57356262	0.00030209
1.59740448	0.00045275
1.62124634	0.00058973
1.64508820	0.00058671
1.66893005	0.00071962
1.69277191	0.00085759
1.71661377	0.00081197
1.74045563	0.00056532
1.76429749	0.00023249
1.78813934	0.00037309
1.81198120	0.00061251
1.83582306	0.00064262
1.85966492	0.00066456
1.88350677	0.00050363
1.90734863	0.00044958
1.93119049	0.00130699
1.95503235	0.00352753
1.97887421	0.00472165
2.00271606	0.00489065
2.02655792	0.00466877
2.05039978	0.00299613
2.07424164	0.00075740
2.09808350	0.00009372
2.12192535	0.00018906
2.14576721	0.00026601
2.16960907	0.00039401
2.19345093	0.00031328
2.21729279	0.00029992
2.24113464	0.00006867
2.26497650	0.00068533
2.28881836	0.00114119
2.31266022	0.00111731
2.33650208	0.00099398
2.36034393	0.00061140
2.38418579	0.00022714
2.40802765	0.00014154
2.43186951	0.00017937
2.45571136	0.00038426
2.47955322	0.00053665
2.50339508	0.00076007
2.52723694	0.00090457
2.55107880	0.00100649
2.57492065	0.00078197
2.59876251	0.00051321
2.62260437	0.00027298
2.64644623	0.00029072
2.67028809	0.00033015
2.69412994	0.00030259
2.71797180	0.00027121
2.74181366	0.00017095
2.76565552	0.00015526
2.78949738	0.00034454
2.81333923	0.00043287
2.83718109	0.00051971
2.86102295	0.00049046
2.88486481	0.00026117
2.90870667	0.00019619
2.93254852	0.00184313
2.95639038	0.00522727
2.98023224	0.00699331
3.00407410	0.00721416
3.02791595	0.00688575
3.05175781	0.00426227
3.07559967	0.00123098
3.09944153	0.00019808
3.12328339	0.00011872
3.14712524	0.00011656
3.17096710	0.00008167
3.19480896	0.00006397
3.21865082	0.00003687
3.24249268	0.00013158
3.26633453	0.00062019
3.29017639	0.00090643
3.31401825	0.00102655
3.33786011	0.00106142
3.36170197	0.00085303
3.38554382	0.00058314
3.40938568	0.00049512
3.43322754	0.00025477
3.45706940	0.00025003
3.48091125	0.00036708
3.50475311	0.00042664
3.52859497	0.00043649
3.55243683	0.00022263
3.57627869	0.00007327
3.60012054	0.00019880
3.62396240	0.00018457
3.64780426	0.00009801
3.67164612	0.00030469
3.69548798	0.00053259
3.71932983	0.00069442
3.74317169	0.00063474
3.76701355	0.00048211
3.79085541	0.00027963
3.81469727	0.00022939
3.83853912	0.00036012
3.86238098	0.00044866
3.88622284	0.00050001
3.91006470	0.00081318
3.93390656	0.00321957
3.95774841	0.00747520
3.98159027	0.00956790
4.00543213	0.00962527
4.02927399	0.00899968
4.05311584	0.00545368
4.07695770	0.00154308
4.10079956	0.00021843
4.12464142	0.00019721
4.14848328	0.00023327
4.17232513	0.00024595
4.19616699	0.00020813
4.22000885	0.00027390
4.24385071	0.00037105
4.26769257	0.00073159
4.29153442	0.00103593
4.31537628	0.00108456
4.33921814	0.00097091
4.36306000	0.00059738
4.38690186	0.00006115
4.41074371	0.00023438
4.43458557	0.00024831
4.45842743	0.00017554
4.48226929	0.00018828
4.50611115	0.00016742
4.52995300	0.00016869
4.55379486	0.00028346
4.57763672	0.00016262
4.60147858	0.00009901
4.62532043	0.00027827
4.64916229	0.00046393
4.67300415	0.00053251
4.69684601	0.00042513
4.72068787	0.00044056
4.74452972	0.00047206
4.76837158	0.00042334
4.79221344	0.00033890
4.81605530	0.00022069
4.83989716	0.00014418
4.86373901	0.00024355
4.88758087	0.00030012
4.91142273	0.00076087
4.93526459	0.00377429
4.95910645	0.00881110
4.98294830	0.01107033
5.00679016	0.01131647
5.03063202	0.01058766
5.05447388	0.00626644
5.07831573	0.00184397
5.10215759	0.00054895
5.12599945	0.00041511
5.14984131	0.00028288
5.17368317	0.00016968
5.19752502	0.00013691
5.22136688	0.00010587
5.24520874	0.00040595
5.26905060	0.00086379
5.29289246	0.00124441
5.31673431	0.00120112
5.34057617	0.00090909
5.36441803	0.00031957
5.38825989	0.00023379
5.41210175	0.00036781
5.43594360	0.00020396
5.45978546	0.00015018
5.48362732	0.00023788
5.50746918	0.00022075
5.53131104	0.00016548
5.55515289	0.00006272
5.57899475	0.00004386
5.60283661	0.00009377
5.62667847	0.00021868
5.65052032	0.00026979
5.67436218	0.00023010
5.69820404	0.00004954
5.72204590	0.00021205
5.74588776	0.00039867
5.76972961	0.00057628
5.79357147	0.00064720
5.81741333	0.00055766
5.84125519	0.00041600
5.86509705	0.00024274
5.88893890	0.00009023
5.91278076	0.00081587
5.93662262	0.00457213
5.96046448	0.01033363
5.98430634	0.01280110
6.00814819	0.01294340
6.03199005	0.01170640
6.05583191	0.00651479
6.07967377	0.00149531
6.10351563	0.00016854
6.12735748	0.00058380
6.15119934	0.00080628
6.17504120	0.00088055
6.19888306	0.00075224
6.22272491	0.00049830
6.24656677	0.00047474
6.27040863	0.00092762
6.29425049	0.00105249
6.31809235	0.00088249
6.34193420	0.00061572
6.36577606	0.00025571
6.38961792	0.00035000
6.41345978	0.00030697
6.43730164	0.00011632
6.46114349	0.00019738
6.48498535	0.00031322
6.50882721	0.00047324
6.53266907	0.00044140
6.55651093	0.00035044
6.58035278	0.00030113
6.60419464	0.00031646
6.62803650	0.00047196
6.65187836	0.00062031
6.67572021	0.00065774
6.69956207	0.00057371
6.72340393	0.00033790
6.74724579	0.00002024
6.77108765	0.00023198
6.79492950	0.00041490
6.81877136	0.00048411
6.84261322	0.00051769
6.86645508	0.00048881
6.89029694	0.00036104
6.91413879	0.00059765
6.93798065	0.00496231
6.96182251	0.01118320
6.98566437	0.01345471
7.00950623	0.01346571
7.03334808	0.01185493
7.05718994	0.00608687
7.08103180	0.00111221
7.10487366	0.00019343
7.12871552	0.00025113
7.15255737	0.00015725
7.17639923	0.00008057
7.20024109	0.00006715
7.22408295	0.00029817
7.24792480	0.00068089
7.27176666	0.00101440
7.29560852	0.00103347
7.31945038	0.00084410
7.34329224	0.00062022
7.36713409	0.00027694
7.39097595	0.00007165
7.41481781	0.00013259
7.43865967	0.00026708
7.46250153	0.00029266
7.48634338	0.00030983
7.51018524	0.00028781
7.53402710	0.00018340
7.55786896	0.00009104
7.58171082	0.00010173
7.60555267	0.00020031
7.62939453	0.00035729
7.65323639	0.00049149
7.67707825	0.00052375
7.70092010	0.00038030
7.72476196	0.00022876
7.74860382	0.00037940
7.77244568	0.00047157
7.79628754	0.00033086
7.82012939	0.00017136
7.84397125	0.00021466
7.86781311	0.00019902
7.89165497	0.00022106
7.91549683	0.00098497
7.93933868	0.00539843
7.96318054	0.01159222
7.98702240	0.01397742
8.01086426	0.01411833
8.03470612	0.01232030
8.05854797	0.00631633
8.08238983	0.00137818
8.10623169	0.00045202
8.13007355	0.00042672
8.15391541	0.00030203
8.17775726	0.00005538
8.20159912	0.00019757
8.22544098	0.00030384
8.24928284	0.00040872
8.27312469	0.00065496
8.29696655	0.00080661
8.32080841	0.00085368
8.34465027	0.00081191
8.36849213	0.00060905
8.39233398	0.00030684
8.41617584	0.00008638
8.44001770	0.00005490
8.46385956	0.00012814
8.48770142	0.00028458
8.51154327	0.00031318
8.53538513	0.00017759
8.55922699	0.00003636
8.58306885	0.00009633
8.60691071	0.00009354
8.63075256	0.00014382
8.65459442	0.00038037
8.67843628	0.00041214
8.70227814	0.00036833
8.72612000	0.00020795
8.74996185	0.00014115
8.77380371	0.00025287
8.79764557	0.00027665
8.82148743	0.00025317
8.84532928	0.00013167
8.86917114	0.00019354
8.89301300	0.00021884
8.91685486	0.00124236
8.94069672	0.00614833
8.96453857	0.01238539
8.98838043	0.01433072
9.01222229	0.01420737
9.03606415	0.01211772
9.05990601	0.00583293
9.08374786	0.00103797
9.10758972	0.00021523
9.13143158	0.00014072
9.15527344	0.00020882
9.17911530	0.00023690
9.20295715	0.00027853
9.22679901	0.00024658
9.25064087	0.00028684
9.27448273	0.00052180
9.29832458	0.00077447
9.32216644	0.00097609
9.34600830	0.00101982
9.36985016	0.00086541
9.39369202	0.00070355
9.41753387	0.00053148
9.44137573	0.00031331
9.46521759	0.00018169
9.48905945	0.00016346
9.51290131	0.00012873
9.53674316	0.00010076
9.56058502	0.00017444
9.58442688	0.00031643
9.60826874	0.00043509
9.63211060	0.00045235
9.65595245	0.00058750
9.67979431	0.00061617
9.70363617	0.00061281
9.72747803	0.00045210
9.75131989	0.00015034
9.77516174	0.00031909
9.79900360	0.00037598
9.82284546	0.00024228
9.84668732	0.00006794
9.87052917	0.00020685
9.89437103	0.00034912
9.91821289	0.00145046
9.94205475	0.00619980
9.96589661	0.01188484
9.98973846	0.01348132
10.01358032	0.01359842
10.03742218	0.01161009
10.06126404	0.00558262
10.08510590	0.00107860
10.10894775	0.00016163
10.13278961	0.00032298
10.15663147	0.00041201
10.18047333	0.00047230
10.20431519	0.00031110
10.22815704	0.00006305
10.25199890	0.00015227
10.27584076	0.00023773
10.29968262	0.00020571
10.32352448	0.00004941
10.34736633	0.00022823
10.37120819	0.00037398
10.39505005	0.00041602
10.41889191	0.00029571
10.44273376	0.00017419
10.46657562	0.00010470
10.49041748	0.00006520
10.51425934	0.00016906
10.53810120	0.00031030
10.56194305	0.00043513
10.58578491	0.00028629
10.60962677	0.00005002
10.63346863	0.00015486
10.65731049	0.00023441
10.68115234	0.00028831
10.70499420	0.00035535
10.72883606	0.00034498
10.75267792	0.00050042
10.77651978	0.00053909
10.80036163	0.00033312
10.82420349	0.00022089
10.84804535	0.00016732
10.87188721	0.00020464
10.89572906	0.00029340
10.91957092	0.00144829
10.94341278	0.00609147
10.96725464	0.01122122
10.99109650	0.01255625
11.01493835	0.01251600
11.03878021	0.01029599
11.06262207	0.00464605
11.08646393	0.00074847
11.11030579	0.00017375
11.13414764	0.00035103
11.15798950	0.00036117
11.18183136	0.00026670
11.20567322	0.00009796
11.22951508	0.00026224
11.25335693	0.00035710
11.27719879	0.00046621
11.30104065	0.00053839
11.32488251	0.00054397
11.34872437	0.00043542
11.37256622	0.00034164
11.39640808	0.00026032
11.42024994	0.00022517
11.44409180	0.00027276
11.46793365	0.00034029
11.49177551	0.00033760
11.51561737	0.00027802
11.53945923	0.00019077
11.56330109	0.00020867
11.58714294	0.00018872
11.61098480	0.00012927
11.63482666	0.00043843
11.65866852	0.00067588
11.68251038	0.00062933
11.70635223	0.00045187
11.73019409	0.00012207
11.75403595	0.00030069
11.77787781	0.00026338
11.80171967	0.00003661
11.82556152	0.00022197
11.84940338	0.00026917
11.87324524	0.00023368
11.89708710	0.00020666
11.92092896	0.00114710
11.94477081	0.00544925
11.96861267	0.00994183
11.99245453	0.01102137
12.01629639	0.01101876
12.04013824	0.00886376
12.06398010	0.00379787
12.08782196	0.00060733
12.11166382	0.00018592
12.13550568	0.00022640
12.15934753	0.00009066
12.18318939	0.00012849
12.20703125	0.00028263
12.23087311	0.00040807
12.25471497	0.00052549
12.27855682	0.00055493
12.30239868	0.00054378
12.32624054	0.00057089
12.35008240	0.00072675
12.37392426	0.00083027
12.39776611	0.00067770
12.42160797	0.00037666
12.44544983	0.00013955
12.46929169	0.00023239
12.49313354	0.00037414
12.51697540	0.00032799
12.54081726	0.00029667
12.56465912	0.00037576
12.58850098	0.00032291
12.61234283	0.00002457
12.63618469	0.00041891
12.66002655	0.00084854
12.68386841	0.00103942
12.70771027	0.00102382
12.73155212	0.00073083
12.75539398	0.00032552
12.77923584	0.00016211
12.80307770	0.00014347
12.82691956	0.00014788
12.85076141	0.00011140
12.87460327	0.00023323
12.89844513	0.00039935
12.92228699	0.00147377
12.94612885	0.00509740
12.96997070	0.00866578
12.99381256	0.00935560
13.01765442	0.00911244
13.04149628	0.00703783
13.06533813	0.00270653
13.08917999	0.00015775
13.11302185	0.00038299
13.13686371	0.00037384
13.16070557	0.00027822
13.18454742	0.00028751
13.20838928	0.00027649
13.23223114	0.00026703
13.25607300	0.00032132
13.27991486	0.00034614
13.30375671	0.00017195
13.32759857	0.00008701
13.35144043	0.00014622
13.37528229	0.00023721
13.39912415	0.00029219
13.42296600	0.00021917
13.44680786	0.00012017
13.47064972	0.00017427
13.49449158	0.00030029
13.51833344	0.00040284
13.54217529	0.00043966
13.56601715	0.00034900
13.58985901	0.00022294
13.61370087	0.00014259
13.63754272	0.00049087
13.66138458	0.00085237
13.68522644	0.00114539
13.70906830	0.00120716
13.73291016	0.00080740
13.75675201	0.00038294
13.78059387	0.00022234
13.80443573	0.00020547
13.82827759	0.00023182
13.85211945	0.00016923
13.87596130	0.00012798
13.89980316	0.00015855
13.92364502	0.00112624
13.94748688	0.00412519
13.97132874	0.00668003
13.99517059	0.00704000
14.01901245	0.00695128
14.04285431	0.00528141
14.06669617	0.00206005
14.09053802	0.00029601
14.11437988	0.00005476
14.13822174	0.00017841
14.16206360	0.00031830
14.18590546	0.00046645
14.20974731	0.00044942
14.23358917	0.00035356
14.25743103	0.00024563
14.28127289	0.00019947
14.30511475	0.00015269
14.32895660	0.00012054
14.35279846	0.00013341
14.37664032	0.00019389
14.40048218	0.00019558
14.42432404	0.00015369
14.44816589	0.00010863
14.47200775	0.00013936
14.49584961	0.00023712
14.51969147	0.00026117
14.54353333	0.00019395
14.56737518	0.00021156
14.59121704	0.00021222
14.61505890	0.00004974
14.63890076	0.00027856
14.66274261	0.00056410
14.68658447	0.00069372
14.71042633	0.00066876
14.73426819	0.00036020
14.75811005	0.00017188
14.78195190	0.00022456
14.80579376	0.00026587
14.82963562	0.00023128
14.85347748	0.00015095
14.87731934	0.00012255
14.90116119	0.00007354
14.92500305	0.00081167
14.94884491	0.00290540
14.97268677	0.00460912
14.99652863	0.00482871
15.02037048	0.00465976
15.04421234	0.00341028
15.06805420	0.00132280
15.09189606	0.00039010
15.11573792	0.00033844
15.13957977	0.00033973
15.16342163	0.00028962
15.18726349	0.00024897
15.21110535	0.00040518
15.23494720	0.00035753
15.25878906	0.00036745
15.28263092	0.00049335
15.30647278	0.00060208
15.33031464	0.00062656
15.35415649	0.00045910
15.37799835	0.00023435
15.40184021	0.00021498
15.42568207	0.00031866
15.44952393	0.00031940
15.47336578	0.00025136
15.49720764	0.00024994
15.52104950	0.00018158
15.54489136	0.00015458
15.56873322	0.00010786
15.59257507	0.00011482
15.61641693	0.00035330
15.64025879	0.00066019
15.66410065	0.00083675
15.68794250	0.00080907
15.71178436	0.00057119
15.73562622	0.00007461
15.75946808	0.00049608
15.78330994	0.00077745
15.80715179	0.00082371
15.83099365	0.00073436
15.85483551	0.00046977
15.87867737	0.00006486
15.90251923	0.00030580
15.92636108	0.00071964
15.95020294	0.00151872
15.97404480	0.00195973
15.99788666	0.00175844
16.02172852	0.00152589
16.04557037	0.00092282
16.06941223	0.00012123
16.09325409	0.00034760
16.11709595	0.00032180
16.14093781	0.00022715
16.16477966	0.00011177
16.18862152	0.00012409
16.21246338	0.00012829
16.23630524	0.00012058
16.26014709	0.00039549
16.28398895	0.00074441
16.30783081	0.00096488
16.33167267	0.00106379
16.35551453	0.00092609
16.37935638	0.00066209
16.40319824	0.00047536
16.42704010	0.00034241
16.45088196	0.00032831
16.47472382	0.00024141
16.49856567	0.00024446
16.52240753	0.00034878
16.54624939	0.00020817
16.57009125	0.00004314
16.59393311	0.00019188
16.61777496	0.00029486
16.64161682	0.00032543
16.66545868	0.00029756
16.68930054	0.00029713
16.71314240	0.00035690
16.73698425	0.00028848
16.76082611	0.00028799
16.78466797	0.00018959
16.80850983	0.00013107
16.83235168	0.00023337
16.85619354	0.00037687
16.88003540	0.00040730
16.90387726	0.00042880
16.92771912	0.00028314
16.95156097	0.00026775
16.97540283	0.00056002
16.99924469	0.00061993
17.02308655	0.00072575
17.04692841	0.00063921
17.07077026	0.00035155
17.09461212	0.00030916
17.11845398	0.00040089
17.14229584	0.00041692
17.16613770	0.00033965
17.18997955	0.00024691
17.21382141	0.00016028
17.23766327	0.00009675
17.26150513	0.00055431
17.28534698	0.00086772
17.30918884	0.00097214
17.33303070	0.00101246
17.35687256	0.00072179
17.38071442	0.00034478
17.40455627	0.00006126
17.42839813	0.00017756
17.45223999	0.00025554
17.47608185	0.00027516
17.49992371	0.00020883
17.52376556	0.00006447
17.54760742	0.00013756
17.57144928	0.00022531
17.59529114	0.00037482
17.61913300	0.00031707
17.64297485	0.00004615
17.66681671	0.00017890
17.69065857	0.00021824
17.71450043	0.00025416
17.73834229	0.00012759
17.76218414	0.00005706
17.78602600	0.00007350
17.80986786	0.00010118
17.83370972	0.00022535
17.85755157	0.00031749
17.88139343	0.00033486
17.90523529	0.00030277
17.92907715	0.00087987
17.95291901	0.00259789
17.97676086	0.00374541
18.00060272	0.00394798
18.02444458	0.00396575
18.04828644	0.00286507
18.07212830	0.00115661
18.09597015	0.00039709
18.11981201	0.00022995
18.14365387	0.00026135
18.16749573	0.00040159
18.19133759	0.00050639
18.21517944	0.00054230
18.23902130	0.00031444
18.26286316	0.00051439
18.28670502	0.00091009
18.31054688	0.00096959
18.33438873	0.00079935
18.35823059	0.00041049
18.38207245	0.00011677
18.40591431	0.00021133
18.42975616	0.00022389
18.45359802	0.00024897
18.47743988	0.00029091
18.50128174	0.00034676
18.52512360	0.00048425
18.54896545	0.00051480
18.57280731	0.00035049
18.59664917	0.00024636
18.62049103	0.00012287
18.64433289	0.00016282
18.66817474	0.00021568
18.69201660	0.00020372
18.71585846	0.00009774
18.73970032	0.00009912
18.76354218	0.00028332
18.78738403	0.00035971
18.81122589	0.00026637
18.83506775	0.00013611
18.85890961	0.00017509
18.88275146	0.00028521
18.90659332	0.00036131
18.93043518	0.00152117
18.95427704	0.00474247
18.97811890	0.00673068
19.00196075	0.00690974
19.02580261	0.00654551
19.04964447	0.00408634
19.07348633	0.00085086
19.09732819	0.00046286
19.12117004	0.00064186
19.14501190	0.00061599
19.16885376	0.00047027
19.19269562	0.00029927
19.21653748	0.00021519
19.24037933	0.00026999
19.26422119	0.00075581
19.28806305	0.00113380
19.31190491	0.00126382
19.33574677	0.00124852
19.35958862	0.00095326
19.38343048	0.00070428
19.40727234	0.00073854
19.43111420	0.00085832
19.45495605	0.00089606
19.47879791	0.00074734
19.50263977	0.00046752
19.52648163	0.00028065
19.55032349	0.00021190
19.57416534	0.00018178
19.59800720	0.00021456
19.62184906	0.00029517
19.64569092	0.00027548
19.66953278	0.00019001
19.69337463	0.00021998
19.71721649	0.00030584
19.74105835	0.00019095
19.76490021	0.00022633
19.78874207	0.00029564
19.81258392	0.00037644
19.83642578	0.00043163
19.86026764	0.00032623
19.88410950	0.00025778
19.90795135	0.00056385
19.93179321	0.00268848
19.95563507	0.00694862
19.97947693	0.00936918
20.00331879	0.00952810
20.02716064	0.00897965
20.05100250	0.00560270
20.07484436	0.00154178
20.09868622	0.00013692
20.12252808	0.00012893
20.14636993	0.00019492
20.17021179	0.00021522
20.19405365	0.00029072
20.21789551	0.00029498
20.24173737	0.00003986
20.26557922	0.00068996
20.28942108	0.00129261
20.31326294	0.00162745
20.33710480	0.00162152
20.36094666	0.00104288
20.38478851	0.00032896
20.40863037	0.00017959
20.43247223	0.00020961
20.45631409	0.00017601
20.48015594	0.00005913
20.50399780	0.00013488
20.52783966	0.00019913
20.55168152	0.00028642
20.57552338	0.00036213
20.59936523	0.00031470
20.62320709	0.00014421
20.64704895	0.00006967
20.67089081	0.00011681
20.69473267	0.00018419
20.71857452	0.00034625
20.74241638	0.00055059
20.76625824	0.00070910
20.79010010	0.00065095
20.81394196	0.00044083
20.83778381	0.00042570
20.86162567	0.00051221
20.88546753	0.00054636
20.90930939	0.00073618
20.93315125	0.00353740
20.95699310	0.00894497
20.98083496	0.01169292
21.00467682	0.01179124
21.02851868	0.01108966
21.05236053	0.00670370
21.07620239	0.00163970
21.10004425	0.00008774
21.12388611	0.00021085
21.14772797	0.00028590
21.17156982	0.00024349
21.19541168	0.00008405
21.21925354	0.00007388
21.24309540	0.00017351
21.26693726	0.00061311
21.29077911	0.00099603
21.31462097	0.00105992
21.33846283	0.00093807
21.36230469	0.00051189
21.38614655	0.00027125
21.40998840	0.00029167
21.43383026	0.00010268
21.45767212	0.00015864
21.48151398	0.00022576
21.50535583	0.00036253
21.52919769	0.00045148
21.55303955	0.00046176
21.57688141	0.00049447
21.60072327	0.00047935
21.62456512	0.00033139
21.64840698	0.00029682
21.67224884	0.00031865
21.69609070	0.00028682
21.71993256	0.00023589
21.74377441	0.00017651
21.76761627	0.00016018
21.79145813	0.00011589
21.81529999	0.00012491
21.83914185	0.00012190
21.86298370	0.00015724
21.88682556	0.00024854
21.91066742	0.00032877
21.93450928	0.00372862
21.95835114	0.01006380
21.98219299	0.01320073
22.00603485	0.01357523
22.02987671	0.01282627
22.05371857	0.00772952
22.07756042	0.00215830
22.10140228	0.00033275
22.12524414	0.00011394
22.14908600	0.00006298
22.17292786	0.00018892
22.19676971	0.00006599
22.22061157	0.00018110
22.24445343	0.00045022
22.26829529	0.00096076
22.29213715	0.00127504
22.31597900	0.00144265
22.33982086	0.00147248
22.36366272	0.00103339
22.38750458	0.00054645
22.41134644	0.00038089
22.43518829	0.00029622
22.45903015	0.00012170
22.48287201	0.00014554
22.50671387	0.00016418
22.53055573	0.00018897
22.55439758	0.00026545
22.57823944	0.00035143
22.60208130	0.00045056
22.62592316	0.00038622
22.64976501	0.00032039
22.67360687	0.00028300
22.69744873	0.00015878
22.72129059	0.00016906
22.74513245	0.00031506
22.76897430	0.00045848
22.79281616	0.00049036
22.81665802	0.00038620
22.84049988	0.00029645
22.86434174	0.00025344
22.88818359	0.00014548
22.91202545	0.00070605
22.93586731	0.00507380
22.95970917	0.01227760
22.98355103	0.01551489
23.00739288	0.01572027
23.03123474	0.01440908
23.05507660	0.00815807
23.07891846	0.00198057
23.10276031	0.00033999
23.12660217	0.00028836
23.15044403	0.00036965
23.17428589	0.00044799
23.19812775	0.00042175
23.22196960	0.00034791
23.24581146	0.00033560
23.26965332	0.00065091
23.29349518	0.00087246
23.31733704	0.00095218
23.34117889	0.00105616
23.36502075	0.00086724
23.38886261	0.00052430
23.41270447	0.00038193
23.43654633	0.00039994
23.46038818	0.00043335
23.48423004	0.00033797
23.50807190	0.00031294
23.53191376	0.00028303
23.55575562	0.00027419
23.57959747	0.00029233
23.60343933	0.00027818
23.62728119	0.00013619
23.65112305	0.00013702
23.67496490	0.00026276
23.69880676	0.00028301
23.72264862	0.00029423
23.74649048	0.00028799
23.77033234	0.00034256
23.79417419	0.00025083
23.81801605	0.00015917
23.84185791	0.00024895
23.86569977	0.00035646
23.88954163	0.00053449
23.91338348	0.00118731
23.93722534	0.00598655
23.96106720	0.01362298
23.98490906	0.01675976
24.00875092	0.01691007
24.03259277	0.01525025
24.05643463	0.00825862
24.08027649	0.00175691
24.10411835	0.00012071
24.12796021	0.00011471
24.15180206	0.00004597
24.17564392	0.00005016
24.19948578	0.00006776
24.22332764	0.00007332
24.24716949	0.00016025
24.27101135	0.00047863
24.29485321	0.00066343
24.31869507	0.00082029
24.34253693	0.00082919
24.36637878	0.00051045
24.39022064	0.00022649
24.41406250	0.00025037
24.43790436	0.00039711
24.46174622	0.00036542
24.48558807	0.00022969
24.50942993	0.00026781
24.53327179	0.00040448
24.55711365	0.00048230
24.58095551	0.00034103
24.60479736	0.00020899
24.62863922	0.00042846
24.65248108	0.00068015
24.67632294	0.00075290
24.70016479	0.00071584
24.72400665	0.00064664
24.74784851	0.00045578
24.77169037	0.00022689
24.79553223	0.00038191
24.81937408	0.00043548
24.84321594	0.00039463
24.86705780	0.00030781
24.89089966	0.00014282
24.91474152	0.00132349
24.93858337	0.00703139
24.96242523	0.01515854
24.98626709	0.01829643
25.01010895	0.01844293
25.03395081	0.01628491
25.05779266	0.00857617
25.08163452	0.00193349
25.10547638	0.00017826
25.12931824	0.00031455
25.15316010	0.00031571
25.17700195	0.00031398
25.20084381	0.00021902
25.22468567	0.00018755
25.24852753	0.00032811
25.27236938	0.00060105
25.29621124	0.00078894
25.32005310	0.00082296
25.34389496	0.00076187
25.36773682	0.00050689
25.39157867	0.00024056
25.41542053	0.00018741
25.43926239	0.00021394
25.46310425	0.00021970
25.48694611	0.00033239
25.51078796	0.00052555
25.53462982	0.00061160
25.55847168	0.00051319
25.58231354	0.00041080
25.60615540	0.00027567
25.62999725	0.00008715
25.65383911	0.00017994
25.67768097	0.00028391
25.70152283	0.00028429
25.72536469	0.00028697
25.74920654	0.00023467
25.77304840	0.00034754
25.79689026	0.00045200
25.82073212	0.00037447
25.84457397	0.00028394
25.86841583	0.00025262
25.89225769	0.00031348
25.91609955	0.00159382
25.93994141	0.00771739
25.96378326	0.01576415
25.98762512	0.01840499
26.01146698	0.01836529
26.03530884	0.01592613
26.05915070	0.00806523
26.08299255	0.00176538
26.10683441	0.00043196
26.13067627	0.00030003
26.15451813	0.00015852
26.17835999	0.00008654
26.20220184	0.00005082
26.22604370	0.00007722
26.24988556	0.00033064
26.27372742	0.00060725
26.29756927	0.00076307
26.32141113	0.00074744
26.34525299	0.00061725
26.36909485	0.00037336
26.39293671	0.00027488
26.41677856	0.00038624
26.44062042	0.00057283
26.46446228	0.00063894
26.48830414	0.00067666
26.51214600	0.00069278
26.53598785	0.00064689
26.55982971	0.00052396
26.58367157	0.00039035
26.60751343	0.00026550
26.63135529	0.00009037
26.65519714	0.00029560
26.67903900	0.00041162
26.70288086	0.00052074
26.72672272	0.00044283
26.75056458	0.00008835
26.77440643	0.00019591
26.79824829	0.00026001
26.82209015	0.00020016
26.84593201	0.00005964
26.86977386	0.00016637
26.89361572	0.00045352
26.91745758	0.00191935
26.94129944	0.00797735
26.96514130	0.01550277
26.98898315	0.01774935
27.01282501	0.01770316
27.03666687	0.01500223
27.06050873	0.00712360
27.08435059	0.00125007
27.10819244	0.00052362
27.13203430	0.00062488
27.15587616	0.00060463
27.17971802	0.00048984
27.20355988	0.00033395
27.22740173	0.00015528
27.25124359	0.00018791
27.27508545	0.00034473
27.29892731	0.00039289
27.32276917	0.00032810
27.34661102	0.00027235
27.37045288	0.00029840
27.39429474	0.00037549
27.41813660	0.00038427
27.44197845	0.00031443
27.46582031	0.00022001
27.48966217	0.00018822
27.51350403	0.00021235
27.53734589	0.00024214
27.56118774	0.00040306
27.58502960	0.00058097
27.60887146	0.00054418
27.63271332	0.00026547
27.65655518	0.00035721
27.68039703	0.00073043
27.70423889	0.00106111
27.72808075	0.00097890
27.75192261	0.00051103
27.77576447	0.00015815
27.79960632	0.00032444
27.82344818	0.00053993
27.84729004	0.00060405
27.87113190	0.00050957
27.89497375	0.00013281
27.91881561	0.00165064
27.94265747	0.00787981
27.96649933	0.01500182
27.99034119	0.01696270
28.01418304	0.01689988
28.03802490	0.01403408
28.06186676	0.00638902
28.08570862	0.00095685
28.10955048	0.00030255
28.13339233	0.00060562
28.15723419	0.00072398
28.18107605	0.00068551
28.20491791	0.00056180
28.22875977	0.00049417
28.25260162	0.00053201
28.27644348	0.00050877
28.30028534	0.00040971
28.32412720	0.00020340
28.34796906	0.00002342
28.37181091	0.00010213
28.39565277	0.00008633
28.41949463	0.00011144
28.44333649	0.00021646
28.46717834	0.00031439
28.49102020	0.00035367
28.51486206	0.00035538
28.53870392	0.00028296
28.56254578	0.00018596
28.58638763	0.00006806
28.61022949	0.00015368
28.63407135	0.00019791
28.65791321	0.00031374
28.68175507	0.00029663
28.70559692	0.00040982
28.72943878	0.00051579
28.75328064	0.00031871
28.77712250	0.00022492
28.80096436	0.00030203
28.82480621	0.00022044
28.84864807	0.00014978
28.87248993	0.00024098
28.89633179	0.00032446
28.92017365	0.00164423
28.94401550	0.00736982
28.96785736	0.01345751
28.99169922	0.01493354
29.01554108	0.01479252
29.03938293	0.01200311
29.06322479	0.00530081
29.08706665	0.00090742
29.11090851	0.00008730
29.13475037	0.00003374
29.15859222	0.00009781
29.18243408	0.00015297
29.20627594	0.00026680
29.23011780	0.00036418
29.25395966	0.00046080
29.27780151	0.00044696
29.30164337	0.00033079
29.32548523	0.00023339
29.34932709	0.00019733
29.37316895	0.00024615
29.39701080	0.00035558
29.42085266	0.00050500
29.44469452	0.00062640
29.46853638	0.00068680
29.49237823	0.00062584
29.51622009	0.00037695
29.54006195	0.00010581
29.56390381	0.00030044
29.58774567	0.00049062
29.61158752	0.00059495
29.63542938	0.00033888
29.65927124	0.00022581
29.68311310	0.00057379
29.70695496	0.00098582
29.73079681	0.00101114
29.75463867	0.00064690
29.77848053	0.00040013
29.80232239	0.00042239
29.82616425	0.00067000
29.85000610	0.00078683
29.87384796	0.00077726
29.89768982	0.00076618
29.92153168	0.00190798
29.94537354	0.00657344
29.96921539	0.01131468
29.99305725	0.01239796
30.01689911	0.01225010
30.04074097	0.00968594
30.06458282	0.00410070
30.08842468	0.00066210
30.11226654	0.00035427
30.13610840	0.00028778
30.15995026	0.00025087
30.18379211	0.00043944
30.20763397	0.00061823
30.23147583	0.00070262
30.25531769	0.00083028
30.27915955	0.00092867
30.30300140	0.00076813
30.32684326	0.00059347
30.35068512	0.00051455
30.37452698	0.00044059
30.39836884	0.00045727
30.42221069	0.00045542
30.44605255	0.00042963
30.46989441	0.00037699
30.49373627	0.00026645
30.51757813	0.00024963
30.54141998	0.00026402
30.56526184	0.00028488
30.58910370	0.00042306
30.61294556	0.00042963
30.63678741	0.00011351
30.66062927	0.00035976
30.68447113	0.00075806
30.70831299	0.00105915
30.73215485	0.00107025
30.75599670	0.00089102
30.77983856	0.00088814
30.80368042	0.00079307
30.82752228	0.00054478
30.85136414	0.00024793
30.87520599	0.00004127
30.89904785	0.00022973
30.92288971	0.00122988
30.94673157	0.00490559
30.97057343	0.00848463
30.99441528	0.00931611
31.01825714	0.00940991
31.04209900	0.00744093
31.06594086	0.00317876
31.08978271	0.00071146
31.11362457	0.00023244
31.13746643	0.00027994
31.16130829	0.00040095
31.18515015	0.00034661
31.20899200	0.00018924
31.23283386	0.00018437
31.25667572	0.00051626
31.28051758	0.00093886
31.30435944	0.00106011
31.32820129	0.00096138
31.35204315	0.00057514
31.37588501	0.00026418
31.39972687	0.00040917
31.42356873	0.00038685
31.44741058	0.00032195
31.47125244	0.00021828
31.49509430	0.00017675
31.51893616	0.00024280
31.54277802	0.00032725
31.56661987	0.00049778
31.59046173	0.00071476
31.61430359	0.00067595
31.63814545	0.00034044
31.66198730	0.00022489
31.68582916	0.00049174
31.70967102	0.00067856
31.73351288	0.00058513
31.75735474	0.00057605
31.78119659	0.00079928
31.80503845	0.00084693
31.82888031	0.00077430
31.85272217	0.00066271
31.87656403	0.00034055
31.90040588	0.00007149
31.92424774	0.00090529
31.94808960	0.00338937
31.97193146	0.00553145
31.99577332	0.00592740
32.01961517	0.00583485
32.04345703	0.00434599
32.06729889	0.00166854
32.09114075	0.00027639
32.11498260	0.00013814
32.13882446	0.00026341
32.16266632	0.00035639
32.18650818	0.00037541
32.21035004	0.00024351
32.23419189	0.00019937
32.25803375	0.00082570
32.28187561	0.00136317
32.30571747	0.00147633
32.32955933	0.00122730
32.35340118	0.00070328
32.37724304	0.00010661
32.40108490	0.00028064
32.42492676	0.00038264
32.44876862	0.00028979
32.47261047	0.00016934
32.49645233	0.00009747
32.52029419	0.00007185
32.54413605	0.00008036
32.56797791	0.00004009
32.59181976	0.00015802
32.61566162	0.00025287
32.63950348	0.00026912
32.66334534	0.00039012
32.68718719	0.00045665
32.71102905	0.00047037
32.73487091	0.00040292
32.75871277	0.00022044
32.78255463	0.00007536
32.80639648	0.00008662
32.83023834	0.00018117
32.85408020	0.00026377
32.87792206	0.00030676
32.90176392	0.00028803
32.92560577	0.00025532
32.94944763	0.00086181
32.97328949	0.00150420
32.99713135	0.00176818
33.02097321	0.00185247
33.04481506	0.00143443
33.06865692	0.00061650
33.09249878	0.00022384
33.11634064	0.00012673
33.14018250	0.00020289
33.16402435	0.00037297
33.18786621	0.00057085
33.21170807	0.00062849
33.23554993	0.00034082
33.25939178	0.00054923
33.28323364	0.00105425
33.30707550	0.00115674
33.33091736	0.00104242
33.35475922	0.00067966
33.37860107	0.00021267
33.40244293	0.00027936
33.42628479	0.00044951
33.45012665	0.00064527
33.47396851	0.00071948
33.49781036	0.00065238
33.52165222	0.00050977
33.54549408	0.00032549
33.56933594	0.00016522
33.59317780	0.00014303
33.61701965	0.00007011
33.64086151	0.00013581
33.66470337	0.00021729
33.68854523	0.00024712
33.71238708	0.00029021
33.73622894	0.00027652
33.76007080	0.00025413
33.78391266	0.00036371
33.80775452	0.00052385
33.83159637	0.00061794
33.85543823	0.00065061
33.87928009	0.00059868
33.90312195	0.00044683
33.92696381	0.00078931
33.95080566	0.00209179
33.97464752	0.00304102
33.99848938	0.00315087
34.02233124	0.00314319
34.04617310	0.00227748
34.07001495	0.00083510
34.09385681	0.00050696
34.11769867	0.00061116
34.14154053	0.00061022
34.16538239	0.00040602
34.18922424	0.00013584
34.21306610	0.00035524
34.23690796	0.00043848
34.26074982	0.00051613
34.28459167	0.00076902
34.30843353	0.00091025
34.33227539	0.00098200
34.35611725	0.00068730
34.37995911	0.00041850
34.40380096	0.00035720
34.42764282	0.00025000
34.45148468	0.00020162
34.47532654	0.00020222
34.49916840	0.00027365
34.52301025	0.00025066
34.54685211	0.00025197
34.57069397	0.00027783
34.59453583	0.00030122
34.61837769	0.00040653
34.64221954	0.00053364
34.66606140	0.00071812
34.68990326	0.00078576
34.71374512	0.00073009
34.73758698	0.00055840
34.76142883	0.00038261
34.78527069	0.00036160
34.80911255	0.00028977
34.83295441	0.00016112
34.85679626	0.00026873
34.88063812	0.00043607
34.90447998	0.00048536
34.92832184	0.00164752
34.95216370	0.00520992
34.97600555	0.00765479
34.99984741	0.00791853
35.02368927	0.00771133
35.04753113	0.00536546
35.07137299	0.00182465
35.09521484	0.00028815
35.11905670	0.00023458
35.14289856	0.00034831
35.16674042	0.00039222
35.19058228	0.00038167
35.21442413	0.00032849
35.23826599	0.00040802
35.26210785	0.00084592
35.28594971	0.00122163
35.30979156	0.00120477
35.33363342	0.00104951
35.35747528	0.00068833
35.38131714	0.00035842
35.40515900	0.00031539
35.42900085	0.00015437
35.45284271	0.00008836
35.47668457	0.00035813
35.50052643	0.00044844
35.52436829	0.00031506
35.54821014	0.00013892
35.57205200	0.00004501
35.59589386	0.00003713
35.61973572	0.00010905
35.64357758	0.00026693
35.66741943	0.00041535
35.69126129	0.00053877
35.71510315	0.00056869
35.73894501	0.00059074
35.76278687	0.00062939
35.78662872	0.00042574
35.81047058	0.00019077
35.83431244	0.00025760
35.85815430	0.00027280
35.88199615	0.00037366
35.90583801	0.00055561
35.92967987	0.00322870
35.95352173	0.00946341
35.97736359	0.01353368
36.00120544	0.01390077
36.02504730	0.01326436
36.04888916	0.00869602
36.07273102	0.00240142
36.09657288	0.00056304
36.12041473	0.00069851
36.14425659	0.00056055
36.16809845	0.00036514
36.19194031	0.00024184
36.21578217	0.00043384
36.23962402	0.00020705
36.26346588	0.00046292
36.28730774	0.00089546
36.31114960	0.00100687
36.33499146	0.00096086
36.35883331	0.00055071
36.38267517	0.00026713
36.40651703	0.00034045
36.43035889	0.00033146
36.45420074	0.00024188
36.47804260	0.00009748
36.50188446	0.00006192
36.52572632	0.00023126
36.54956818	0.00046937
36.57341003	0.00061024
36.59725189	0.00058356
36.62109375	0.00037444
36.64493561	0.00010325
36.66877747	0.00031783
36.69261932	0.00055749
36.71646118	0.00060900
36.74030304	0.00047658
36.76414490	0.00030741
36.78798676	0.00015281
36.81182861	0.00006287
36.83567047	0.00006716
36.85951233	0.00024261
36.88335419	0.00033975
36.90719604	0.00018934
36.93103790	0.00439355
36.95487976	0.01314558
36.97872162	0.01842035
37.00256348	0.01883201
37.02640533	0.01790944
37.05024719	0.01148610
37.07408905	0.00329813
37.09793091	0.00031350
37.12177277	0.00029687
37.14561462	0.00035049
37.16945648	0.00031337
37.19329834	0.00039878
37.21714020	0.00037597
37.24098206	0.00045395
37.26482391	0.00111742
37.28866577	0.00153391
37.31250763	0.00156961
37.33634949	0.00146812
37.36019135	0.00092081
37.38403320	0.00028431
37.40787506	0.00047132
37.43171692	0.00063772
37.45555878	0.00066563
37.47940063	0.00058364
37.50324249	0.00052500
37.52708435	0.00059936
37.55092621	0.00064252
37.57476807	0.00077811
37.59860992	0.00079367
37.62245178	0.00073135
37.64629364	0.00074602
37.67013550	0.00052096
37.69397736	0.00032125
37.71781921	0.00047516
37.74166107	0.00050447
37.76550293	0.00047724
37.78934479	0.00042633
37.81318665	0.00029791
37.83702850	0.00038494
37.86087036	0.00039434
37.88471222	0.00029771
37.90855408	0.00082628
37.93239594	0.00647491
37.95623779	0.01767040
37.98007965	0.02388008
38.00392151	0.02441390
38.02776337	0.02326352
38.05160522	0.01464320
38.07544708	0.00416281
38.09928894	0.00056560
38.12313080	0.00025362
38.14697266	0.00012702
38.17081451	0.00010286
38.19465637	0.00021102
38.21849823	0.00033578
38.24234009	0.00051298
38.26618195	0.00114908
38.29002380	0.00157667
38.31386566	0.00163239
38.33770752	0.00148956
38.36154938	0.00086901
38.38539124	0.00021048
38.40923309	0.00012473
38.43307495	0.00020322
38.45691681	0.00033297
38.48075867	0.00029012
38.50460052	0.00013264
38.52844238	0.00014633
38.55228424	0.00014978
38.57612610	0.00014293
38.59996796	0.00005191
38.62380981	0.00030388
38.64765167	0.00051348
38.67149353	0.00054187
38.69533539	0.00047628
38.71917725	0.00054150
38.74301910	0.00060660
38.76686096	0.00061644
38.79070282	0.00051032
38.81454468	0.00022499
38.83838654	0.00019587
38.86222839	0.00039900
38.88607025	0.00047043
38.90991211	0.00121243
38.93375397	0.00868419
38.95759583	0.02245964
38.98143768	0.02939446
39.00527954	0.02987378
39.02912140	0.02799514
39.05296326	0.01677284
39.07680511	0.00429673
39.10064697	0.00031835
39.12448883	0.00007221
39.14833069	0.00011964
39.17217255	0.00012003
39.19601440	0.00023170
39.21985626	0.00043089
39.24369812	0.00056972
39.26753998	0.00092309
39.29138184	0.00114941
39.31522369	0.00123079
39.33906555	0.00126909
39.36290741	0.00076744
39.38674927	0.00021495
39.41059113	0.00013313
39.43443298	0.00028447
39.45827484	0.00042514
39.48211670	0.00038655
39.50595856	0.00023640
39.52980042	0.00015106
39.55364227	0.00025740
39.57748413	0.00039459
39.60132599	0.00037161
39.62516785	0.00035492
39.64900970	0.00039071
39.67285156	0.00042809
39.69669342	0.00046195
39.72053528	0.00054591
39.74437714	0.00057967
39.76821899	0.00072211
39.79206085	0.00074831
39.81590271	0.00066496
39.83974457	0.00049704
39.86358643	0.00033745
39.88742828	0.00023971
39.91127014	0.00142053
39.93511200	0.01101809
39.95895386	0.02741547
39.98279572	0.03506252
40.00663757	0.03538199
40.03047943	0.03259109
40.05432129	0.01875645
40.07816315	0.00434972
40.10200500	0.00030722
40.12584686	0.00058190
40.14968872	0.00071876
40.17353058	0.00073007
40.19737244	0.00064646
40.22121429	0.00066478
40.24505615	0.00039606
40.26889801	0.00081393
40.29273987	0.00139375
40.31658173	0.00180361
40.34042358	0.00190898
40.36426544	0.00132582
40.38810730	0.00063956
40.41194916	0.00032738
40.43579102	0.00027453
40.45963287	0.00051871
40.48347473	0.00074848
40.50731659	0.00082727
40.53115845	0.00081355
40.55500031	0.00061409
40.57884216	0.00027064
40.60268402	0.00003029
40.62652588	0.00028087
40.65036774	0.00047014
40.67420959	0.00062213
40.69805145	0.00077286
40.72189331	0.00078307
40.74573517	0.00060527
40.76957703	0.00045493
40.79341888	0.00012024
40.81726074	0.00030234
40.84110260	0.00046304
40.86494446	0.00044974
40.88878632	0.00043782
40.91262817	0.00237045
40.93647003	0.01397941
40.96031189	0.03252719
40.98415375	0.04052982
41.00799561	0.04089117
41.03183746	0.03728691
41.05567932	0.02105710
41.07952118	0.00524778
41.10336304	0.00072436
41.12720490	0.00044121
41.15104675	0.00036654
41.17488861	0.00023711
41.19873047	0.00023425
41.22257233	0.00059771
41.24641418	0.00068256
41.27025604	0.00095293
41.29409790	0.00124577
41.31793976	0.00140444
41.34178162	0.00141248
41.36562347	0.00102875
41.38946533	0.00059881
41.41330719	0.00044116
41.43714905	0.00033261
41.46099091	0.00022556
41.48483276	0.00025497
41.50867462	0.00034650
41.53251648	0.00032316
41.55635834	0.00014548
41.58020020	0.00019231
41.60404205	0.00039294
41.62788391	0.00064341
41.65172577	0.00085039
41.67556763	0.00089084
41.69940948	0.00089116
41.72325134	0.00075747
41.74709320	0.00053656
41.77093506	0.00053555
41.79477692	0.00049758
41.81861877	0.00033947
41.84246063	0.00013234
41.86630249	0.00007254
41.89014435	0.00025068
41.91398621	0.00306260
41.93782806	0.01692830
41.96166992	0.03738300
41.98551178	0.04530061
42.00935364	0.04531600
42.03319550	0.04035120
42.05703735	0.02140135
42.08087921	0.00437608
42.10472107	0.00010868
42.12856293	0.00029290
42.15240479	0.00019090
42.17624664	0.00016748
42.20008850	0.00012166
42.22393036	0.00040149
42.24777222	0.00055899
42.27161407	0.00076975
42.29545593	0.00089243
42.31929779	0.00099275
42.34313965	0.00093391
42.36698151	0.00058276
42.39082336	0.00035661
42.41466522	0.00036509
42.43850708	0.00056659
42.46234894	0.00073862
42.48619080	0.00064413
42.51003265	0.00045688
42.53387451	0.00035795
42.55771637	0.00029911
42.58155823	0.00020627
42.60540009	0.00020130
42.62924194	0.00012012
42.65308380	0.00020696
42.67692566	0.00030623
42.70076752	0.00035877
42.72460938	0.00038591
42.74845123	0.00041004
42.77229309	0.00049306
42.79613495	0.00027985
42.81997681	0.00025777
42.84381866	0.00028211
42.86766052	0.00038488
42.89150238	0.00057888
42.91534424	0.00371995
42.93918610	0.01970664
42.96302795	0.04198482
42.98686981	0.04982993
43.01071167	0.04977357
43.03455353	0.04356850
43.05839539	0.02217360
43.08223724	0.00423664
43.10607910	0.00036442
43.12992096	0.00048312
43.15376282	0.00049313
43.17760468	0.00028647
43.20144653	0.00032614
43.22528839	0.00063908
43.24913025	0.00071428
43.27297211	0.00090308
43.29681396	0.00085076
43.32065582	0.00083293
43.34449768	0.00079506
43.36833954	0.00037398
43.39218140	0.00015990
43.41602325	0.00013499
43.43986511	0.00015886
43.46370697	0.00015319
43.48754883	0.00009234
43.51139069	0.00010405
43.53523254	0.00009332
43.55907440	0.00005769
43.58291626	0.00011999
43.60675812	0.00008904
43.63059998	0.00018960
43.65444183	0.00041535
43.67828369	0.00057479
43.70212555	0.00077915
43.72596741	0.00093317
43.74980927	0.00081396
43.77365112	0.00070383
43.79749298	0.00065100
43.82133484	0.00057175
43.84517670	0.00052180
43.86901855	0.00052353
43.89286041	0.00044042
43.91670227	0.00420333
43.94054413	0.02250268
43.96438599	0.04614706
43.98822784	0.05376031
44.01206970	0.05376873
44.03591156	0.04645744
44.05975342	0.02302294
44.08359528	0.00452003
44.10743713	0.00038602
44.13127899	0.00017254
44.15512085	0.00012421
44.17896271	0.00017685
44.20280457	0.00026456
44.22664642	0.00044563
44.25048828	0.00054494
44.27433014	0.00058343
44.29817200	0.00066357
44.32201385	0.00088018
44.34585571	0.00101862
44.36969757	0.00091119
44.39353943	0.00065084
44.41738129	0.00042793
44.44122314	0.00038958
44.46506500	0.00040679
44.48890686	0.00036412
44.51274872	0.00040800
44.53659058	0.00039206
44.56043243	0.00020113
44.58427429	0.00006525
44.60811615	0.00025575
44.63195801	0.00042699
44.65579987	0.00054040
44.67964172	0.00059472
44.70348358	0.00098468
44.72732544	0.00116922
44.75116730	0.00089160
44.77500916	0.00068385
44.79885101	0.00042853
44.82269287	0.00026709
44.84653473	0.00018610
44.87037659	0.00010362
44.89421844	0.00021752
44.91806030	0.00499978
44.94190216	0.02531237
44.96574402	0.04991442
44.98958588	0.05715224
45.01342773	0.05706693
45.03726959	0.04813984
45.06111145	0.02260422
45.08495331	0.00389338
45.10879517	0.00035470
45.13263702	0.00038378
45.15647888	0.00022222
45.18032074	0.00016247
45.20416260	0.00052186
45.22800446	0.00076965
45.25184631	0.00081915
45.27568817	0.00082583
45.29953003	0.00052604
45.32337189	0.00005171
45.34721375	0.00010490
45.37105560	0.00007217
45.39489746	0.00008215
45.41873932	0.00017982
45.44258118	0.00011587
45.46642303	0.00012347
45.49026489	0.00022214
45.51410675	0.00045673
45.53794861	0.00073058
45.56179047	0.00065856
45.58563232	0.00047848
45.60947418	0.00037444
45.63331604	0.00029736
45.65715790	0.00065548
45.68099976	0.00080818
45.70484161	0.00090534
45.72868347	0.00092079
45.75252533	0.00071129
45.77636719	0.00063895
45.80020905	0.00045544
45.82405090	0.00037005
45.84789276	0.00047718
45.87173462	0.00060741
45.89557648	0.00046947
45.91941833	0.00557739
45.94326019	0.02771270
45.96710205	0.05274571
45.99094391	0.05933830
46.01478577	0.05920779
46.03862762	0.04900877
46.06246948	0.02208062
46.08631134	0.00362171
46.11015320	0.00010022
46.13399506	0.00040740
46.15783691	0.00044593
46.18167877	0.00040965
46.20552063	0.00023134
46.22936249	0.00047113
46.25320435	0.00060718
46.27704620	0.00069182
46.30088806	0.00051007
46.32472992	0.00017527
46.34857178	0.00016414
46.37241364	0.00041030
46.39625549	0.00071307
46.42009735	0.00067576
46.44393921	0.00069746
46.46778107	0.00077494
46.49162292	0.00049462
46.51546478	0.00029705
46.53930664	0.00039336
46.56314850	0.00037069
46.58699036	0.00028225
46.61083221	0.00020310
46.63467407	0.00033151
46.65851593	0.00059883
46.68235779	0.00068275
46.70619965	0.00065971
46.73004150	0.00046017
46.75388336	0.00042760
46.77772522	0.00059784
46.80156708	0.00036635
46.82540894	0.00018131
46.84925079	0.00038423
46.87309265	0.00052082
46.89693451	0.00086154
46.92077637	0.00720054
46.94461823	0.03087648
46.96846008	0.05589272
46.99230194	0.06183762
47.01614380	0.06155594
47.03998566	0.04978622
47.06382751	0.02156309
47.08766937	0.00348449
47.11151123	0.00026073
47.13535309	0.00014900
47.15919495	0.00010429
47.18303680	0.00017884
47.20687866	0.00060626
47.23072052	0.00085654
47.25456238	0.00096718
47.27840424	0.00100806
47.30224609	0.00076706
47.32608795	0.00042197
47.34992981	0.00029506
47.37377167	0.00022135
47.39761353	0.00015685
47.42145538	0.00007561
47.44529724	0.00026212
47.46913910	0.00049991
47.49298096	0.00045552
47.51682281	0.00028163
47.54066467	0.00010491
47.56450653	0.00014144
47.58834839	0.00029376
47.61219025	0.00031368
47.63603210	0.00025160
47.65987396	0.00044561
47.68371582	0.00061283
47.70755768	0.00084582
47.73139954	0.00094908
47.75524139	0.00086861
47.77908325	0.00077943
47.80292511	0.00042880
47.82676697	0.00006995
47.85060883	0.00003031
47.87445068	0.00017173
47.89829254	0.00033892
47.92213440	0.00781518
47.94597626	0.03310038
47.96981812	0.05789356
47.99365997	0.06309686
48.01750183	0.06254468
48.04134369	0.04916050
48.06518555	0.01999729
48.08902740	0.00269453
48.11286926	0.00032530
48.13671112	0.00038475
48.16055298	0.00024216
48.18439484	0.00006523
48.20823669	0.00039437
48.23207855	0.00060645
48.25592041	0.00100809
48.27976227	0.00133520
48.30360413	0.00115769
48.32744598	0.00084987
48.35128784	0.00041016
48.37512970	0.00012218
48.39897156	0.00031059
48.42281342	0.00019037
48.44665527	0.00019832
48.47049713	0.00025423
48.49433899	0.00019915
48.51818085	0.00038850
48.54202271	0.00055531
48.56586456	0.00059376
48.58970642	0.00076121
48.61354828	0.00073966
48.63739014	0.00042487
48.66123199	0.00043685
48.68507385	0.00062846
48.70891571	0.00102911
48.73275757	0.00107217
48.75659943	0.00081254
48.78044128	0.00065585
48.80428314	0.00030373
48.82812500	0.00038783
48.85196686	0.00041479
48.87580872	0.00029215
48.89965057	0.00086498
48.92349243	0.00931652
48.94733429	0.03547993
48.97117615	0.05932936
48.99501801	0.06360868
49.01885986	0.06259880
49.04270172	0.04780623
49.06654358	0.01844474
49.09038544	0.00217340
49.11422729	0.00030856
49.13806915	0.00030769
49.16191101	0.00032053
49.18575287	0.00019542
49.20959473	0.00032692
49.23343658	0.00084718
49.25727844	0.00141553
49.28112030	0.00185881
49.30496216	0.00163363
49.32880402	0.00109487
49.35264587	0.00055421
49.37648773	0.00006437
49.40032959	0.00040438
49.42417145	0.00042241
49.44801331	0.00055796
49.47185516	0.00080574
49.49569702	0.00086507
49.51953888	0.00087781
49.54338074	0.00077178
49.56722260	0.00046954
49.59106445	0.00021878
49.61490631	0.00006627
49.63874817	0.00028585
49.66259003	0.00050814
49.68643188	0.00072559
49.71027374	0.00100209
49.73411560	0.00104505
49.75795746	0.00086906
49.78179932	0.00069817
49.80564117	0.00046350
49.82948303	0.00023836
49.85332489	0.00012615
49.87716675	0.00019607
49.90100861	0.00059394
49.92485046	0.00961488
49.94869232	0.03629010
49.97253418	0.05896625
49.99637604	0.06264911
50.02021790	0.06172162
50.04405975	0.04604337
50.06790161	0.01691058
50.09174347	0.00172341
50.11558533	0.00032006
50.13942719	0.00033657
50.16326904	0.00018919
50.18711090	0.00043190
50.21095276	0.00101062
50.23479462	0.00132073
50.25863647	0.00175426
50.28247833	0.00204197
50.30632019	0.00164399
50.33016205	0.00119879
50.35400391	0.00063474
50.37784576	0.00035750
50.40168762	0.00052665
50.42552948	0.00046734
50.44937134	0.00051534
50.47321320	0.00063743
50.49705505	0.00056296
50.52089691	0.00041972
50.54473877	0.00024144
50.56858063	0.00019940
50.59242249	0.00019918
50.61626434	0.00004214
50.64010620	0.00013435
50.66394806	0.00015167
50.68778992	0.00009595
50.71163177	0.00053017
50.73547363	0.00077546
50.75931549	0.00085674
50.78315735	0.00082044
50.80699921	0.00056644
50.83084106	0.00027480
50.85468292	0.00019117
50.87852478	0.00026246
50.90236664	0.00094050
50.92620850	0.01091633
50.95005035	0.03785111
50.97389221	0.05920066
50.99773407	0.06224275
51.02157593	0.06088945
51.04541779	0.04417111
51.06925964	0.01568692
51.09310150	0.00173933
51.11694336	0.00027847
51.14078522	0.00041207
51.16462708	0.00041355
51.18846893	0.00015792
51.21231079	0.00049195
51.23615265	0.00092481
51.25999451	0.00153671
51.28383636	0.00209734
51.30767822	0.00185856
51.33152008	0.00144844
51.35536194	0.00090275
51.37920380	0.00036760
51.40304565	0.00059710
51.42688751	0.00045850
51.45072937	0.00052428
51.47457123	0.00066065
51.49841309	0.00059341
51.52225494	0.00048164
51.54609680	0.00042517
51.56993866	0.00038286
51.59378052	0.00041315
51.61762238	0.00043935
51.64146423	0.00039342
51.66530609	0.00028725
51.68914795	0.00051680
51.71298981	0.00096092
51.73683167	0.00107104
51.76067352	0.00108316
51.78451538	0.00104311
51.80835724	0.00081272
51.83219910	0.00063508
51.85604095	0.00056450
51.87988281	0.00047381
51.90372467	0.00122157
51.92756653	0.01181161
51.95140839	0.03852943
51.97525024	0.05809783
51.99909210	0.06046510
52.02293396	0.05882379
52.04677582	0.04139108
52.07061768	0.01398007
52.09445953	0.00153945
52.11830139	0.00024200
52.14214325	0.00048959
52.16598511	0.00057763
52.18982697	0.00032835
52.21366882	0.00038440
52.23751068	0.00078146
52.26135254	0.00158159
52.28519440	0.00222396
52.30903625	0.00212049
52.33287811	0.00180564
52.35671997	0.00121412
52.38056183	0.00044099
52.40440369	0.00033369
52.42824554	0.00030185
52.45208740	0.00032868
52.47592926	0.00041884
52.49977112	0.00036975
52.52361298	0.00022265
52.54745483	0.00003288
52.57129669	0.00013641
52.59513855	0.00015785
52.61898041	0.00012878
52.64282227	0.00015000
52.66666412	0.00021049
52.69050598	0.00055126
52.71434784	0.00097055
52.73818970	0.00101400
52.76203156	0.00109685
52.78587341	0.00114360
52.80971527	0.00084910
52.83355713	0.00049634
52.85739899	0.00034503
52.88124084	0.00035620
52.90508270	0.00165155
52.92892456	0.01271310
52.95276642	0.03848729
52.97660828	0.05592768
53.00045013	0.05764551
53.02429199	0.05566805
53.04813385	0.03782437
53.07197571	0.01186788
53.09581757	0.00095341
53.11965942	0.00014386
53.14350128	0.00016641
53.16734314	0.00015824
53.19118500	0.00024660
53.21502686	0.00061878
53.23886871	0.00098203
53.26271057	0.00169541
53.28655243	0.00223570
53.31039429	0.00212669
53.33423615	0.00186666
53.35807800	0.00129256
53.38191986	0.00052271
53.40576172	0.00018665
53.42960358	0.00023519
53.45344543	0.00029925
53.47728729	0.00041833
53.50112915	0.00036299
53.52497101	0.00026724
53.54881287	0.00016050
53.57265472	0.00020371
53.59649658	0.00025708
53.62033844	0.00029094
53.64418030	0.00021657
53.66802216	0.00004101
53.69186401	0.00050689
53.71570587	0.00101931
53.73954773	0.00109287
53.76338959	0.00095179
53.78723145	0.00062969
53.81107330	0.00019237
53.83491516	0.00004904
53.85875702	0.00024477
53.88259888	0.00055590
53.90644073	0.00128967
53.93028259	0.01258027
53.95412445	0.03775265
53.97796631	0.05367690
54.00180817	0.05520789
54.02565002	0.05296149
54.04949188	0.03492258
54.07333374	0.01059671
54.09717560	0.00106916
54.12101746	0.00024052
54.14485931	0.00030879
54.16870117	0.00045860
54.19254303	0.00065530
54.21638489	0.00077450
54.24022675	0.00086295
54.26406860	0.00169276
54.28791046	0.00236005
54.31175232	0.00221817
54.33559418	0.00192944
54.35943604	0.00118027
54.38327789	0.00014126
54.40711975	0.00032315
54.43096161	0.00029394
54.45480347	0.00040036
54.47864532	0.00047517
54.50248718	0.00049277
54.52632904	0.00061638
54.55017090	0.00062404
54.57401276	0.00054432
54.59785461	0.00043191
54.62169647	0.00022781
54.64553833	0.00005227
54.66938019	0.00041053
54.69322205	0.00079290
54.71706390	0.00095771
54.74090576	0.00089156
54.76474762	0.00081831
54.78858948	0.00073016
54.81243134	0.00067179
54.83627319	0.00057778
54.86011505	0.00043535
54.88395691	0.00023960
54.90779877	0.00159496
54.93164063	0.01335496
54.95548248	0.03701127
54.97932434	0.05068925
55.00316620	0.05157910
55.02700806	0.04883673
55.05084991	0.03102182
55.07469177	0.00872381
55.09853363	0.00054542
55.12237549	0.00023555
55.14621735	0.00026987
55.17005920	0.00030321
55.19390106	0.00054663
55.21774292	0.00087554
55.24158478	0.00112430
55.26542664	0.00175308
55.28926849	0.00224943
55.31311035	0.00219573
55.33695221	0.00188755
55.36079407	0.00112726
55.38463593	0.00040665
55.40847778	0.00030426
55.43231964	0.00021082
55.45616150	0.00004651
55.48000336	0.00015536
55.50384521	0.00028344
55.52768707	0.00055596
55.55152893	0.00059409
55.57537079	0.00046104
55.59921265	0.00030724
55.62305450	0.00012191
55.64689636	0.00008103
55.67073822	0.00005373
55.69458008	0.00024954
55.71842194	0.00060471
55.74226379	0.00083966
55.76610565	0.00102145
55.78994751	0.00096372
55.81378937	0.00069423
55.83763123	0.00037528
55.86147308	0.00025557
55.88531494	0.00014582
55.90915680	0.00149815
55.93299866	0.01304895
55.95684052	0.03496779
55.98068237	0.04672172
56.00452423	0.04734977
56.02836609	0.04433905
56.05220795	0.02708898
56.07604980	0.00702440
56.09989166	0.00012657
56.12373352	0.00034011
56.14757538	0.00026292
56.17141724	0.00027358
56.19525909	0.00035100
56.21910095	0.00067071
56.24294281	0.00059755
56.26678467	0.00127753
56.29062653	0.00192927
56.31446838	0.00210255
56.33831024	0.00213960
56.36215210	0.00141552
56.38599396	0.00038631
56.40983582	0.00019627
56.43367767	0.00051873
56.45751953	0.00082878
56.48136139	0.00086700
56.50520325	0.00071625
56.52904510	0.00058934
56.55288696	0.00025063
56.57672882	0.00026288
56.60057068	0.00043104
56.62441254	0.00047779
56.64825439	0.00050313
56.67209625	0.00047562
56.69593811	0.00062173
56.71977997	0.00082209
56.74362183	0.00073114
56.76746368	0.00062892
56.79130554	0.00040766
56.81514740	0.00012247
56.83898926	0.00024656
56.86283112	0.00024662
56.88667297	0.00033997
56.91051483	0.00200748
56.93435669	0.01324571
56.95819855	0.03317164
56.98204041	0.04289891
57.00588226	0.04328941
57.02972412	0.04004188
57.05356598	0.02347360
57.07740784	0.00564381
57.10124969	0.00003364
57.12509155	0.00035336
57.14893341	0.00029652
57.17277527	0.00018204
57.19661713	0.00023286
57.22045898	0.00067732
57.24430084	0.00101550
57.26814270	0.00155138
57.29198456	0.00175227
57.31582642	0.00157167
57.33966827	0.00151180
57.36351013	0.00106282
57.38735199	0.00043201
57.41119385	0.00041037
57.43503571	0.00055968
57.45887756	0.00053186
57.48271942	0.00039903
57.50656128	0.00020298
57.53040314	0.00010648
57.55424500	0.00011587
57.57808685	0.00016881
57.60192871	0.00024448
57.62577057	0.00022034
57.64961243	0.00020440
57.67345428	0.00007426
57.69729614	0.00035780
57.72113800	0.00073968
57.74497986	0.00096595
57.76882172	0.00103299
57.79266357	0.00075772
57.81650543	0.00036479
57.84034729	0.00008358
57.86418915	0.00012467
57.88803101	0.00011349
57.91187286	0.00156432
57.93571472	0.01227336
57.95955658	0.03009941
57.98339844	0.03829297
58.00724030	0.03871077
58.03108215	0.03539959
58.05492401	0.02008972
58.07876587	0.00465603
58.10260773	0.00019668
58.12644958	0.00035460
58.15029144	0.00033930
58.17413330	0.00038105
58.19797516	0.00061371
58.22181702	0.00084390
58.24565887	0.00105505
58.26950073	0.00155787
58.29334259	0.00176026
58.31718445	0.00150925
58.34102631	0.00123112
58.36486816	0.00079991
58.38871002	0.00044340
58.41255188	0.00027866
58.43639374	0.00012816
58.46023560	0.00024651
58.48407745	0.00042379
58.50791931	0.00048851
58.53176117	0.00042596
58.55560303	0.00026201
58.57944489	0.00019104
58.60328674	0.00020806
58.62712860	0.00027708
58.65097046	0.00046519
58.67481232	0.00067449
58.69865417	0.00086646
58.72249603	0.00099621
58.74633789	0.00094030
58.77017975	0.00089051
58.79402161	0.00068004
58.81786346	0.00048030
58.84170532	0.00037495
58.86554718	0.00046002
58.88938904	0.00059032
58.91323090	0.00109140
58.93707275	0.01108911
58.96091461	0.02667643
58.98475647	0.03332470
59.00859833	0.03373213
59.03244019	0.03060400
59.05628204	0.01694401
59.08012390	0.00395640
59.10396576	0.00039006
59.12780762	0.00022801
59.15164948	0.00031823
59.17549133	0.00041235
59.19933319	0.00047995
59.22317505	0.00043151
59.24701691	0.00043290
59.27085876	0.00082883
59.29470062	0.00108133
59.31854248	0.00104541
59.34238434	0.00088145
59.36622620	0.00055445
59.39006805	0.00025179
59.41390991	0.00012168
59.43775177	0.00005142
59.46159363	0.00028524
59.48543549	0.00047002
59.50927734	0.00066840
59.53311920	0.00072687
59.55696106	0.00062077
59.58080292	0.00059920
59.60464478	0.00061708
59.62848663	0.00077593
59.65232849	0.00092755
59.67617035	0.00093681
59.70001221	0.00092437
59.72385406	0.00084155
59.74769592	0.00051655
59.77153778	0.00033932
59.79537964	0.00020414
59.81922150	0.00025665
59.84306335	0.00031435
59.86690521	0.00022896
59.89074707	0.00018081
59.91458893	0.00180746
59.93843079	0.01078727
59.96227264	0.02380757
59.98611450	0.02874499
60.00995636	0.02890060
60.03379822	0.02566152
60.05764008	0.01342375
60.08148193	0.00272501
60.10532379	0.00000796
60.12916565	0.00020730
60.15300751	0.00012592
60.17684937	0.00004133
60.20069122	0.00023472
60.22453308	0.00045881
60.24837494	0.00069213
60.27221680	0.00093769
60.29605865	0.00094087
60.31990051	0.00082019
60.34374237	0.00080569
60.36758423	0.00059470
60.39142609	0.00033492
60.41526794	0.00028895
60.43910980	0.00019903
60.46295166	0.00007533
60.48679352	0.00018389
60.51063538	0.00020677
60.53447723	0.00019688
60.55831909	0.00026398
60.58216095	0.00043061
60.60600281	0.00048823
60.62984467	0.00036145
60.65368652	0.00024146
60.67752838	0.00015959
60.70137024	0.00005915
60.72521210	0.00017614
60.74905396	0.00029147
60.77289581	0.00026948
60.79673767	0.00014407
60.82057953	0.00018635
60.84442139	0.00011284
60.86826324	0.00021337
60.89210510	0.00029709
60.91594696	0.00143699
60.93978882	0.00922408
60.96363068	0.01989609
60.98747253	0.02360356
61.01131439	0.02355989
61.03515625	0.02044321
61.05899811	0.01016826
61.08283997	0.00182819
61.10668182	0.00035509
61.13052368	0.00023569
61.15436554	0.00008760
61.17820740	0.00007720
61.20204926	0.00014820
61.22589111	0.00032775
61.24973297	0.00043603
61.27357483	0.00055716
61.29741669	0.00047450
61.32125854	0.00030355
61.34510040	0.00018262
61.36894226	0.00006543
61.39278412	0.00028083
61.41662598	0.00034580
61.44046783	0.00043909
61.46430969	0.00056620
61.48815155	0.00054707
61.51199341	0.00044986
61.53583527	0.00037344
61.55967712	0.00037465
61.58351898	0.00051880
61.60736084	0.00053324
61.63120270	0.00038816
61.65504456	0.00017312
61.67888641	0.00009650
61.70272827	0.00011703
61.72657013	0.00021736
61.75041199	0.00025139
61.77425385	0.00034182
61.79809570	0.00033710
61.82193756	0.00029476
61.84577942	0.00031557
61.86962128	0.00034547
61.89346313	0.00036197
61.91730499	0.00146668
61.94114685	0.00785290
61.96498871	0.01612642
61.98883057	0.01878305
62.01267242	0.01890562
62.03651428	0.01634239
62.06035614	0.00806428
62.08419800	0.00168224
62.10803986	0.00032330
62.13188171	0.00038709
62.15572357	0.00047084
62.17956543	0.00042979
62.20340729	0.00038645
62.22724915	0.00048273
62.25109100	0.00053208
62.27493286	0.00050012
62.29877472	0.00041601
62.32261658	0.00031657
62.34645844	0.00031186
62.37030029	0.00035838
62.39414215	0.00040281
62.41798401	0.00029819
62.44182587	0.00013730
62.46566772	0.00010646
62.48950958	0.00032124
62.51335144	0.00045734
62.53719330	0.00042897
62.56103516	0.00030203
62.58487701	0.00020106
62.60871887	0.00018054
62.63256073	0.00014892
62.65640259	0.00012867
62.68024445	0.00008228
62.70408630	0.00026787
62.72792816	0.00035570
62.75177002	0.00033608
62.77561188	0.00030632
62.79945374	0.00034391
62.82329559	0.00040067
62.84713745	0.00039899
62.87097931	0.00045769
62.89482117	0.00038059
62.91866302	0.00134096
62.94250488	0.00657085
62.96634674	0.01268007
62.99018860	0.01445994
63.01403046	0.01446182
63.03787231	0.01207716
63.06171417	0.00554439
63.08555603	0.00081310
63.10939789	0.00055414
63.13323975	0.00071459
63.15708160	0.00059865
63.18092346	0.00039470
63.20476532	0.00022836
63.22860718	0.00029521
63.25244904	0.00047806
63.27629089	0.00067338
63.30013275	0.00071850
63.32397461	0.00059959
63.34781647	0.00048172
63.37165833	0.00028462
63.39550018	0.00019147
63.41934204	0.00022707
63.44318390	0.00028600
63.46702576	0.00047838
63.49086761	0.00052349
63.51470947	0.00040065
63.53855133	0.00019728
63.56239319	0.00008296
63.58623505	0.00017140
63.61007690	0.00025586
63.63391876	0.00018759
63.65776062	0.00018697
63.68160248	0.00028113
63.70544434	0.00032510
63.72928619	0.00025407
63.75312805	0.00046855
63.77696991	0.00070332
63.80081177	0.00071642
63.82465363	0.00063545
63.84849548	0.00050007
63.87233734	0.00025412
63.89617920	0.00005277
63.92002106	0.00098761
63.94386292	0.00478687
63.96770477	0.00895186
63.99154663	0.01005571
64.01538849	0.01003166
64.03923035	0.00822334
64.06307220	0.00364877
64.08691406	0.00051525
64.11075592	0.00012117
64.13459778	0.00010671
64.15843964	0.00008687
64.18228149	0.00025686
64.20612335	0.00045496
64.22996521	0.00053024
64.25380707	0.00074414
64.27764893	0.00091799
64.30149078	0.00072636
64.32533264	0.00051886
64.34917450	0.00029517
64.37301636	0.00013228
64.39685822	0.00034688
64.42070007	0.00042679
64.44454193	0.00049209
64.46838379	0.00046291
64.49222565	0.00028434
64.51606750	0.00005445
64.53990936	0.00018400
64.56375122	0.00021591
64.58759308	0.00010338
64.61143494	0.00010014
64.63527679	0.00019770
64.65911865	0.00042566
64.68296051	0.00058577
64.70680237	0.00062220
64.73064423	0.00054831
64.75448608	0.00045290
64.77832794	0.00050014
64.80216980	0.00048386
64.82601166	0.00037625
64.84985352	0.00030731
64.87369537	0.00027039
64.89753723	0.00025244
64.92137909	0.00064527
64.94522095	0.00292095
64.96906281	0.00526636
64.99290466	0.00585046
65.01674652	0.00585952
65.04058838	0.00473847
65.06443024	0.00213162
65.08827209	0.00050906
65.11211395	0.00037075
65.13595581	0.00042893
65.15979767	0.00039687
65.18363953	0.00038121
65.20748138	0.00041511
65.23132324	0.00045062
65.25516510	0.00071771
65.27900696	0.00107113
65.30284882	0.00112145
65.32669067	0.00109215
65.35053253	0.00088058
65.37437439	0.00039086
65.39821625	0.00017687
65.42205811	0.00036457
65.44589996	0.00043256
65.46974182	0.00038793
65.49358368	0.00028846
65.51742554	0.00008590
65.54126740	0.00028783
65.56510925	0.00051760
65.58895111	0.00057883
65.61279297	0.00040582
65.63663483	0.00021024
65.66047668	0.00043148
65.68431854	0.00055185
65.70816040	0.00046195
65.73200226	0.00049260
65.75584412	0.00072848
65.77968597	0.00082027
65.80352783	0.00072880
65.82736969	0.00053942
65.85121155	0.00026056
65.87505341	0.00012426
65.89889526	0.00017509
65.92273712	0.00004546
65.94657898	0.00079730
65.97042084	0.00156844
65.99426270	0.00179530
66.01810455	0.00185804
66.04194641	0.00149024
66.06578827	0.00065876
66.08963013	0.00024463
66.11347198	0.00023968
66.13731384	0.00028170
66.16115570	0.00031890
66.18499756	0.00026743
66.20883942	0.00023924
66.23268127	0.00024525
66.25652313	0.00079532
66.28036499	0.00140237
66.30420685	0.00143701
66.32804871	0.00124879
66.35189056	0.00073039
66.37573242	0.00005593
66.39957428	0.00038538
66.42341614	0.00035748
66.44725800	0.00028724
66.47109985	0.00020938
66.49494171	0.00006488
66.51878357	0.00016267
66.54262543	0.00022459
66.56646729	0.00020387
66.59030914	0.00009460
66.61415100	0.00005407
66.63799286	0.00003333
66.66183472	0.00011530
66.68567657	0.00024921
66.70951843	0.00042247
66.73336029	0.00058649
66.75720215	0.00059684
66.78104401	0.00052005
66.80488586	0.00036548
66.82872772	0.00024172
66.85256958	0.00032223
66.87641144	0.00040312
66.90025330	0.00038250
66.92409515	0.00031496
66.94793701	0.00071312
66.97177887	0.00120743
66.99562073	0.00139572
67.01946259	0.00136112
67.04330444	0.00100534
67.06714630	0.00041389
67.09098816	0.00029734
67.11483002	0.00034229
67.13867188	0.00033436
67.16251373	0.00026623
67.18635559	0.00022861
67.21019745	0.00024938
67.23403931	0.00024724
67.25788116	0.00100062
67.28172302	0.00185858
67.30556488	0.00202136
67.32940674	0.00192899
67.35324860	0.00142428
67.37709045	0.00041346
67.40093231	0.00040109
67.42477417	0.00063465
67.44861603	0.00061569
67.47245789	0.00047053
67.49629974	0.00033862
67.52014160	0.00010332
67.54398346	0.00012275
67.56782532	0.00019914
67.59166718	0.00034677
67.61550903	0.00033009
67.63935089	0.00014356
67.66319275	0.00009035
67.68703461	0.00032292
67.71087646	0.00049431
67.73471832	0.00047093
67.75856018	0.00039724
67.78240204	0.00032992
67.80624390	0.00028823
67.83008575	0.00034228
67.85392761	0.00037006
67.87776947	0.00034443
67.90161133	0.00035051
67.92545319	0.00090984
67.94929504	0.00258455
67.97313690	0.00383903
67.99697876	0.00383277
68.02082062	0.00362668
68.04466248	0.00264753
68.06850433	0.00098385
68.09234619	0.00035347
68.11618805	0.00024985
68.14002991	0.00022035
68.16387177	0.00033097
68.18771362	0.00039813
68.21155548	0.00039058
68.23539734	0.00050411
68.25923920	0.00124916
68.28308105	0.00199807
68.30692291	0.00204303
68.33076477	0.00193102
68.35460663	0.00139080
68.37844849	0.00055030
68.40229034	0.00059415
68.42613220	0.00043514
68.44997406	0.00016494
68.47381592	0.00020328
68.49765778	0.00031597
68.52149963	0.00025835
68.54534149	0.00016606
68.56918335	0.00017777
68.59302521	0.00034343
68.61686707	0.00041877
68.64070892	0.00039701
68.66455078	0.00027202
68.68839264	0.00018582
68.71223450	0.00027780
68.73607635	0.00037884
68.75991821	0.00045067
68.78376007	0.00034825
68.80760193	0.00010160
68.83144379	0.00008154
68.85528564	0.00022507
68.87912750	0.00045737
68.90296936	0.00062288
68.92681122	0.00160655
68.95065308	0.00418493
68.97449493	0.00601199
68.99833679	0.00599608
69.02217865	0.00562060
69.04602051	0.00382627
69.06986237	0.00105353
69.09370422	0.00055617
69.11754608	0.00044191
69.14138794	0.00023130
69.16522980	0.00016224
69.18907166	0.00020585
69.21291351	0.00027925
69.23675537	0.00017308
69.26059723	0.00122296
69.28443909	0.00203350
69.30828094	0.00217786
69.33212280	0.00210177
69.35596466	0.00140413
69.37980652	0.00036719
69.40364838	0.00028551
69.42749023	0.00026725
69.45133209	0.00010671
69.47517395	0.00015576
69.49901581	0.00014971
69.52285767	0.00016837
69.54669952	0.00011564
69.57054138	0.00017190
69.59438324	0.00033779
69.61822510	0.00025757
69.64206696	0.00018922
69.66590881	0.00016446
69.68975067	0.00036238
69.71359253	0.00054137
69.73743439	0.00049461
69.76127625	0.00036383
69.78511810	0.00031053
69.80895996	0.00022510
69.83280182	0.00030598
69.85664368	0.00052872
69.88048553	0.00065727
69.90432739	0.00083481
69.92816925	0.00227505
69.95201111	0.00581454
69.97585297	0.00832138
69.99969482	0.00851479
70.02353668	0.00813502
70.04737854	0.00562868
70.07122040	0.00188667
70.09506226	0.00024680
70.11890411	0.00007274
70.14274597	0.00017574
70.16658783	0.00025343
70.19042969	0.00021791
70.21427155	0.00015357
70.23811340	0.00048582
70.26195526	0.00157820
70.28579712	0.00231450
70.30963898	0.00232622
70.33348083	0.00229682
70.35732269	0.00173591
70.38116455	0.00080911
70.40500641	0.00051036
70.42884827	0.00058120
70.45269012	0.00045913
70.47653198	0.00020161
70.50037384	0.00010504
70.52421570	0.00039298
70.54805756	0.00050066
70.57189941	0.00046935
70.59574127	0.00044505
70.61958313	0.00028940
70.64342499	0.00020549
70.66726685	0.00031191
70.69110870	0.00047624
70.71495056	0.00056409
70.73879242	0.00045746
70.76263428	0.00022157
70.78647614	0.00011255
70.81031799	0.00040742
70.83415985	0.00062406
70.85800171	0.00070371
70.88184357	0.00067255
70.90568542	0.00040568
70.92952728	0.00156853
70.95336914	0.00584594
70.97721100	0.00866363
71.00105286	0.00892086
71.02489471	0.00854594
71.04873657	0.00564407
71.07257843	0.00154879
71.09642029	0.00030939
71.12026215	0.00049582
71.14410400	0.00045899
71.16794586	0.00032829
71.19178772	0.00018640
71.21562958	0.00008709
71.23947144	0.00032713
71.26331329	0.00136695
71.28715515	0.00214999
71.31099701	0.00226516
71.33483887	0.00233006
71.35868073	0.00165686
71.38252258	0.00044070
71.40636444	0.00013979
71.43020630	0.00019675
71.45404816	0.00025860
71.47789001	0.00030007
71.50173187	0.00030875
71.52557373	0.00030632
71.54941559	0.00032745
71.57325745	0.00040683
71.59709930	0.00044670
71.62094116	0.00044934
71.64478302	0.00044664
71.66862488	0.00033725
71.69246674	0.00017714
71.71630859	0.00020704
71.74015045	0.00032206
71.76399231	0.00032955
71.78783417	0.00029817
71.81167603	0.00028790
71.83551788	0.00033227
71.85935974	0.00035963
71.88320160	0.00036794
71.90704346	0.00017364
71.93088531	0.00228089
71.95472717	0.00717409
71.97856903	0.01015127
72.00241089	0.01037083
72.02625275	0.00983891
72.05009460	0.00621959
72.07393646	0.00161267
72.09777832	0.00013748
72.12162018	0.00015483
72.14546204	0.00041584
72.16930389	0.00060160
72.19314575	0.00056507
72.21698761	0.00043389
72.24082947	0.00036465
72.26467133	0.00153720
72.28851318	0.00237128
72.31235504	0.00256130
72.33619690	0.00256000
72.36003876	0.00184041
72.38388062	0.00092417
72.40772247	0.00057235
72.43156433	0.00037708
72.45540619	0.00020146
72.47924805	0.00032854
72.50308990	0.00031228
72.52693176	0.00015553
72.55077362	0.00012344
72.57461548	0.00012849
72.59845734	0.00004796
72.62229919	0.00005905
72.64614105	0.00001765
72.66998291	0.00016949
72.69382477	0.00024886
72.71766663	0.00030956
72.74150848	0.00042896
72.76535034	0.00043924
72.78919220	0.00028642
72.81303406	0.00011102
72.83687592	0.00022406
72.86071777	0.00023126
72.88455963	0.00019892
72.90840149	0.00008112
72.93224335	0.00251512
72.95608521	0.00761073
72.97992706	0.01046691
73.00376892	0.01061925
73.02761078	0.01001966
73.05145264	0.00618360
73.07529449	0.00161222
73.09913635	0.00040396
73.12297821	0.00045590
73.14682007	0.00041294
73.17066193	0.00033516
73.19450378	0.00016236
73.21834564	0.00017285
73.24218750	0.00065993
73.26602936	0.00172317
73.28987122	0.00229115
73.31371307	0.00221081
73.33755493	0.00205516
73.36139679	0.00125474
73.38523865	0.00035128
73.40908051	0.00032585
73.43292236	0.00026504
73.45676422	0.00027160
73.48060608	0.00021535
73.50444794	0.00015686
73.52828979	0.00016205
73.55213165	0.00015220
73.57597351	0.00023619
73.59981537	0.00029891
73.62365723	0.00030000
73.64749908	0.00030138
73.67134094	0.00020467
73.69518280	0.00004053
73.71902466	0.00022410
73.74286652	0.00021981
73.76670837	0.00012930
73.79055023	0.00013184
73.81439209	0.00036145
73.83823395	0.00059467
73.86207581	0.00069726
73.88591766	0.00065297
73.90975952	0.00036530
73.93360138	0.00278926
73.95744324	0.00804144
73.98128510	0.01095403
74.00512695	0.01127160
74.02896881	0.01053255
74.05281067	0.00643718
74.07665253	0.00181281
74.10049438	0.00024988
74.12433624	0.00017710
74.14817810	0.00026855
74.17201996	0.00036487
74.19586182	0.00045812
74.21970367	0.00062993
74.24354553	0.00115495
74.26738739	0.00201765
74.29122925	0.00235421
74.31507111	0.00217462
74.33891296	0.00182135
74.36275482	0.00089404
74.38659668	0.00014181
74.41043854	0.00029898
74.43428040	0.00023436
74.45812225	0.00014565
74.48196411	0.00032316
74.50580597	0.00039719
74.52964783	0.00042158
74.55348969	0.00029038
74.57733154	0.00002197
74.60117340	0.00017189
74.62501526	0.00014872
74.64885712	0.00004768
74.67269897	0.00018455
74.69654083	0.00032285
74.72038269	0.00045556
74.74422455	0.00044405
74.76806641	0.00042292
74.79190826	0.00042433
74.81575012	0.00023003
74.83959198	0.00013418
74.86343384	0.00009932
74.88727570	0.00016477
74.91111755	0.00061247
74.93495941	0.00331191
74.95880127	0.00804150
74.98264313	0.01032632
75.00648499	0.01047189
75.03032684	0.00971187
75.05416870	0.00569746
75.07801056	0.00153227
75.10185242	0.00036231
75.12569427	0.00027988
75.14953613	0.00030895
75.17337799	0.00038005
75.19721985	0.00032164
75.22106171	0.00024080
75.24490356	0.00065504
75.26874542	0.00154962
75.29258728	0.00196051
75.31642914	0.00184048
75.34027100	0.00161343
75.36411285	0.00095289
75.38795471	0.00025523
75.41179657	0.00008451
75.43563843	0.00010811
75.45948029	0.00025553
75.48332214	0.00050264
75.50716400	0.00071701
75.53100586	0.00082625
75.55484772	0.00072271
75.57868958	0.00047206
75.60253143	0.00028294
75.62637329	0.00027130
75.65021515	0.00029464
75.67405701	0.00030770
75.69789886	0.00041069
75.72174072	0.00044538
75.74558258	0.00038208
75.76942444	0.00040811
75.79326630	0.00038066
75.81710815	0.00029941
75.84095001	0.00024672
75.86479187	0.00009120
75.88863373	0.00023539
75.91247559	0.00019761
75.93631744	0.00307256
75.96015930	0.00765049
75.98400116	0.00979116
76.00784302	0.01008175
76.03168488	0.00925871
76.05552673	0.00526872
76.07936859	0.00132536
76.10321045	0.00019159
76.12705231	0.00031782
76.15089417	0.00026166
76.17473602	0.00021060
76.19857788	0.00018226
76.22241974	0.00023763
76.24626160	0.00048566
76.27010345	0.00105062
76.29394531	0.00141170
76.31778717	0.00163778
76.34162903	0.00167866
76.36547089	0.00125515
76.38931274	0.00075941
76.41315460	0.00051485
76.43699646	0.00039720
76.46083832	0.00034186
76.48468018	0.00043110
76.50852203	0.00038564
76.53236389	0.00032584
76.55620575	0.00026116
76.58004761	0.00008329
76.60388947	0.00010794
76.62773132	0.00024636
76.65157318	0.00035079
76.67541504	0.00045717
76.69925690	0.00045216
76.72309875	0.00037370
76.74694061	0.00033893
76.77078247	0.00045226
76.79462433	0.00059958
76.81846619	0.00059968
76.84230804	0.00056460
76.86614990	0.00050240
76.88999176	0.00031344
76.91383362	0.00057312
76.93767548	0.00338484
76.96151733	0.00754525
76.98535919	0.00917815
77.00920105	0.00919364
77.03304291	0.00822526
77.05688477	0.00446493
77.08072662	0.00097715
77.10456848	0.00023383
77.12841034	0.00032309
77.15225220	0.00041337
77.17609406	0.00041950
77.19993591	0.00039854
77.22377777	0.00045540
77.24761963	0.00063174
77.27146149	0.00103931
77.29530334	0.00120052
77.31914520	0.00110436
77.34298706	0.00094048
77.36682892	0.00054498
77.39067078	0.00024254
77.41451263	0.00012361
77.43835449	0.00008264
77.46219635	0.00025937
77.48603821	0.00033039
77.50988007	0.00050594
77.53372192	0.00062291
77.55756378	0.00050147
77.58140564	0.00031475
77.60524750	0.00008234
77.62908936	0.00013996
77.65293121	0.00025462
77.67677307	0.00036029
77.70061493	0.00044555
77.72445679	0.00048471
77.74829865	0.00042215
77.77214050	0.00045327
77.79598236	0.00049216
77.81982422	0.00052291
77.84366608	0.00049366
77.86750793	0.00043786
77.89134979	0.00034224
77.91519165	0.00033686
77.93903351	0.00270496
77.96287537	0.00619722
77.98671722	0.00758154
78.01055908	0.00774835
78.03440094	0.00707860
78.05824280	0.00401656
78.08208466	0.00124303
78.10592651	0.00052052
78.12976837	0.00041468
78.15361023	0.00032774
78.17745209	0.00029955
78.20129395	0.00030889
78.22513580	0.00030353
78.24897766	0.00029313
78.27281952	0.00020672
78.29666138	0.00016076
78.32050323	0.00027479
78.34434509	0.00034224
78.36818695	0.00030319
78.39202881	0.00028595
78.41587067	0.00027467
78.43971252	0.00027744
78.46355438	0.00040244
78.48739624	0.00046748
78.51123810	0.00042770
78.53507996	0.00040871
78.55892181	0.00024358
78.58276367	0.00007737
78.60660553	0.00025175
78.63044739	0.00026406
78.65428925	0.00029572
78.67813110	0.00036138
78.70197296	0.00041501
78.72581482	0.00034455
78.74965668	0.00022092
78.77349854	0.00006807
78.79734039	0.00022262
78.82118225	0.00042467
78.84502411	0.00040556
78.86886597	0.00039193
78.89270782	0.00037070
78.91654968	0.00007309
78.94039154	0.00225119
78.96423340	0.00532458
78.98807526	0.00639782
79.01191711	0.00644621
79.03575897	0.00563213
79.05960083	0.00287332
79.08344269	0.00070608
79.10728455	0.00029421
79.13112640	0.00031975
79.15496826	0.00030056
79.17881012	0.00023901
79.20265198	0.00034043
79.22649384	0.00042276
79.25033569	0.00031277
79.27417755	0.00021930
79.29801941	0.00026440
79.32186127	0.00031821
79.34570313	0.00024193
79.36954498	0.00011399
79.39338684	0.00014238
79.41722870	0.00030849
79.44107056	0.00045990
79.46491241	0.00055557
79.48875427	0.00053912
79.51259613	0.00045146
79.53643799	0.00037049
79.56027985	0.00044996
79.58412170	0.00057073
79.60796356	0.00056393
79.63180542	0.00041896
79.65564728	0.00016991
79.67948914	0.00011676
79.70333099	0.00010468
79.72717285	0.00007388
79.75101471	0.00023639
79.77485657	0.00042398
79.79869843	0.00036363
79.82254028	0.00027553
79.84638214	0.00024105
79.87022400	0.00018803
79.89406586	0.00011224
79.91790771	0.00046495
79.94174957	0.00221116
79.96559143	0.00438835
79.98943329	0.00504841
80.01327515	0.00501186
80.03711700	0.00428750
80.06095886	0.00213317
80.08480072	0.00062875
80.10864258	0.00045083
80.13248444	0.00039446
80.15632629	0.00042217
80.18016815	0.00035252
80.20401001	0.00015055
80.22785187	0.00010761
80.25169373	0.00034109
80.27553558	0.00060181
80.29937744	0.00070259
80.32321930	0.00072905
80.34706116	0.00057831
80.37090302	0.00018559
80.39474487	0.00012113
80.41858673	0.00022083
80.44242859	0.00026306
80.46627045	0.00025727
80.49011230	0.00019018
80.51395416	0.00017564
80.53779602	0.00023092
80.56163788	0.00018522
80.58547974	0.00023867
80.60932159	0.00027047
80.63316345	0.00015094
80.65700531	0.00038507
80.68084717	0.00060555
80.70468903	0.00064253
80.72853088	0.00048811
80.75237274	0.00030392
80.77621460	0.00038998
80.80005646	0.00043268
80.82389832	0.00029209
80.84774017	0.00011229
80.87158203	0.00014055
80.89542389	0.00016403
80.91926575	0.00015988
80.94310760	0.00144268
80.96694946	0.00289376
80.99079132	0.00326261
81.01463318	0.00323154
81.03847504	0.00260642
81.06231689	0.00107738
81.08615875	0.00014544
81.11000061	0.00029811
81.13384247	0.00038323
81.15768433	0.00034530
81.18152618	0.00023829
81.20536804	0.00005054
81.22920990	0.00024636
81.25305176	0.00057812
81.27689362	0.00123678
81.30073547	0.00144521
81.32457733	0.00140819
81.34841919	0.00117638
81.37226105	0.00050763
81.39610291	0.00032705
81.41994476	0.00029421
81.44378662	0.00019486
81.46762848	0.00030106
81.49147034	0.00053864
81.51531219	0.00066297
81.53915405	0.00062168
81.56299591	0.00049161
81.58683777	0.00046649
81.61067963	0.00051638
81.63452148	0.00047386
81.65836334	0.00052767
81.68220520	0.00064663
81.70604706	0.00064685
81.72988892	0.00045213
81.75373077	0.00018479
81.77757263	0.00031559
81.80141449	0.00038677
81.82525635	0.00025589
81.84909821	0.00015173
81.87294006	0.00025250
81.89678192	0.00031768
81.92062378	0.00033103
81.94446564	0.00080352
81.96830750	0.00131173
81.99214935	0.00136741
82.01599121	0.00138475
82.03983307	0.00124996
82.06367493	0.00071214
82.08751678	0.00033148
82.11135864	0.00027725
82.13520050	0.00035989
82.15904236	0.00041269
82.18288422	0.00034765
82.20672607	0.00018679
82.23056793	0.00015590
82.25440979	0.00049625
82.27825165	0.00138899
82.30209351	0.00165304
82.32593536	0.00172804
82.34977722	0.00148347
82.37361908	0.00073129
82.39746094	0.00060517
82.42130280	0.00065402
82.44514465	0.00065197
82.46898651	0.00058284
82.49282837	0.00043546
82.51667023	0.00030629
82.54051208	0.00031106
82.56435394	0.00041736
82.58819580	0.00060893
82.61203766	0.00067641
82.63587952	0.00061571
82.65972137	0.00043321
82.68356323	0.00033482
82.70740509	0.00027584
82.73124695	0.00026667
82.75508881	0.00050523
82.77893066	0.00063486
82.80277252	0.00047688
82.82661438	0.00034945
82.85045624	0.00029380
82.87429810	0.00046814
82.89813995	0.00072360
82.92198181	0.00080731
82.94582367	0.00069030
82.96966553	0.00045445
82.99350739	0.00027539
83.01734924	0.00017481
83.04119110	0.00021500
83.06503296	0.00027182
83.08887482	0.00026117
83.11271667	0.00018886
83.13655853	0.00011572
83.16040039	0.00008308
83.18424225	0.00014756
83.20808411	0.00019040
83.23192596	0.00045144
83.25576782	0.00137184
83.27960968	0.00225230
83.30345154	0.00241541
83.32729340	0.00234076
83.35113525	0.00184894
83.37497711	0.00085319
83.39881897	0.00029275
83.42266083	0.00022225
83.44650269	0.00024520
83.47034454	0.00027472
83.49418640	0.00021914
83.51802826	0.00020138
83.54187012	0.00018803
83.56571198	0.00002320
83.58955383	0.00030293
83.61339569	0.00050106
83.63723755	0.00064670
83.66107941	0.00067751
83.68492126	0.00058054
83.70876312	0.00043315
83.73260498	0.00028662
83.75644684	0.00021019
83.78028870	0.00011597
83.80413055	0.00014858
83.82797241	0.00028164
83.85181427	0.00037973
83.87565613	0.00039645
83.89949799	0.00033983
83.92333984	0.00026468
83.94718170	0.00043162
83.97102356	0.00092280
83.99486542	0.00106745
84.01870728	0.00099976
84.04254913	0.00067324
84.06639099	0.00028195
84.09023285	0.00040304
84.11407471	0.00033221
84.13791656	0.00018709
84.16175842	0.00018132
84.18560028	0.00026594
84.20944214	0.00026859
84.23328400	0.00004765
84.25712585	0.00121938
84.28096771	0.00250028
84.30480957	0.00289305
84.32865143	0.00303748
84.35249329	0.00248339
84.37633514	0.00114916
84.40017700	0.00034708
84.42401886	0.00023752
84.44786072	0.00020382
84.47170258	0.00016018
84.49554443	0.00019021
84.51938629	0.00029865
84.54322815	0.00034862
84.56707001	0.00021133
84.59091187	0.00018437
84.61475372	0.00038077
84.63859558	0.00032346
84.66243744	0.00024823
84.68627930	0.00022209
84.71012115	0.00024884
84.73396301	0.00024907
84.75780487	0.00018935
84.78164673	0.00025984
84.80548859	0.00035629
84.82933044	0.00043698
84.85317230	0.00056438
84.87701416	0.00058622
84.90085602	0.00057015
84.92469788	0.00081521
84.94853973	0.00146763
84.97238159	0.00198572
84.99622345	0.00196493
85.02006531	0.00188496
85.04390717	0.00139906
85.06774902	0.00060515
85.09159088	0.00038905
85.11543274	0.00035203
85.13927460	0.00028108
85.16311646	0.00021189
85.18695831	0.00021980
85.21080017	0.00026650
85.23464203	0.00043645
85.25848389	0.00169124
85.28232574	0.00292817
85.30616760	0.00320251
85.33000946	0.00312377
85.35385132	0.00232647
85.37769318	0.00091435
85.40153503	0.00055123
85.42537689	0.00059254
85.44921875	0.00053653
85.47306061	0.00039548
85.49690247	0.00023578
85.52074432	0.00011180
85.54458618	0.00003587
85.56842804	0.00010924
85.59226990	0.00006482
85.61611176	0.00003736
85.63995361	0.00010025
85.66379547	0.00020728
85.68763733	0.00026404
85.71147919	0.00036099
85.73532104	0.00044709
85.75916290	0.00046524
85.78300476	0.00047729
85.80684662	0.00043353
85.83068848	0.00029750
85.85453033	0.00015370
85.87837219	0.00007427
85.90221405	0.00013268
85.92605591	0.00039040
85.94989777	0.00192175
85.97373962	0.00319156
85.99758148	0.00347449
86.02142334	0.00348559
86.04526520	0.00257251
86.06910706	0.00093324
86.09294891	0.00012167
86.11679077	0.00014596
86.14063263	0.00013572
86.16447449	0.00004992
86.18831635	0.00016423
86.21215820	0.00034721
86.23600006	0.00071012
86.25984192	0.00204710
86.28368378	0.00324786
86.30752563	0.00334797
86.33136749	0.00322998
86.35520935	0.00241597
86.37905121	0.00091547
86.40289307	0.00022113
86.42673492	0.00005918
86.45057678	0.00016327
86.47441864	0.00034747
86.49826050	0.00048202
86.52210236	0.00054281
86.54594421	0.00051972
86.56978607	0.00037714
86.59362793	0.00022504
86.61746979	0.00007302
86.64131165	0.00008004
86.66515350	0.00020196
86.68899536	0.00028426
86.71283722	0.00034419
86.73667908	0.00034370
86.76052094	0.00032608
86.78436279	0.00038553
86.80820465	0.00043272
86.83204651	0.00035687
86.85588837	0.00022621
86.87973022	0.00014067
86.90357208	0.00010094
86.92741394	0.00057655
86.95125580	0.00239935
86.97509766	0.00383705
86.99893951	0.00400707
87.02278137	0.00382611
87.04662323	0.00263749
87.07046509	0.00088055
87.09430695	0.00055957
87.11814880	0.00057531
87.14199066	0.00044754
87.16583252	0.00038377
87.18967438	0.00041446
87.21351624	0.00036946
87.23735809	0.00093116
87.26119995	0.00259922
87.28504181	0.00383573
87.30888367	0.00391381
87.33272552	0.00371209
87.35656738	0.00263746
87.38040924	0.00100778
87.40425110	0.00027601
87.42809296	0.00021050
87.45193481	0.00019693
87.47577667	0.00014772
87.49961853	0.00017044
87.52346039	0.00024358
87.54730225	0.00025958
87.57114410	0.00016992
87.59498596	0.00001891
87.61882782	0.00014461
87.64266968	0.00032753
87.66651154	0.00042969
87.69035339	0.00037238
87.71419525	0.00027526
87.73803711	0.00024291
87.76187897	0.00024158
87.78572083	0.00021924
87.80956268	0.00035165
87.83340454	0.00042991
87.85724640	0.00035430
87.88108826	0.00028221
87.90493011	0.00031316
87.92877197	0.00118407
87.95261383	0.00334227
87.97645569	0.00482130
88.00029755	0.00495785
88.02413940	0.00477852
88.04798126	0.00323570
88.07182312	0.00097164
88.09566498	0.00004290
88.11950684	0.00017328
88.14334869	0.00016685
88.16719055	0.00026283
88.19103241	0.00031631
88.21487427	0.00026093
88.23871613	0.00036891
88.26255798	0.00211174
88.28639984	0.00349842
88.31024170	0.00372698
88.33408356	0.00366407
88.35792542	0.00266899
88.38176727	0.00095590
88.40560913	0.00017439
88.42945099	0.00025119
88.45329285	0.00034657
88.47713470	0.00042613
88.50097656	0.00042170
88.52481842	0.00037794
88.54866028	0.00026291
88.57250214	0.00005894
88.59634399	0.00019525
88.62018585	0.00021394
88.64402771	0.00028180
88.66786957	0.00036795
88.69171143	0.00040595
88.71555328	0.00051295
88.73939514	0.00052810
88.76323700	0.00049636
88.78707886	0.00052975
88.81092072	0.00045595
88.83476257	0.00028481
88.85860443	0.00018091
88.88244629	0.00013255
88.90628815	0.00023720
88.93013000	0.00137006
88.95397186	0.00387771
88.97781372	0.00556696
89.00165558	0.00575612
89.02549744	0.00548125
89.04933929	0.00363930
89.07318115	0.00122576
89.09702301	0.00043126
89.12086487	0.00026765
89.14470673	0.00028371
89.16854858	0.00035157
89.19239044	0.00038509
89.21623230	0.00032219
89.24007416	0.00084411
89.26391602	0.00228578
89.28775787	0.00314101
89.31159973	0.00310394
89.33544159	0.00291161
89.35928345	0.00175187
89.38312531	0.00019814
89.40696716	0.00039968
89.43080902	0.00037019
89.45465088	0.00039048
89.47849274	0.00036589
89.50233459	0.00025632
89.52617645	0.00020872
89.55001831	0.00019601
89.57386017	0.00025197
89.59770203	0.00030529
89.62154388	0.00033928
89.64538574	0.00038162
89.66922760	0.00040097
89.69306946	0.00033012
89.71691132	0.00030101
89.74075317	0.00030268
89.76459503	0.00026921
89.78843689	0.00015150
89.81227875	0.00008374
89.83612061	0.00003599
89.85996246	0.00005374
89.88380432	0.00009175
89.90764618	0.00017178
89.93148804	0.00123489
89.95532990	0.00380176
89.97917175	0.00533734
90.00301361	0.00550007
90.02685547	0.00527481
90.05069733	0.00331438
90.07453918	0.00078620
90.09838104	0.00027387
90.12222290	0.00042331
90.14606476	0.00046770
90.16990662	0.00037044
90.19374847	0.00021648
90.21759033	0.00029305
90.24143219	0.00103277
90.26527405	0.00249787
90.28911591	0.00344444
90.31295776	0.00351116
90.33679962	0.00326573
90.36064148	0.00205431
90.38448334	0.00051219
90.40832520	0.00011809
90.43216705	0.00019089
90.45600891	0.00012807
90.47985077	0.00014687
90.50369263	0.00039138
90.52753448	0.00057154
90.55137634	0.00062421
90.57521820	0.00063416
90.59906006	0.00055489
90.62290192	0.00037605
90.64674377	0.00028897
90.67058563	0.00036175
90.69442749	0.00041064
90.71826935	0.00027576
90.74211121	0.00012037
90.76595306	0.00008927
90.78979492	0.00011633
90.81363678	0.00009009
90.83747864	0.00000950
90.86132050	0.00002833
90.88516235	0.00009606
90.90900421	0.00021309
90.93284607	0.00136092
90.95668793	0.00391219
90.98052979	0.00528418
91.00437164	0.00538391
91.02821350	0.00513418
91.05205536	0.00310634
91.07589722	0.00082393
91.09973907	0.00036449
91.12358093	0.00028948
91.14742279	0.00021291
91.17126465	0.00012945
91.19510651	0.00006098
91.21894836	0.00002230
91.24279022	0.00054025
91.26663208	0.00170053
91.29047394	0.00241083
91.31431580	0.00261043
91.33815765	0.00256752
91.36199951	0.00171038
91.38584137	0.00066208
91.40968323	0.00030724
91.43352509	0.00022502
91.45736694	0.00018332
91.48120880	0.00014468
91.50505066	0.00006388
91.52889252	0.00003481
91.55273438	0.00018451
91.57657623	0.00037615
91.60041809	0.00049766
91.62425995	0.00055453
91.64810181	0.00049712
91.67194366	0.00038209
91.69578552	0.00031755
91.71962738	0.00032678
91.74346924	0.00033309
91.76731110	0.00032594
91.79115295	0.00018584
91.81499481	0.00006791
91.83883667	0.00025935
91.86267853	0.00033132
91.88652039	0.00030480
91.91036224	0.00044492
91.93420410	0.00179004
91.95804596	0.00423871
91.98188782	0.00542039
92.00572968	0.00551327
92.02957153	0.00509499
92.05341339	0.00284628
92.07725525	0.00052001
92.10109711	0.00026139
92.12493896	0.00027734
92.14878082	0.00005886
92.17262268	0.00026199
92.19646454	0.00044338
92.22030640	0.00040549
92.24414825	0.00042158
92.26799011	0.00148634
92.29183197	0.00214851
92.31567383	0.00214501
92.33951569	0.00183138
92.36335754	0.00081761
92.38719940	0.00032259
92.41104126	0.00073320
92.43488312	0.00076922
92.45872498	0.00069132
92.48256683	0.00043665
92.50640869	0.00028417
92.53025055	0.00033599
92.55409241	0.00047673
92.57793427	0.00049344
92.60177612	0.00041064
92.62561798	0.00041349
92.64945984	0.00045414
92.67330170	0.00042269
92.69714355	0.00045126
92.72098541	0.00049420
92.74482727	0.00045856
92.76866913	0.00035771
92.79251099	0.00025643
92.81635284	0.00014763
92.84019470	0.00018538
92.86403656	0.00020197
92.88787842	0.00016129
92.91172028	0.00005784
92.93556213	0.00152114
92.95940399	0.00396963
92.98324585	0.00502012
93.00708771	0.00502347
93.03092957	0.00464743
93.05477142	0.00259523
93.07861328	0.00051368
93.10245514	0.00010337
93.12629700	0.00008255
93.15013885	0.00006358
93.17398071	0.00014866
93.19782257	0.00013758
93.22166443	0.00003410
93.24550629	0.00045837
93.26934814	0.00131414
93.29319000	0.00173871
93.31703186	0.00164661
93.34087372	0.00139811
93.36471558	0.00067923
93.38855743	0.00004224
93.41239929	0.00010245
93.43624115	0.00018580
93.46008301	0.00033123
93.48392487	0.00045879
93.50776672	0.00045175
93.53160858	0.00021775
93.55545044	0.00018723
93.57929230	0.00028673
93.60313416	0.00027463
93.62697601	0.00010162
93.65081787	0.00016109
93.67465973	0.00039126
93.69850159	0.00050064
93.72234344	0.00046530
93.74618530	0.00034598
93.77002716	0.00040949
93.79386902	0.00039123
93.81771088	0.00023215
93.84155273	0.00003569
93.86539459	0.00028227
93.88923645	0.00043813
93.91307831	0.00066252
93.93692017	0.00185892
93.96076202	0.00385405
93.98460388	0.00467937
94.00844574	0.00461246
94.03228760	0.00416016
94.05612946	0.00222508
94.07997131	0.00032040
94.10381317	0.00030442
94.12765503	0.00033958
94.15149689	0.00026569
94.17533875	0.00021664
94.19918060	0.00019562
94.22302246	0.00012996
94.24686432	0.00011035
94.27070618	0.00063677
94.29454803	0.00105450
94.31838989	0.00116503
94.34223175	0.00108808
94.36607361	0.00082631
94.38991547	0.00053324
94.41375732	0.00043808
94.43759918	0.00044988
94.46144104	0.00033444
94.48528290	0.00018997
94.50912476	0.00029896
94.53296661	0.00039707
94.55680847	0.00040657
94.58065033	0.00035441
94.60449219	0.00029326
94.62833405	0.00040817
94.65217590	0.00059954
94.67601776	0.00057723
94.69985962	0.00041916
94.72370148	0.00033999
94.74754333	0.00061753
94.77138519	0.00072367
94.79522705	0.00047340
94.81906891	0.00022794
94.84291077	0.00018753
94.86675262	0.00030164
94.89059448	0.00038628
94.91443634	0.00020552
94.93827820	0.00136457
94.96212006	0.00332481
94.98596191	0.00417983
95.00980377	0.00426309
95.03364563	0.00380307
95.05748749	0.00199293
95.08132935	0.00041421
95.10517120	0.00035384
95.12901306	0.00032496
95.15285492	0.00030295
95.17669678	0.00028193
95.20053864	0.00033337
95.22438049	0.00043105
95.24822235	0.00044717
95.27206421	0.00041765
95.29590607	0.00039073
95.31974792	0.00033985
95.34358978	0.00033451
95.36743164	0.00035538
95.39127350	0.00042606
95.41511536	0.00038902
95.43895721	0.00022068
95.46279907	0.00039002
95.48664093	0.00046376
95.51048279	0.00037320
95.53432465	0.00010588
95.55816650	0.00037874
95.58200836	0.00076236
95.60585022	0.00082894
95.62969208	0.00064785
95.65353394	0.00027042
95.67737579	0.00013997
95.70121765	0.00043612
95.72505951	0.00059388
95.74890137	0.00066158
95.77274323	0.00074127
95.79658508	0.00081283
95.82042694	0.00076076
95.84426880	0.00051433
95.86811066	0.00023742
95.89195251	0.00020745
95.91579437	0.00010590
95.93963623	0.00085940
95.96347809	0.00228765
95.98731995	0.00288305
96.01116180	0.00294802
96.03500366	0.00251590
96.05884552	0.00120789
96.08268738	0.00028623
96.10652924	0.00014222
96.13037109	0.00025465
96.15421295	0.00031766
96.17805481	0.00026577
96.20189667	0.00023382
96.22573853	0.00021883
96.24958038	0.00024265
96.27342224	0.00065210
96.29726410	0.00089889
96.32110596	0.00111320
96.34494781	0.00122943
96.36878967	0.00098701
96.39263153	0.00067607
96.41647339	0.00052462
96.44031525	0.00043652
96.46415710	0.00041569
96.48799896	0.00037908
96.51184082	0.00039936
96.53568268	0.00037267
96.55952454	0.00044934
96.58336639	0.00061348
96.60720825	0.00063690
96.63105011	0.00055235
96.65489197	0.00048641
96.67873383	0.00058040
96.70257568	0.00049493
96.72641754	0.00023454
96.75025940	0.00020504
96.77410126	0.00058208
96.79794312	0.00069552
96.82178497	0.00059270
96.84562683	0.00049793
96.86946869	0.00033818
96.89331055	0.00013445
96.91715240	0.00016667
96.94099426	0.00075162
96.96483612	0.00186821
96.98867798	0.00232338
97.01251984	0.00248858
97.03636169	0.00226573
97.06020355	0.00115724
97.08404541	0.00046416
97.10788727	0.00051431
97.13172913	0.00050325
97.15557098	0.00036785
97.17941284	0.00025469
97.20325470	0.00022488
97.22709656	0.00019444
97.25093842	0.00035561
97.27478027	0.00107461
97.29862213	0.00129748
97.32246399	0.00132047
97.34630585	0.00114637
97.37014771	0.00045001
97.39398956	0.00021187
97.41783142	0.00021475
97.44167328	0.00013110
97.46551514	0.00013355
97.48935699	0.00023299
97.51319885	0.00039215
97.53704071	0.00052035
97.56088257	0.00051283
97.58472443	0.00055267
97.60856628	0.00051732
97.63240814	0.00025136
