Частота	Канал A
(kГц)	(В)

0.00000000	2.87524700
0.02384186	1.99740000
0.04768372	1.36301900
0.07152557	0.43452800
0.09536743	0.04093702
0.11920929	0.00057689
0.14305115	0.00056016
0.16689301	0.00059072
0.19073486	0.00041285
0.21457672	0.00021208
0.23841858	0.00035080
0.26226044	0.00028140
0.28610229	0.00059195
0.30994415	0.00047319
0.33378601	0.00079682
0.35762787	0.00078805
0.38146973	0.00062270
0.40531158	0.00039430
0.42915344	0.00035854
0.45299530	0.00117656
0.47683716	0.00142135
0.50067902	0.00175182
0.52452087	0.00154048
0.54836273	0.00119335
0.57220459	0.00033152
0.59604645	0.00016992
0.61988831	0.00015536
0.64373016	0.00013021
0.66757202	0.00022061
0.69141388	0.00007777
0.71525574	0.00006367
0.73909760	0.00029185
0.76293945	0.00032270
0.78678131	0.00047231
0.81062317	0.00021608
0.83446503	0.00032054
0.85830688	0.00030091
0.88214874	0.00018095
0.90599060	0.00028702
0.92983246	0.00056843
0.95367432	0.00166946
0.97751617	0.00267002
1.00135803	0.00275254
1.02519989	0.00278889
1.04904175	0.00174328
1.07288361	0.00052684
1.09672546	0.00017167
1.12056732	0.00040935
1.14440918	0.00078066
1.16825104	0.00082679
1.19209290	0.00076344
1.21593475	0.00064613
1.23977661	0.00038449
1.26361847	0.00009675
1.28746033	0.00034670
1.31130219	0.00043030
1.33514404	0.00043605
1.35898590	0.00041577
1.38282776	0.00028809
1.40666962	0.00039344
1.43051147	0.00113831
1.45435333	0.00269200
1.47819519	0.00364337
1.50203705	0.00374638
1.52587891	0.00358284
1.54972076	0.00247328
1.57356262	0.00096815
1.59740448	0.00032281
1.62124634	0.00032981
1.64508820	0.00034723
1.66893005	0.00034611
1.69277191	0.00031271
1.71661377	0.00034429
1.74045563	0.00049097
1.76429749	0.00044295
1.78813934	0.00048521
1.81198120	0.00037691
1.83582306	0.00038174
1.85966492	0.00034102
1.88350677	0.00036745
1.90734863	0.00041006
1.93119049	0.00111451
1.95503235	0.00294588
1.97887421	0.00381699
2.00271606	0.00382955
2.02655792	0.00355411
2.05039978	0.00216083
2.07424164	0.00034917
2.09808350	0.00022480
2.12192535	0.00049268
2.14576721	0.00058660
2.16960907	0.00055120
2.19345093	0.00045271
2.21729279	0.00056903
2.24113464	0.00042998
2.26497650	0.00033695
2.28881836	0.00031259
2.31266022	0.00037994
2.33650208	0.00038126
2.36034393	0.00048272
2.38418579	0.00045894
2.40802765	0.00042327
2.43186951	0.00160223
2.45571136	0.00381182
2.47955322	0.00522135
2.50339508	0.00543995
2.52723694	0.00526865
2.55107880	0.00342648
2.57492065	0.00120559
2.59876251	0.00026751
2.62260437	0.00015804
2.64644623	0.00009212
2.67028809	0.00026484
2.69412994	0.00030140
2.71797180	0.00026884
2.74181366	0.00027248
2.76565552	0.00029737
2.78949738	0.00023981
2.81333923	0.00025917
2.83718109	0.00031182
2.86102295	0.00027690
2.88486481	0.00010642
2.90870667	0.00023075
2.93254852	0.00146001
2.95639038	0.00391101
2.98023224	0.00525760
3.00407410	0.00542473
3.02791595	0.00512697
3.05175781	0.00310191
3.07559967	0.00090309
3.09944153	0.00055536
3.12328339	0.00052445
3.14712524	0.00049643
3.17096710	0.00060534
3.19480896	0.00068641
3.21865082	0.00060955
3.24249268	0.00042391
3.26633453	0.00003989
3.29017639	0.00043249
3.31401825	0.00056568
3.33786011	0.00058053
3.36170197	0.00049635
3.38554382	0.00017600
3.40938568	0.00023503
3.43322754	0.00172217
3.45706940	0.00462463
3.48091125	0.00612452
3.50475311	0.00625483
3.52859497	0.00573152
3.55243683	0.00319655
3.57627869	0.00039215
3.60012054	0.00050277
3.62396240	0.00049955
3.64780426	0.00042945
3.67164612	0.00033497
3.69548798	0.00031048
3.71932983	0.00046670
3.74317169	0.00050719
3.76701355	0.00037183
3.79085541	0.00021162
3.81469727	0.00023154
3.83853912	0.00031605
3.86238098	0.00035681
3.88622284	0.00039970
3.91006470	0.00058113
3.93390656	0.00230474
3.95774841	0.00533909
3.98159027	0.00681354
4.00543213	0.00683308
4.02927399	0.00639206
4.05311584	0.00385604
4.07695770	0.00107183
4.10079956	0.00023849
4.12464142	0.00007061
4.14848328	0.00008023
4.17232513	0.00016980
4.19616699	0.00023338
4.22000885	0.00013022
4.24385071	0.00014277
4.26769257	0.00012355
4.29153442	0.00011690
4.31537628	0.00023382
4.33921814	0.00036862
4.36306000	0.00046386
4.38690186	0.00039977
4.41074371	0.00039980
4.43458557	0.00216742
4.45842743	0.00536233
4.48226929	0.00683336
4.50611115	0.00691055
4.52995300	0.00637788
4.55379486	0.00370661
4.57763672	0.00098890
4.60147858	0.00027872
4.62532043	0.00014645
4.64916229	0.00004388
4.67300415	0.00008463
4.69684601	0.00007533
4.72068787	0.00011234
4.74452972	0.00020125
4.76837158	0.00023691
4.79221344	0.00025284
4.81605530	0.00014157
4.83989716	0.00006826
4.86373901	0.00015541
4.88758087	0.00016330
4.91142273	0.00032796
4.93526459	0.00207594
4.95910645	0.00515178
4.98294830	0.00663683
5.00679016	0.00675274
5.03063202	0.00630239
5.05447388	0.00381005
5.07831573	0.00128782
5.10215759	0.00060405
5.12599945	0.00055284
5.14984131	0.00037743
5.17368317	0.00014936
5.19752502	0.00012689
5.22136688	0.00017740
5.24520874	0.00025361
5.26905060	0.00030773
5.29289246	0.00036734
5.31673431	0.00050001
5.34057617	0.00062102
5.36441803	0.00048014
5.38825989	0.00032633
5.41210175	0.00020798
5.43594360	0.00233753
5.45978546	0.00555455
5.48362732	0.00681337
5.50746918	0.00675923
5.53131104	0.00606858
5.55515289	0.00336125
5.57899475	0.00080897
5.60283661	0.00028951
5.62667847	0.00034129
5.65052032	0.00030245
5.67436218	0.00028923
5.69820404	0.00032402
5.72204590	0.00041835
5.74588776	0.00044395
5.76972961	0.00037664
5.79357147	0.00024554
5.81741333	0.00020082
5.84125519	0.00028756
5.86509705	0.00040864
5.88893890	0.00038118
5.91278076	0.00063756
5.93662262	0.00240420
5.96046448	0.00523554
5.98430634	0.00647516
6.00814819	0.00651470
6.03199005	0.00587738
6.05583191	0.00323635
6.07967377	0.00079924
6.10351563	0.00043330
6.12735748	0.00042003
6.15119934	0.00036286
6.17504120	0.00033112
6.19888306	0.00024075
6.22272491	0.00023284
6.24656677	0.00040015
6.27040863	0.00067624
6.29425049	0.00080647
6.31809235	0.00085369
6.34193420	0.00081744
6.36577606	0.00059442
6.38961792	0.00040029
6.41345978	0.00022562
6.43730164	0.00216456
6.46114349	0.00505539
6.48498535	0.00608183
6.50882721	0.00587939
6.53266907	0.00512086
6.55651093	0.00250776
6.58035278	0.00029839
6.60419464	0.00031893
6.62803650	0.00029064
6.65187836	0.00025726
6.67572021	0.00005342
6.69956207	0.00028284
6.72340393	0.00044437
6.74724579	0.00055021
6.77108765	0.00053547
6.79492950	0.00043792
6.81877136	0.00036844
6.84261322	0.00027650
6.86645508	0.00025932
6.89029694	0.00029890
6.91413879	0.00061448
6.93798065	0.00221739
6.96182251	0.00467475
6.98566437	0.00557982
7.00950623	0.00543854
7.03334808	0.00469593
7.05718994	0.00247239
7.08103180	0.00056992
7.10487366	0.00037258
7.12871552	0.00028633
7.15255737	0.00005181
7.17639923	0.00018646
7.20024109	0.00022847
7.22408295	0.00029743
7.24792480	0.00018569
7.27176666	0.00010124
7.29560852	0.00026381
7.31945038	0.00030997
7.34329224	0.00023757
7.36713409	0.00010796
7.39097595	0.00006956
7.41481781	0.00036993
7.43865967	0.00173690
7.46250153	0.00380458
7.48634338	0.00469060
7.51018524	0.00471838
7.53402710	0.00412003
7.55786896	0.00209811
7.58171082	0.00036161
7.60555267	0.00013071
7.62939453	0.00027266
7.65323639	0.00030069
7.67707825	0.00022474
7.70092010	0.00018096
7.72476196	0.00018694
7.74860382	0.00028422
7.77244568	0.00041462
7.79628754	0.00051736
7.82012939	0.00062446
7.84397125	0.00059314
7.86781311	0.00044669
7.89165497	0.00022659
7.91549683	0.00029015
7.93933868	0.00171344
7.96318054	0.00354200
7.98702240	0.00410479
8.01086426	0.00402342
8.03470612	0.00352135
8.05854797	0.00179944
8.08238983	0.00047424
8.10623169	0.00041852
8.13007355	0.00058297
8.15391541	0.00055075
8.17775726	0.00045896
8.20159912	0.00029235
8.22544098	0.00007486
8.24928284	0.00042186
8.27312469	0.00083817
8.29696655	0.00100754
8.32080841	0.00081345
8.34465027	0.00059484
8.36849213	0.00041794
8.39233398	0.00062506
8.41617584	0.00082145
8.44001770	0.00164313
8.46385956	0.00309838
8.48770142	0.00365518
8.51154327	0.00372844
8.53538513	0.00335583
8.55922699	0.00195689
8.58306885	0.00081146
8.60691071	0.00052982
8.63075256	0.00047078
8.65459442	0.00058720
8.67843628	0.00057213
8.70227814	0.00054238
8.72612000	0.00044343
8.74996185	0.00016888
8.77380371	0.00035849
8.79764557	0.00046180
8.82148743	0.00054120
8.84532928	0.00058662
8.86917114	0.00046011
8.89301300	0.00029745
8.91685486	0.00019586
8.94069672	0.00088197
8.96453857	0.00186989
8.98838043	0.00214729
9.01222229	0.00212058
9.03606415	0.00177488
9.05990601	0.00060825
9.08374786	0.00034471
9.10758972	0.00054113
9.13143158	0.00049942
9.15527344	0.00033749
9.17911530	0.00017316
9.20295715	0.00004439
9.22679901	0.00013833
9.25064087	0.00021781
9.27448273	0.00064946
9.29832458	0.00081834
9.32216644	0.00093228
9.34600830	0.00103739
9.36985016	0.00081665
9.39369202	0.00053923
9.41753387	0.00039517
9.44137573	0.00035159
9.46521759	0.00077134
9.48905945	0.00086731
9.51290131	0.00078303
9.53674316	0.00067374
9.56058502	0.00049577
9.58442688	0.00061913
9.60826874	0.00065267
9.63211060	0.00056707
9.65595245	0.00041198
9.67979431	0.00030319
9.70363617	0.00021455
9.72747803	0.00025418
9.75131989	0.00055023
9.77516174	0.00077835
9.79900360	0.00072439
9.82284546	0.00069227
9.84668732	0.00052124
9.87052917	0.00013251
9.89437103	0.00028591
9.91821289	0.00048245
9.94205475	0.00061189
9.96589661	0.00069497
9.98973846	0.00060967
10.01358032	0.00050227
10.03742218	0.00038383
10.06126404	0.00022735
10.08510590	0.00018319
10.10894775	0.00023753
10.13278961	0.00038356
10.15663147	0.00030271
10.18047333	0.00018844
10.20431519	0.00014428
10.22815704	0.00022290
10.25199890	0.00054037
10.27584076	0.00094484
10.29968262	0.00108124
10.32352448	0.00106172
10.34736633	0.00093270
10.37120819	0.00055875
10.39505005	0.00024417
10.41889191	0.00027729
10.44273376	0.00068615
10.46657562	0.00115482
10.49041748	0.00131722
10.51425934	0.00133749
10.53810120	0.00109183
10.56194305	0.00056312
10.58578491	0.00025134
10.60962677	0.00013835
10.63346863	0.00025620
10.65731049	0.00036299
10.68115234	0.00035596
10.70499420	0.00031795
10.72883606	0.00012739
10.75267792	0.00037225
10.77651978	0.00066429
10.80036163	0.00073584
10.82420349	0.00076149
10.84804535	0.00071145
10.87188721	0.00038574
10.89572906	0.00019007
10.91957092	0.00017130
10.94341278	0.00082141
10.96725464	0.00162051
10.99109650	0.00190365
11.01493835	0.00194919
11.03878021	0.00156799
11.06262207	0.00057797
11.08646393	0.00009243
11.11030579	0.00009494
11.13414764	0.00017376
11.15798950	0.00022332
11.18183136	0.00008739
11.20567322	0.00008317
11.22951508	0.00007884
11.25335693	0.00037098
11.27719879	0.00071737
11.30104065	0.00070906
11.32488251	0.00064753
11.34872437	0.00052085
11.37256622	0.00037849
11.39640808	0.00060785
11.42024994	0.00088899
11.44409180	0.00183827
11.46793365	0.00300300
11.49177551	0.00317370
11.51561737	0.00316685
11.53945923	0.00257215
11.56330109	0.00111815
11.58714294	0.00017752
11.61098480	0.00008307
11.63482666	0.00030662
11.65866852	0.00046005
11.68251038	0.00048734
11.70635223	0.00047597
11.73019409	0.00047281
11.75403595	0.00051545
11.77787781	0.00078363
11.80171967	0.00092812
11.82556152	0.00086723
11.84940338	0.00074043
11.87324524	0.00041930
11.89708710	0.00023599
11.92092896	0.00079877
11.94477081	0.00251654
11.96861267	0.00415842
11.99245453	0.00456593
12.01629639	0.00463667
12.04013824	0.00382279
12.06398010	0.00189108
12.08782196	0.00075380
12.11166382	0.00052525
12.13550568	0.00048405
12.15934753	0.00047654
12.18318939	0.00048809
12.20703125	0.00049863
12.23087311	0.00041741
12.25471497	0.00033362
12.27855682	0.00030430
12.30239868	0.00029219
12.32624054	0.00038308
12.35008240	0.00030440
12.37392426	0.00007094
12.39776611	0.00017704
12.42160797	0.00045926
12.44544983	0.00238513
12.46929169	0.00437879
12.49313354	0.00489453
12.51697540	0.00479946
12.54081726	0.00363927
12.56465912	0.00143239
12.58850098	0.00033389
12.61234283	0.00023155
12.63618469	0.00017015
12.66002655	0.00016332
12.68386841	0.00026305
12.70771027	0.00034231
12.73155212	0.00024655
12.75539398	0.00018697
12.77923584	0.00027396
12.80307770	0.00039992
12.82691956	0.00054649
12.85076141	0.00051668
12.87460327	0.00045541
12.89844513	0.00051545
12.92228699	0.00111615
12.94612885	0.00323525
12.96997070	0.00521796
12.99381256	0.00548697
13.01765442	0.00545138
13.04149628	0.00427255
13.06533813	0.00179189
13.08917999	0.00049229
13.11302185	0.00039344
13.13686371	0.00041893
13.16070557	0.00045477
13.18454742	0.00061626
13.20838928	0.00077060
13.23223114	0.00074898
13.25607300	0.00051424
13.27991486	0.00022164
13.30375671	0.00007140
13.32759857	0.00028553
13.35144043	0.00033010
13.37528229	0.00030040
13.39912415	0.00040241
13.42296600	0.00112667
13.44680786	0.00374681
13.47064972	0.00624887
13.49449158	0.00676712
13.51833344	0.00665294
13.54217529	0.00510589
13.56601715	0.00212859
13.58985901	0.00057881
13.61370087	0.00044076
13.63754272	0.00053339
13.66138458	0.00061944
13.68522644	0.00061529
13.70906830	0.00051487
13.73291016	0.00049870
13.75675201	0.00055220
13.78059387	0.00054054
13.80443573	0.00047067
13.82827759	0.00042905
13.85211945	0.00032559
13.87596130	0.00011932
13.89980316	0.00018145
13.92364502	0.00118357
13.94748688	0.00394801
13.97132874	0.00642645
13.99517059	0.00689358
14.01901245	0.00678708
14.04285431	0.00513046
14.06669617	0.00208984
14.09053802	0.00055915
14.11437988	0.00041240
14.13822174	0.00044582
14.16206360	0.00036561
14.18590546	0.00017341
14.20974731	0.00009634
14.23358917	0.00004337
14.25743103	0.00014787
14.28127289	0.00029536
14.30511475	0.00037982
14.32895660	0.00043285
14.35279846	0.00031991
14.37664032	0.00014562
14.40048218	0.00020299
14.42432404	0.00107690
14.44816589	0.00403435
14.47200775	0.00660753
14.49584961	0.00699081
14.51969147	0.00700444
14.54353333	0.00543518
14.56737518	0.00211255
14.59121704	0.00037858
14.61505890	0.00022120
14.63890076	0.00019986
14.66274261	0.00010428
14.68658447	0.00009016
14.71042633	0.00008908
14.73426819	0.00008196
14.75811005	0.00007230
14.78195190	0.00008700
14.80579376	0.00016023
14.82963562	0.00035361
14.85347748	0.00047508
14.87731934	0.00055597
14.90116119	0.00063058
14.92500305	0.00137702
14.94884491	0.00429732
14.97268677	0.00676671
14.99652863	0.00715660
15.02037048	0.00708463
15.04421234	0.00515566
15.06805420	0.00172415
15.09189606	0.00001430
15.11573792	0.00026503
15.13957977	0.00024544
15.16342163	0.00015294
15.18726349	0.00019627
15.21110535	0.00024919
15.23494720	0.00017832
15.25878906	0.00009161
15.28263092	0.00019253
15.30647278	0.00025317
15.33031464	0.00038785
15.35415649	0.00045711
15.37799835	0.00036019
15.40184021	0.00041193
15.42568207	0.00154062
15.44952393	0.00459611
15.47336578	0.00691591
15.49720764	0.00710362
15.52104950	0.00692979
15.54489136	0.00498439
15.56873322	0.00167024
15.59257507	0.00011617
15.61641693	0.00004178
15.64025879	0.00012378
15.66410065	0.00034808
15.68794250	0.00050344
15.71178436	0.00048769
15.73562622	0.00045965
15.75946808	0.00043566
15.78330994	0.00045396
15.80715179	0.00050939
15.83099365	0.00050189
15.85483551	0.00045971
15.87867737	0.00050069
15.90251923	0.00062018
15.92636108	0.00162576
15.95020294	0.00463620
15.97404480	0.00692019
15.99788666	0.00725606
16.02172852	0.00718304
16.04557037	0.00534090
16.06941223	0.00220723
16.09325409	0.00079604
16.11709595	0.00064089
16.14093781	0.00070922
16.16477966	0.00069081
16.18862152	0.00055197
16.21246338	0.00044772
16.23630524	0.00044936
16.26014709	0.00052863
16.28398895	0.00061014
16.30783081	0.00051987
16.33167267	0.00026114
16.35551453	0.00007557
16.37935638	0.00025174
16.40319824	0.00036605
16.42704010	0.00142193
16.45088196	0.00419381
16.47472382	0.00626766
16.49856567	0.00658467
16.52240753	0.00658280
16.54624939	0.00481211
16.57009125	0.00183662
16.59393311	0.00052505
16.61777496	0.00051173
16.64161682	0.00066316
16.66545868	0.00073867
16.68930054	0.00062464
16.71314240	0.00044905
16.73698425	0.00032362
16.76082611	0.00034085
16.78466797	0.00038170
16.80850983	0.00030547
16.83235168	0.00021673
16.85619354	0.00028690
16.88003540	0.00037932
16.90387726	0.00032721
16.92771912	0.00130448
16.95156097	0.00409618
16.97540283	0.00615583
16.99924469	0.00651822
17.02308655	0.00641172
17.04692841	0.00462188
17.07077026	0.00197327
17.09461212	0.00086402
17.11845398	0.00071252
17.14229584	0.00072025
17.16613770	0.00065738
17.18997955	0.00049204
17.21382141	0.00040764
17.23766327	0.00022971
17.26150513	0.00031743
17.28534698	0.00062286
17.30918884	0.00083764
17.33303070	0.00092835
17.35687256	0.00085370
17.38071442	0.00063130
17.40455627	0.00051897
17.42839813	0.00158859
17.45223999	0.00402304
17.47608185	0.00559939
17.49992371	0.00568504
17.52376556	0.00537132
17.54760742	0.00362023
17.57144928	0.00115239
17.59529114	0.00027132
17.61913300	0.00029193
17.64297485	0.00042054
17.66681671	0.00048966
17.69065857	0.00046302
17.71450043	0.00029155
17.73834229	0.00015547
17.76218414	0.00052807
17.78602600	0.00078438
17.80986786	0.00077480
17.83370972	0.00063056
17.85755157	0.00040835
17.88139343	0.00023685
17.90523529	0.00022044
17.92907715	0.00089911
17.95291901	0.00278336
17.97676086	0.00403200
18.00060272	0.00414396
18.02444458	0.00412359
18.04828644	0.00296568
18.07212830	0.00120978
18.09597015	0.00048937
18.11981201	0.00041767
18.14365387	0.00046591
18.16749573	0.00050414
18.19133759	0.00043086
18.21517944	0.00029926
18.23902130	0.00012435
18.26286316	0.00005586
18.28670502	0.00009199
18.31054688	0.00023072
18.33438873	0.00051481
18.35823059	0.00069730
18.38207245	0.00069334
18.40591431	0.00052901
18.42975616	0.00088359
18.45359802	0.00215452
18.47743988	0.00298879
18.50128174	0.00312398
18.52512360	0.00314135
18.54896545	0.00216330
18.57280731	0.00079644
18.59664917	0.00041917
18.62049103	0.00045001
18.64433289	0.00036296
18.66817474	0.00031212
18.69201660	0.00035523
18.71585846	0.00038607
18.73970032	0.00033485
18.76354218	0.00058137
18.78738403	0.00080088
18.81122589	0.00083453
18.83506775	0.00082094
18.85890961	0.00064948
18.88275146	0.00038778
18.90659332	0.00031043
18.93043518	0.00037834
18.95427704	0.00145577
18.97811890	0.00212745
19.00196075	0.00210288
19.02580261	0.00195145
19.04964447	0.00121958
19.07348633	0.00031787
19.09732819	0.00014621
19.12117004	0.00022100
19.14501190	0.00043867
19.16885376	0.00053614
19.19269562	0.00054457
19.21653748	0.00056422
19.24037933	0.00038023
19.26422119	0.00022609
19.28806305	0.00049459
19.31190491	0.00066549
19.33574677	0.00070565
19.35958862	0.00065759
19.38343048	0.00050986
19.40727234	0.00034353
19.43111420	0.00043589
19.45495605	0.00104110
19.47879791	0.00131905
19.50263977	0.00118929
19.52648163	0.00091624
19.55032349	0.00030137
19.57416534	0.00028994
19.59800720	0.00034365
19.62184906	0.00023077
19.64569092	0.00042790
19.66953278	0.00052641
19.69337463	0.00044926
19.71721649	0.00035269
19.74105835	0.00019475
19.76490021	0.00020798
19.78874207	0.00042910
19.81258392	0.00048888
19.83642578	0.00048063
19.86026764	0.00038651
19.88410950	0.00026770
19.90795135	0.00037033
19.93179321	0.00038713
19.95563507	0.00024823
19.97947693	0.00004452
20.00331879	0.00019297
20.02716064	0.00034961
20.05100250	0.00033474
20.07484436	0.00027118
20.09868622	0.00019870
20.12252808	0.00012323
20.14636993	0.00015069
20.17021179	0.00022344
20.19405365	0.00027924
20.21789551	0.00040179
20.24173737	0.00039002
20.26557922	0.00041030
20.28942108	0.00056795
20.31326294	0.00064041
20.33710480	0.00064123
20.36094666	0.00036256
20.38478851	0.00014022
20.40863037	0.00026634
20.43247223	0.00022807
20.45631409	0.00055654
20.48015594	0.00092124
20.50399780	0.00109905
20.52783966	0.00109638
20.55168152	0.00075785
20.57552338	0.00047406
20.59936523	0.00044387
20.62320709	0.00042279
20.64704895	0.00050765
20.67089081	0.00061322
20.69473267	0.00059320
20.71857452	0.00042371
20.74241638	0.00011002
20.76625824	0.00059634
20.79010010	0.00092858
20.81394196	0.00107448
20.83778381	0.00111426
20.86162567	0.00086380
20.88546753	0.00055266
20.90930939	0.00041455
20.93315125	0.00082355
20.95699310	0.00186520
20.98083496	0.00246657
21.00467682	0.00252612
21.02851868	0.00229391
21.05236053	0.00124081
21.07620239	0.00017224
21.10004425	0.00019548
21.12388611	0.00025155
21.14772797	0.00038500
21.17156982	0.00046274
21.19541168	0.00052694
21.21925354	0.00048757
21.24309540	0.00022316
21.26693726	0.00062351
21.29077911	0.00088708
21.31462097	0.00095185
21.33846283	0.00092816
21.36230469	0.00059268
21.38614655	0.00041120
21.40998840	0.00050509
21.43383026	0.00111628
21.45767212	0.00271429
21.48151398	0.00357201
21.50535583	0.00367127
21.52919769	0.00335491
21.55303955	0.00186666
21.57688141	0.00044887
21.60072327	0.00043994
21.62456512	0.00048654
21.64840698	0.00058496
21.67224884	0.00058067
21.69609070	0.00053654
21.71993256	0.00046719
21.74377441	0.00037766
21.76761627	0.00030072
21.79145813	0.00014086
21.81529999	0.00027087
21.83914185	0.00059780
21.86298370	0.00083508
21.88682556	0.00089431
21.91066742	0.00098381
21.93450928	0.00217038
21.95835114	0.00437778
21.98219299	0.00529935
22.00603485	0.00518145
22.02987671	0.00469687
22.05371857	0.00270682
22.07756042	0.00060515
22.10140228	0.00018483
22.12524414	0.00024481
22.14908600	0.00021224
22.17292786	0.00012536
22.19676971	0.00019314
22.22061157	0.00033640
22.24445343	0.00039084
22.26829529	0.00052554
22.29213715	0.00062668
22.31597900	0.00065043
22.33982086	0.00069610
22.36366272	0.00051572
22.38750458	0.00026097
22.41134644	0.00045598
22.43518829	0.00206692
22.45903015	0.00483547
22.48287201	0.00617509
22.50671387	0.00620906
22.53055573	0.00560755
22.55439758	0.00314977
22.57823944	0.00077748
22.60208130	0.00041150
22.62592316	0.00048868
22.64976501	0.00054426
22.67360687	0.00055731
22.69744873	0.00056355
22.72129059	0.00045578
22.74513245	0.00017111
22.76897430	0.00030269
22.79281616	0.00048830
22.81665802	0.00054948
22.84049988	0.00048766
22.86434174	0.00028364
22.88818359	0.00016106
22.91202545	0.00035906
22.93586731	0.00226031
22.95970917	0.00545737
22.98355103	0.00698364
23.00739288	0.00719543
23.03123474	0.00665051
23.05507660	0.00387283
23.07891846	0.00109731
23.10276031	0.00021298
23.12660217	0.00031182
23.15044403	0.00055018
23.17428589	0.00058647
23.19812775	0.00046360
23.22196960	0.00032498
23.24581146	0.00027552
23.26965332	0.00058436
23.29349518	0.00075877
23.31733704	0.00070653
23.34117889	0.00062616
23.36502075	0.00039751
23.38886261	0.00012138
23.41270447	0.00041087
23.43654633	0.00266425
23.46038818	0.00632836
23.48423004	0.00795037
23.50807190	0.00810274
23.53191376	0.00739333
23.55575562	0.00411550
23.57959747	0.00102625
23.60343933	0.00039943
23.62728119	0.00061121
23.65112305	0.00076081
23.67496490	0.00067287
23.69880676	0.00055272
23.72264862	0.00042566
23.74649048	0.00040119
23.77033234	0.00036530
23.79417419	0.00025766
23.81801605	0.00021259
23.84185791	0.00025214
23.86569977	0.00026807
23.88954163	0.00026830
23.91338348	0.00044417
23.93722534	0.00280522
23.96106720	0.00652457
23.98490906	0.00805896
24.00875092	0.00819252
24.03259277	0.00741303
24.05643463	0.00394841
24.08027649	0.00105965
24.10411835	0.00083015
24.12796021	0.00062101
24.15180206	0.00029405
24.17564392	0.00018456
24.19948578	0.00037236
24.22332764	0.00041258
24.24716949	0.00033098
24.27101135	0.00027029
24.29485321	0.00032821
24.31869507	0.00040801
24.34253693	0.00035886
24.36637878	0.00018964
24.39022064	0.00004643
24.41406250	0.00058507
24.43790436	0.00349952
24.46174622	0.00765140
24.48558807	0.00927049
24.50942993	0.00935785
24.53327179	0.00830530
24.55711365	0.00442362
24.58095551	0.00097486
24.60479736	0.00014793
24.62863922	0.00024534
24.65248108	0.00035924
24.67632294	0.00039721
24.70016479	0.00030848
24.72400665	0.00024458
24.74784851	0.00021022
24.77169037	0.00034632
24.79553223	0.00048587
24.81937408	0.00058454
24.84321594	0.00054868
24.86705780	0.00037970
24.89089966	0.00027823
24.91474152	0.00075414
24.93858337	0.00353669
24.96242523	0.00750598
24.98626709	0.00894251
25.01010895	0.00895713
25.03395081	0.00788654
25.05779266	0.00412425
25.08163452	0.00101058
25.10547638	0.00026706
25.12931824	0.00035211
25.15316010	0.00051764
25.17700195	0.00052584
25.20084381	0.00042151
25.22468567	0.00039636
25.24852753	0.00036137
25.27236938	0.00026135
25.29621124	0.00012928
25.32005310	0.00020397
25.34389496	0.00038549
25.36773682	0.00046686
25.39157867	0.00045998
25.41542053	0.00067907
25.43926239	0.00335386
25.46310425	0.00730630
25.48694611	0.00878577
25.51078796	0.00891909
25.53462982	0.00793533
25.55847168	0.00434966
25.58231354	0.00137295
25.60615540	0.00060374
25.62999725	0.00045259
25.65383911	0.00034283
25.67768097	0.00019094
25.70152283	0.00012668
25.72536469	0.00005024
25.74920654	0.00006246
25.77304840	0.00011104
25.79689026	0.00009591
25.82073212	0.00024402
25.84457397	0.00038903
25.86841583	0.00043502
25.89225769	0.00041587
25.91609955	0.00094427
25.93994141	0.00382676
25.96378326	0.00773508
25.98762512	0.00914414
26.01146698	0.00921395
26.03530884	0.00797025
26.05915070	0.00414001
26.08299255	0.00115887
26.10683441	0.00051225
26.13067627	0.00047725
26.15451813	0.00040566
26.17835999	0.00025317
26.20220184	0.00021778
26.22604370	0.00038524
26.24988556	0.00039388
26.27372742	0.00025147
26.29756927	0.00019410
26.32141113	0.00016414
26.34525299	0.00021272
26.36909485	0.00038952
26.39293671	0.00059620
26.41677856	0.00107759
26.44062042	0.00380522
26.46446228	0.00738397
26.48830414	0.00846116
26.51214600	0.00846973
26.53598785	0.00732920
26.55982971	0.00360524
26.58367157	0.00072489
26.60751343	0.00023541
26.63135529	0.00019327
26.65519714	0.00003743
26.67903900	0.00017856
26.70288086	0.00031209
26.72672272	0.00043167
26.75056458	0.00036355
26.77440643	0.00030147
26.79824829	0.00041205
26.82209015	0.00047462
26.84593201	0.00037176
26.86977386	0.00030252
26.89361572	0.00056373
26.91745758	0.00096464
26.94129944	0.00336966
26.96514130	0.00679330
26.98898315	0.00792007
27.01282501	0.00786953
27.03666687	0.00662502
27.06050873	0.00325840
27.08435059	0.00087834
27.10819244	0.00045422
27.13203430	0.00064135
27.15587616	0.00074587
27.17971802	0.00057652
27.20355988	0.00045891
27.22740173	0.00028393
27.25124359	0.00030430
27.27508545	0.00050070
27.29892731	0.00050460
27.32276917	0.00052492
27.34661102	0.00049829
27.37045288	0.00029022
27.39429474	0.00005731
27.41813660	0.00066294
27.44197845	0.00320882
27.46582031	0.00613389
27.48966217	0.00698632
27.51350403	0.00693856
27.53734589	0.00576208
27.56118774	0.00269903
27.58502960	0.00052738
27.60887146	0.00028376
27.63271332	0.00037762
27.65655518	0.00039026
27.68039703	0.00019703
27.70423889	0.00009975
27.72808075	0.00022233
27.75192261	0.00044570
27.77576447	0.00057098
27.79960632	0.00043320
27.82344818	0.00026569
27.84729004	0.00019700
27.87113190	0.00007892
27.89497375	0.00012359
27.91881561	0.00069978
27.94265747	0.00280647
27.96649933	0.00526875
27.99034119	0.00587948
28.01418304	0.00566800
28.03802490	0.00448036
28.06186676	0.00173286
28.08570862	0.00017565
28.10955048	0.00047898
28.13339233	0.00044169
28.15723419	0.00047014
28.18107605	0.00055637
28.20491791	0.00055635
28.22875977	0.00038838
28.25260162	0.00019201
28.27644348	0.00056168
28.30028534	0.00080079
28.32412720	0.00090086
28.34796906	0.00092288
28.37181091	0.00074599
28.39565277	0.00053866
28.41949463	0.00048917
28.44333649	0.00215859
28.46717834	0.00410233
28.49102020	0.00473935
28.51486206	0.00482436
28.53870392	0.00389785
28.56254578	0.00174571
28.58638763	0.00045935
28.61022949	0.00030090
28.63407135	0.00038517
28.65791321	0.00052054
28.68175507	0.00043820
28.70559692	0.00026585
28.72943878	0.00013942
28.75328064	0.00017101
28.77712250	0.00033502
28.80096436	0.00026587
28.82480621	0.00033777
28.84864807	0.00040140
28.87248993	0.00022785
28.89633179	0.00010234
28.92017365	0.00042509
28.94401550	0.00173175
28.96785736	0.00311368
28.99169922	0.00343361
29.01554108	0.00330345
29.03938293	0.00254397
29.06322479	0.00098667
29.08706665	0.00042397
29.11090851	0.00057128
29.13475037	0.00041651
29.15859222	0.00019804
29.18243408	0.00010165
29.20627594	0.00010240
29.23011780	0.00010447
29.25395966	0.00027095
29.27780151	0.00059258
29.30164337	0.00067646
29.32548523	0.00073266
29.34932709	0.00071898
29.37316895	0.00046081
29.39701080	0.00031265
29.42085266	0.00062205
29.44469452	0.00128337
29.46853638	0.00176803
29.49237823	0.00166836
29.51622009	0.00137603
29.54006195	0.00086903
29.56390381	0.00040182
29.58774567	0.00053721
29.61158752	0.00047026
29.63542938	0.00026052
29.65927124	0.00021829
29.68311310	0.00033954
29.70695496	0.00042029
29.73079681	0.00036027
29.75463867	0.00021330
29.77848053	0.00036397
29.80232239	0.00046321
29.82616425	0.00047039
29.85000610	0.00044825
29.87384796	0.00037623
29.89768982	0.00032236
29.92153168	0.00029400
29.94537354	0.00042301
29.96921539	0.00050665
29.99305725	0.00051667
30.01689911	0.00041742
30.04074097	0.00024974
30.06458282	0.00022951
30.08842468	0.00034982
30.11226654	0.00047182
30.13610840	0.00040679
30.15995026	0.00033979
30.18379211	0.00033161
30.20763397	0.00031866
30.23147583	0.00041815
30.25531769	0.00075217
30.27915955	0.00104132
30.30300140	0.00103134
30.32684326	0.00079734
30.35068512	0.00052943
30.37452698	0.00047773
30.39836884	0.00055068
30.42221069	0.00047750
30.44605255	0.00077116
30.46989441	0.00134580
30.49373627	0.00152654
30.51757813	0.00166063
30.54141998	0.00135155
30.56526184	0.00055059
30.58910370	0.00006004
30.61294556	0.00024035
30.63678741	0.00044915
30.66062927	0.00055714
30.68447113	0.00060462
30.70831299	0.00049472
30.73215485	0.00023418
30.75599670	0.00011489
30.77983856	0.00031247
30.80368042	0.00043344
30.82752228	0.00051904
30.85136414	0.00045384
30.87520599	0.00034808
30.89904785	0.00047421
30.92288971	0.00094230
30.94673157	0.00226785
30.97057343	0.00353939
30.99441528	0.00379048
31.01825714	0.00370234
31.04209900	0.00286489
31.06594086	0.00121175
31.08978271	0.00025603
31.11362457	0.00007097
31.13746643	0.00035707
31.16130829	0.00051535
31.18515015	0.00062238
31.20899200	0.00080023
31.23283386	0.00077302
31.25667572	0.00046603
31.28051758	0.00024963
31.30435944	0.00025185
31.32820129	0.00038217
31.35204315	0.00051357
31.37588501	0.00052956
31.39972687	0.00057023
31.42356873	0.00104595
31.44741058	0.00306753
31.47125244	0.00489562
31.49509430	0.00521183
31.51893616	0.00514026
31.54277802	0.00397263
31.56661987	0.00171452
31.59046173	0.00051553
31.61430359	0.00044729
31.63814545	0.00039573
31.66198730	0.00033452
31.68582916	0.00033304
31.70967102	0.00032269
31.73351288	0.00039194
31.75735474	0.00057756
31.78119659	0.00064413
31.80503845	0.00053028
31.82888031	0.00034925
31.85272217	0.00028853
31.87656403	0.00045794
31.90040588	0.00050809
31.92424774	0.00038368
31.94808960	0.00323379
31.97193146	0.00578991
31.99577332	0.00637489
32.01961517	0.00652348
32.04345703	0.00509545
32.06729889	0.00215050
32.09114075	0.00064581
32.11498260	0.00046315
32.13882446	0.00048887
32.16266632	0.00052064
32.18650818	0.00054107
32.21035004	0.00051411
32.23419189	0.00039488
32.25803375	0.00042047
32.28187561	0.00060292
32.30571747	0.00083143
32.32955933	0.00101186
32.35340118	0.00091571
32.37724304	0.00063071
32.40108490	0.00046237
32.42492676	0.00141724
32.44876862	0.00481481
32.47261047	0.00787877
32.49645233	0.00843862
32.52029419	0.00825660
32.54413605	0.00621414
32.56797791	0.00242803
32.59181976	0.00044210
32.61566162	0.00037858
32.63950348	0.00052071
32.66334534	0.00054766
32.68718719	0.00041291
32.71102905	0.00028362
32.73487091	0.00018383
32.75871277	0.00010502
32.78255463	0.00039090
32.80639648	0.00057820
32.83023834	0.00059472
32.85408020	0.00046924
32.87792206	0.00032027
32.90176392	0.00036829
32.92560577	0.00164854
32.94944763	0.00563013
32.97328949	0.00888492
32.99713135	0.00933535
33.02097321	0.00909184
33.04481506	0.00660083
33.06865692	0.00222978
33.09249878	0.00012203
33.11634064	0.00050012
33.14018250	0.00075692
33.16402435	0.00093421
33.18786621	0.00093965
33.21170807	0.00075058
33.23554993	0.00036205
33.25939178	0.00023483
33.28323364	0.00056034
33.30707550	0.00067287
33.33091736	0.00055217
33.35475922	0.00025668
33.37860107	0.00045946
33.40244293	0.00040988
33.42628479	0.00138010
33.45012665	0.00624116
33.47396851	0.01009821
33.49781036	0.01060215
33.52165222	0.01026043
33.54549408	0.00728592
33.56933594	0.00244309
33.59317780	0.00031016
33.61701965	0.00025965
33.64086151	0.00034069
33.66470337	0.00025486
33.68854523	0.00018782
33.71238708	0.00022814
33.73622894	0.00029147
33.76007080	0.00044603
33.78391266	0.00053607
33.80775452	0.00040833
33.83159637	0.00024160
33.85543823	0.00021618
33.87928009	0.00024948
33.90312195	0.00031951
33.92696381	0.00244379
33.95080566	0.00768299
33.97464752	0.01153262
33.99848938	0.01183103
34.02233124	0.01132103
34.04617310	0.00790014
34.07001495	0.00240967
34.09385681	0.00023473
34.11769867	0.00055292
34.14154053	0.00065811
34.16538239	0.00078846
34.18922424	0.00074288
34.21306610	0.00052444
34.23690796	0.00026176
34.26074982	0.00006512
34.28459167	0.00019906
34.30843353	0.00040491
34.33227539	0.00046447
34.35611725	0.00045978
34.37995911	0.00048469
34.40380096	0.00068148
34.42764282	0.00277972
34.45148468	0.00828334
34.47532654	0.01221319
34.49916840	0.01252919
34.52301025	0.01206421
34.54685211	0.00841907
34.57069397	0.00286755
34.59453583	0.00076630
34.61837769	0.00055358
34.64221954	0.00044234
34.66606140	0.00031715
34.68990326	0.00011469
34.71374512	0.00017297
34.73758698	0.00034297
34.76142883	0.00041175
34.78527069	0.00035325
34.80911255	0.00028769
34.83295441	0.00030075
34.85679626	0.00026847
34.88063812	0.00027340
34.90447998	0.00064455
34.92832184	0.00318138
34.95216370	0.00908797
34.97600555	0.01318025
34.99984741	0.01355384
35.02368927	0.01297203
35.04753113	0.00893350
35.07137299	0.00305187
35.09521484	0.00049526
35.11905670	0.00023887
35.14289856	0.00026596
35.16674042	0.00017036
35.19058228	0.00003245
35.21442413	0.00006988
35.23826599	0.00013504
35.26210785	0.00011954
35.28594971	0.00013265
35.30979156	0.00022089
35.33363342	0.00022123
35.35747528	0.00007646
35.38131714	0.00015488
35.40515900	0.00019042
35.42900085	0.00269488
35.45284271	0.00878154
35.47668457	0.01298380
35.50052643	0.01364132
35.52436829	0.01328504
35.54821014	0.00910004
35.57205200	0.00318643
35.59589386	0.00071691
35.61973572	0.00036044
35.64357758	0.00033506
35.66741943	0.00036769
35.69126129	0.00035858
35.71510315	0.00021821
35.73894501	0.00028545
35.76278687	0.00063089
35.78662872	0.00084756
35.81047058	0.00076671
35.83431244	0.00058679
35.85815430	0.00034073
35.88199615	0.00013704
35.90583801	0.00033959
35.92967987	0.00301111
35.95352173	0.00899892
35.97736359	0.01292338
36.00120544	0.01336188
36.02504730	0.01284310
36.04888916	0.00856386
36.07273102	0.00265224
36.09657288	0.00028162
36.12041473	0.00008086
36.14425659	0.00012945
36.16809845	0.00020056
36.19194031	0.00013904
36.21578217	0.00006567
36.23962402	0.00015478
36.26346588	0.00037180
36.28730774	0.00049863
36.31114960	0.00041930
36.33499146	0.00021530
36.35883331	0.00013684
36.38267517	0.00039743
36.40651703	0.00066322
36.43035889	0.00319521
36.45420074	0.00890364
36.47804260	0.01236690
36.50188446	0.01271082
36.52572632	0.01224775
36.54956818	0.00801624
36.57341003	0.00243003
36.59725189	0.00020697
36.62109375	0.00010820
36.64493561	0.00018598
36.66877747	0.00040504
36.69261932	0.00064395
36.71646118	0.00069924
36.74030304	0.00053130
36.76414490	0.00038316
36.78798676	0.00040304
36.81182861	0.00031985
36.83567047	0.00026019
36.85951233	0.00031787
36.88335419	0.00028596
36.90719604	0.00017641
36.93103790	0.00260858
36.95487976	0.00808696
36.97872162	0.01145472
37.00256348	0.01180515
37.02640533	0.01138266
37.05024719	0.00750645
37.07408905	0.00245195
37.09793091	0.00066758
37.12177277	0.00058939
37.14561462	0.00062676
37.16945648	0.00061113
37.19329834	0.00057515
37.21714020	0.00055428
37.24098206	0.00038730
37.26482391	0.00005361
37.28866577	0.00016837
37.31250763	0.00025076
37.33634949	0.00034425
37.36019135	0.00031082
37.38403320	0.00020187
37.40787506	0.00043543
37.43171692	0.00282387
37.45555878	0.00774648
37.47940063	0.01058234
37.50324249	0.01073087
37.52708435	0.01008018
37.55092621	0.00626950
37.57476807	0.00159566
37.59860992	0.00008622
37.62245178	0.00017927
37.64629364	0.00020135
37.67013550	0.00015282
37.69397736	0.00010701
37.71781921	0.00036018
37.74166107	0.00057037
37.76550293	0.00081026
37.78934479	0.00094392
37.81318665	0.00086292
37.83702850	0.00070322
37.86087036	0.00048814
37.88471222	0.00018909
37.90855408	0.00040309
37.93239594	0.00275144
37.95623779	0.00708434
37.98007965	0.00948481
38.00392151	0.00961412
38.02776337	0.00889661
38.05160522	0.00538067
38.07544708	0.00140162
38.09928894	0.00022061
38.12313080	0.00026547
38.14697266	0.00042882
38.17081451	0.00042692
38.19465637	0.00035449
38.21849823	0.00031881
38.24234009	0.00036009
38.26618195	0.00055418
38.29002380	0.00068508
38.31386566	0.00070241
38.33770752	0.00072794
38.36154938	0.00066289
38.38539124	0.00051058
38.40923309	0.00019534
38.43307495	0.00190683
38.45691681	0.00550630
38.48075867	0.00745693
38.50460052	0.00771971
38.52844238	0.00736028
38.55228424	0.00457580
38.57612610	0.00136553
38.59996796	0.00026457
38.62380981	0.00009299
38.64765167	0.00008350
38.67149353	0.00018801
38.69533539	0.00026295
38.71917725	0.00021401
38.74301910	0.00029126
38.76686096	0.00070319
38.79070282	0.00092482
38.81454468	0.00091441
38.83838654	0.00091460
38.86222839	0.00072615
38.88607025	0.00038064
38.90991211	0.00007158
38.93375397	0.00147696
38.95759583	0.00400919
38.98143768	0.00533195
39.00527954	0.00540765
39.02912140	0.00494815
39.05296326	0.00283193
39.07680511	0.00066683
39.10064697	0.00011343
39.12448883	0.00034581
39.14833069	0.00062115
39.17217255	0.00070345
39.19601440	0.00066728
39.21985626	0.00069587
39.24369812	0.00070199
39.26753998	0.00087831
39.29138184	0.00101306
39.31522369	0.00092178
39.33906555	0.00083937
39.36290741	0.00062081
39.38674927	0.00027155
39.41059113	0.00007560
39.43443298	0.00077992
39.45827484	0.00212332
39.48211670	0.00285902
39.50595856	0.00305325
39.52980042	0.00293854
39.55364227	0.00185991
39.57748413	0.00075244
39.60132599	0.00045713
39.62516785	0.00056853
39.64900970	0.00075709
39.67285156	0.00081361
39.69669342	0.00077282
39.72053528	0.00060098
39.74437714	0.00023343
39.76821899	0.00057146
39.79206085	0.00089651
39.81590271	0.00092422
39.83974457	0.00088498
39.86358643	0.00064760
39.88742828	0.00037432
39.91127014	0.00029023
39.93511200	0.00020906
39.95895386	0.00019386
39.98279572	0.00026897
40.00663757	0.00026854
40.03047943	0.00010441
40.05432129	0.00014262
40.07816315	0.00028709
40.10200500	0.00036355
40.12584686	0.00028515
40.14968872	0.00018889
40.17353058	0.00010068
40.19737244	0.00005612
40.22121429	0.00017836
40.24505615	0.00043098
40.26889801	0.00084053
40.29273987	0.00105845
40.31658173	0.00109485
40.34042358	0.00099408
40.36426544	0.00070478
40.38810730	0.00047211
40.41194916	0.00023657
40.43579102	0.00087860
40.45963287	0.00234478
40.48347473	0.00302690
40.50731659	0.00313391
40.53115845	0.00294029
40.55500031	0.00180380
40.57884216	0.00070774
40.60268402	0.00037959
40.62652588	0.00015997
40.65036774	0.00011035
40.67420959	0.00024783
40.69805145	0.00029106
40.72189331	0.00018465
40.74573517	0.00047253
40.76957703	0.00096380
40.79341888	0.00115423
40.81726074	0.00107322
40.84110260	0.00088201
40.86494446	0.00044421
40.88878632	0.00006014
40.91262817	0.00025265
40.93647003	0.00208207
40.96031189	0.00499880
40.98415375	0.00624038
41.00799561	0.00631231
41.03183746	0.00578395
41.05567932	0.00330455
41.07952118	0.00093417
41.10336304	0.00039578
41.12720490	0.00039760
41.15104675	0.00033091
41.17488861	0.00018254
41.19873047	0.00013477
41.22257233	0.00034537
41.24641418	0.00043319
41.27025604	0.00068306
41.29409790	0.00089730
41.31793976	0.00095867
41.34178162	0.00099157
41.36562347	0.00073790
41.38946533	0.00034674
41.41330719	0.00061922
41.43714905	0.00347523
41.46099091	0.00787018
41.48483276	0.00963398
41.50867462	0.00963435
41.53251648	0.00857889
41.55635834	0.00455616
41.58020020	0.00091283
41.60404205	0.00030224
41.62788391	0.00041396
41.65172577	0.00055011
41.67556763	0.00068278
41.69940948	0.00091996
41.72325134	0.00109729
41.74709320	0.00104955
41.77093506	0.00113079
41.79477692	0.00111497
41.81861877	0.00089036
41.84246063	0.00058791
41.86630249	0.00030321
41.89014435	0.00040207
41.91398621	0.00045938
41.93782806	0.00461108
41.96166992	0.01078040
41.98551178	0.01320954
42.00935364	0.01331239
42.03319550	0.01190181
42.05703735	0.00635188
42.08087921	0.00137367
42.10472107	0.00014300
42.12856293	0.00016803
42.15240479	0.00020886
42.17624664	0.00022531
42.20008850	0.00025440
42.22393036	0.00022124
42.24777222	0.00020378
42.27161407	0.00040518
42.29545593	0.00050807
42.31929779	0.00044464
42.34313965	0.00044410
42.36698151	0.00043201
42.39082336	0.00058043
42.41466522	0.00095704
42.43850708	0.00619995
42.46234894	0.01397088
42.48619080	0.01688053
42.51003265	0.01694489
42.53387451	0.01490087
42.55771637	0.00765399
42.58155823	0.00142212
42.60540009	0.00025700
42.62924194	0.00032638
42.65308380	0.00042755
42.67692566	0.00052457
42.70076752	0.00051424
42.72460938	0.00039213
42.74845123	0.00048355
42.77229309	0.00083738
42.79613495	0.00105937
42.81997681	0.00102880
42.84381866	0.00080986
42.86766052	0.00036071
42.89150238	0.00019578
42.91534424	0.00141030
42.93918610	0.00808089
42.96302795	0.01733841
42.98686981	0.02067321
43.01071167	0.02078220
43.03455353	0.01808982
43.05839539	0.00907154
43.08223724	0.00170874
43.10607910	0.00003520
43.12992096	0.00017004
43.15376282	0.00016392
43.17760468	0.00017379
43.20144653	0.00012348
43.22528839	0.00006485
43.24913025	0.00029423
43.27297211	0.00056111
43.29681396	0.00059421
43.32065582	0.00036870
43.34449768	0.00026269
43.36833954	0.00026184
43.39218140	0.00045698
43.41602325	0.00202589
43.43986511	0.01019175
43.46370697	0.02097375
43.48754883	0.02462154
43.51139069	0.02468434
43.53523254	0.02145303
43.55907440	0.01085680
43.58291626	0.00234985
43.60675812	0.00041591
43.63059998	0.00026011
43.65444183	0.00015933
43.67828369	0.00012040
43.70212555	0.00015618
43.72596741	0.00012226
43.74980927	0.00024254
43.77365112	0.00049023
43.79749298	0.00059817
43.82133484	0.00053366
43.84517670	0.00044355
43.86901855	0.00030002
43.89286041	0.00026085
43.91670227	0.00228363
43.94054413	0.01174584
43.96438599	0.02406065
43.98822784	0.02810694
44.01206970	0.02817537
44.03591156	0.02429125
44.05975342	0.01205012
44.08359528	0.00241601
44.10743713	0.00016685
44.13127899	0.00006987
44.15512085	0.00018391
44.17896271	0.00040556
44.20280457	0.00050147
44.22664642	0.00039664
44.25048828	0.00022324
44.27433014	0.00047479
44.29817200	0.00070937
44.32201385	0.00064404
44.34585571	0.00049654
44.36969757	0.00016454
44.39353943	0.00023986
44.41738129	0.00269235
44.44122314	0.01389316
44.46506500	0.02779448
44.48890686	0.03200395
44.51274872	0.03185286
44.53659058	0.02695325
44.56043243	0.01274847
44.58427429	0.00220972
44.60811615	0.00020685
44.63195801	0.00022916
44.65579987	0.00018531
44.67964172	0.00019157
44.70348358	0.00031773
44.72732544	0.00033831
44.75116730	0.00036165
44.77500916	0.00044175
44.79885101	0.00056252
44.82269287	0.00045181
44.84653473	0.00025860
44.87037659	0.00009242
44.89421844	0.00033190
44.91806030	0.00332402
44.94190216	0.01599243
44.96574402	0.03111201
44.98958588	0.03540125
45.01342773	0.03531196
45.03726959	0.02976185
45.06111145	0.01407257
45.08495331	0.00282310
45.10879517	0.00070407
45.13263702	0.00076497
45.15647888	0.00082607
45.18032074	0.00067334
45.20416260	0.00064120
45.22800446	0.00070115
45.25184631	0.00074396
45.27568817	0.00075901
45.29953003	0.00059661
45.32337189	0.00031592
45.34721375	0.00007249
45.37105560	0.00023081
45.39489746	0.00046237
45.41873932	0.00382266
45.44258118	0.01785096
45.46642303	0.03401720
45.49026489	0.03826280
45.51410675	0.03788337
45.53794861	0.03131288
45.56179047	0.01402378
45.58563232	0.00213235
45.60947418	0.00016355
45.63331604	0.00039604
45.65715790	0.00066356
45.68099976	0.00080174
45.70484161	0.00099041
45.72868347	0.00107961
45.75252533	0.00099795
45.77636719	0.00085660
45.80020905	0.00068847
45.82405090	0.00025215
45.84789276	0.00014179
45.87173462	0.00025917
45.89557648	0.00035039
45.91941833	0.00422131
45.94326019	0.01966820
45.96710205	0.03690557
45.99094391	0.04124204
46.01478577	0.04088957
46.03862762	0.03355430
46.06246948	0.01477971
46.08631134	0.00216545
46.11015320	0.00015680
46.13399506	0.00008004
46.15783691	0.00028856
46.18167877	0.00033079
46.20552063	0.00053301
46.22936249	0.00069981
46.25320435	0.00072749
46.27704620	0.00077197
46.30088806	0.00077200
46.32472992	0.00060202
46.34857178	0.00050326
46.37241364	0.00040741
46.39625549	0.00031498
46.42009735	0.00463210
46.44393921	0.02149406
46.46778107	0.03966209
46.49162292	0.04402700
46.51546478	0.04374778
46.53930664	0.03561460
46.56314850	0.01554691
46.58699036	0.00261029
46.61083221	0.00061614
46.63467407	0.00061689
46.65851593	0.00063803
46.68235779	0.00069138
46.70619965	0.00090746
46.73004150	0.00104771
46.75388336	0.00099709
46.77772522	0.00077241
46.80156708	0.00055190
46.82540894	0.00045516
46.84925079	0.00041951
46.87309265	0.00025166
46.89693451	0.00041146
46.92077637	0.00552275
46.94461823	0.02361929
46.96846008	0.04240265
46.99230194	0.04660027
47.01614380	0.04615775
47.03998566	0.03708417
47.06382751	0.01582493
47.08766937	0.00247903
47.11151123	0.00028433
47.13535309	0.00025512
47.15919495	0.00030995
47.18303680	0.00040987
47.20687866	0.00042261
47.23072052	0.00051562
47.25456238	0.00053238
47.27840424	0.00041115
47.30224609	0.00030214
47.32608795	0.00036314
47.34992981	0.00049457
47.37377167	0.00039064
47.39761353	0.00022202
47.42145538	0.00602870
47.44529724	0.02545328
47.46913910	0.04477781
47.49298096	0.04886622
47.51682281	0.04831516
47.54066467	0.03831094
47.56450653	0.01604369
47.58834839	0.00252624
47.61219025	0.00034127
47.63603210	0.00031035
47.65987396	0.00031577
47.68371582	0.00052444
47.70755768	0.00042271
47.73139954	0.00011896
47.75524139	0.00005772
47.77908325	0.00018072
47.80292511	0.00039521
47.82676697	0.00050081
47.85060883	0.00067104
47.87445068	0.00053643
47.89829254	0.00028520
47.92213440	0.00661440
47.94597626	0.02693516
47.96981812	0.04661418
47.99365997	0.05054010
48.01750183	0.04989645
48.04134369	0.03919950
48.06518555	0.01616393
48.08902740	0.00264592
48.11286926	0.00059447
48.13671112	0.00049390
48.16055298	0.00039785
48.18439484	0.00011838
48.20823669	0.00031197
48.23207855	0.00062014
48.25592041	0.00056457
48.27976227	0.00056163
48.30360413	0.00058731
48.32744598	0.00083785
48.35128784	0.00095515
48.37512970	0.00066867
48.39897156	0.00019511
48.42281342	0.00691943
48.44665527	0.02798685
48.47049713	0.04755298
48.49433899	0.05119815
48.51818085	0.05047028
48.54202271	0.03891001
48.56586456	0.01522859
48.58970642	0.00185092
48.61354828	0.00020751
48.63739014	0.00049376
48.66123199	0.00055811
48.68507385	0.00038832
48.70891571	0.00052492
48.73275757	0.00061750
48.75659943	0.00043177
48.78044128	0.00047325
48.80428314	0.00046151
48.82812500	0.00071425
48.85196686	0.00087841
48.87580872	0.00060836
48.89965057	0.00045659
48.92349243	0.00759908
48.94733429	0.02933064
48.97117615	0.04894255
48.99501801	0.05244558
49.01885986	0.05163576
49.04270172	0.03947451
49.06654358	0.01540200
49.09038544	0.00215707
49.11422729	0.00031645
49.13806915	0.00035364
49.16191101	0.00030584
49.18575287	0.00044614
49.20959473	0.00068431
49.23343658	0.00091631
49.25727844	0.00105714
49.28112030	0.00118278
49.30496216	0.00112604
49.32880402	0.00104855
49.35264587	0.00090046
49.37648773	0.00047149
49.40032959	0.00061634
49.42417145	0.00823287
49.44801331	0.03032284
49.47185516	0.04953120
49.49569702	0.05268514
49.51953888	0.05165592
49.54338074	0.03882331
49.56722260	0.01464698
49.59106445	0.00181642
49.61490631	0.00040082
49.63874817	0.00031055
49.66259003	0.00019253
49.68643188	0.00007282
49.71027374	0.00027422
49.73411560	0.00056806
49.75795746	0.00089332
49.78179932	0.00109626
49.80564117	0.00093999
49.82948303	0.00089305
49.85332489	0.00076002
49.87716675	0.00047808
49.90100861	0.00051434
49.92485046	0.00819754
49.94869232	0.03044450
49.97253418	0.04918490
49.99637604	0.05221556
50.02021790	0.05129583
50.04405975	0.03804404
50.06790161	0.01396880
50.09174347	0.00178552
50.11558533	0.00045613
50.13942719	0.00052490
50.16326904	0.00050587
50.18711090	0.00028189
50.21095276	0.00023321
50.23479462	0.00021313
50.25863647	0.00012294
50.28247833	0.00036604
50.30632019	0.00038181
50.33016205	0.00071151
50.35400391	0.00091679
50.37784576	0.00071003
50.40168762	0.00063674
50.42552948	0.00873410
50.44937134	0.03129792
50.47321320	0.04947972
50.49705505	0.05201444
50.52089691	0.05085652
50.54473877	0.03725522
50.56858063	0.01350905
50.59242249	0.00196251
50.61626434	0.00078319
50.64010620	0.00084740
50.66394806	0.00067079
50.68778992	0.00059404
50.71163177	0.00080630
50.73547363	0.00102301
50.75931549	0.00126300
50.78315735	0.00127839
50.80699921	0.00116602
50.83084106	0.00126649
50.85468292	0.00119744
50.87852478	0.00086660
50.90236664	0.00042018
50.92620850	0.00900921
50.95005035	0.03154198
50.97389221	0.04911391
50.99773407	0.05153188
51.02157593	0.05029941
51.04541779	0.03637611
51.06925964	0.01304002
51.09310150	0.00221163
51.11694336	0.00115399
51.14078522	0.00095562
51.16462708	0.00061918
51.18846893	0.00023327
51.21231079	0.00010905
51.23615265	0.00021298
51.25999451	0.00047522
51.28383636	0.00083410
51.30767822	0.00103967
51.33152008	0.00133645
51.35536194	0.00137519
51.37920380	0.00084828
51.40304565	0.00064692
51.42688751	0.00936621
51.45072937	0.03139799
51.47457123	0.04772305
51.49841309	0.04948502
51.52225494	0.04796036
51.54609680	0.03386590
51.56993866	0.01129235
51.59378052	0.00112644
51.61762238	0.00019153
51.64146423	0.00050801
51.66530609	0.00068677
51.68914795	0.00084422
51.71298981	0.00092899
51.73683167	0.00092069
51.76067352	0.00091886
51.78451538	0.00098265
51.80835724	0.00094485
51.83219910	0.00100925
51.85604095	0.00100426
51.87988281	0.00061452
51.90372467	0.00071919
51.92756653	0.00954082
51.95140839	0.03109642
51.97525024	0.04661454
51.99909210	0.04832793
52.02293396	0.04676067
52.04677582	0.03258744
52.07061768	0.01071418
52.09445953	0.00102676
52.11830139	0.00023613
52.14214325	0.00034875
52.16598511	0.00034686
52.18982697	0.00043682
52.21366882	0.00052356
52.23751068	0.00060051
52.26135254	0.00085370
52.28519440	0.00090607
52.30903625	0.00072580
52.33287811	0.00095072
52.35671997	0.00103531
52.38056183	0.00078273
52.40440369	0.00069653
52.42824554	0.00940375
52.45208740	0.03027323
52.47592926	0.04475212
52.49977112	0.04636001
52.52361298	0.04486573
52.54745483	0.03084802
52.57129669	0.01003126
52.59513855	0.00127329
52.61898041	0.00038127
52.64282227	0.00032973
52.66666412	0.00047956
52.69050598	0.00069461
52.71434784	0.00088349
52.73818970	0.00093455
52.76203156	0.00082342
52.78587341	0.00072787
52.80971527	0.00063174
52.83355713	0.00081964
52.85739899	0.00091640
52.88124084	0.00065788
52.90508270	0.00083841
52.92892456	0.00945347
52.95276642	0.02936625
52.97660828	0.04256520
53.00045013	0.04371154
53.02429199	0.04200487
53.04813385	0.02826489
53.07197571	0.00860814
53.09581757	0.00060571
53.11965942	0.00017790
53.14350128	0.00035732
53.16734314	0.00052156
53.19118500	0.00068702
53.21502686	0.00079754
53.23886871	0.00089207
53.26271057	0.00085900
53.28655243	0.00071340
53.31039429	0.00070803
53.33423615	0.00095993
53.35807800	0.00106228
53.38191986	0.00070932
53.40576172	0.00067359
53.42960358	0.00922950
53.45344543	0.02805248
53.47728729	0.04020496
53.50112915	0.04128887
53.52497101	0.03956662
53.54881287	0.02631380
53.57265472	0.00799969
53.59649658	0.00064664
53.62033844	0.00025495
53.64418030	0.00027109
53.66802216	0.00026299
53.69186401	0.00026615
53.71570587	0.00018923
53.73954773	0.00040995
53.76338959	0.00061645
53.78723145	0.00068622
53.81107330	0.00076140
53.83491516	0.00094529
53.85875702	0.00095142
53.88259888	0.00071286
53.90644073	0.00049717
53.93028259	0.00877975
53.95412445	0.02634777
53.97796631	0.03722510
54.00180817	0.03814713
54.02565002	0.03645172
54.04949188	0.02393049
54.07333374	0.00728936
54.09717560	0.00115993
54.12101746	0.00061849
54.14485931	0.00034584
54.16870117	0.00032385
54.19254303	0.00073652
54.21638489	0.00096148
54.24022675	0.00101188
54.26406860	0.00098138
54.28791046	0.00082320
54.31175232	0.00065946
54.33559418	0.00063442
54.35943604	0.00062277
54.38327789	0.00048347
54.40711975	0.00070509
54.43096161	0.00852451
54.45480347	0.02462176
54.47864532	0.03416872
54.50248718	0.03499289
54.52632904	0.03343502
54.55017090	0.02163779
54.57401276	0.00646731
54.59785461	0.00094032
54.62169647	0.00046607
54.64553833	0.00034133
54.66938019	0.00035666
54.69322205	0.00037461
54.71706390	0.00018345
54.74090576	0.00007732
54.76474762	0.00016816
54.78858948	0.00017165
54.81243134	0.00036847
54.83627319	0.00066322
54.86011505	0.00080455
54.88395691	0.00076445
54.90779877	0.00116995
54.93164063	0.00828399
54.95548248	0.02291334
54.97932434	0.03134632
55.00316620	0.03196574
55.02700806	0.03027870
55.05084991	0.01921317
55.07469177	0.00552361
55.09853363	0.00066021
55.12237549	0.00022039
55.14621735	0.00020131
55.17005920	0.00048997
55.19390106	0.00055676
55.21774292	0.00035903
55.24158478	0.00030782
55.26542664	0.00048795
55.28926849	0.00068426
55.31311035	0.00065880
55.33695221	0.00044235
55.36079407	0.00029265
55.38463593	0.00021017
55.40847778	0.00075136
55.43231964	0.00753503
55.45616150	0.02060062
55.48000336	0.02778110
55.50384521	0.02837710
55.52768707	0.02686058
55.55152893	0.01675193
55.57537079	0.00464454
55.59921265	0.00033264
55.62305450	0.00028048
55.64689636	0.00055551
55.67073822	0.00075562
55.69458008	0.00084981
55.71842194	0.00079549
55.74226379	0.00080042
55.76610565	0.00090852
55.78994751	0.00092248
55.81378937	0.00069334
55.83763123	0.00035709
55.86147308	0.00036240
55.88531494	0.00056332
55.90915680	0.00063485
55.93299866	0.00676173
55.95684052	0.01833007
55.98068237	0.02435751
56.00452423	0.02467772
56.02836609	0.02315504
56.05220795	0.01410936
56.07604980	0.00380816
56.09989166	0.00061656
56.12373352	0.00044304
56.14757538	0.00017954
56.17141724	0.00015651
56.19525909	0.00037260
56.21910095	0.00042652
56.24294281	0.00030769
56.26678467	0.00023582
56.29062653	0.00040789
56.31446838	0.00037766
56.33831024	0.00027641
56.36215210	0.00010640
56.38599396	0.00019476
56.40983582	0.00086115
56.43367767	0.00626897
56.45751953	0.01617944
56.48136139	0.02125866
56.50520325	0.02161275
56.52904510	0.02020784
56.55288696	0.01211106
56.57672882	0.00301714
56.60057068	0.00030929
56.62441254	0.00037795
56.64825439	0.00030312
56.67209625	0.00008139
56.69593811	0.00017441
56.71977997	0.00029808
56.74362183	0.00053224
56.76746368	0.00077381
56.79130554	0.00079143
56.81514740	0.00068861
56.83898926	0.00062985
56.86283112	0.00045152
56.88667297	0.00024480
56.91051483	0.00071592
56.93435669	0.00567054
56.95819855	0.01414159
56.98204041	0.01822567
57.00588226	0.01833414
57.02972412	0.01691797
57.05356598	0.00984594
57.07740784	0.00218759
57.10124969	0.00024784
57.12509155	0.00048543
57.14893341	0.00060377
57.17277527	0.00056028
57.19661713	0.00031731
57.22045898	0.00013188
57.24430084	0.00013150
57.26814270	0.00054760
57.29198456	0.00078452
57.31582642	0.00071509
57.33966827	0.00053758
57.36351013	0.00022864
57.38735199	0.00007447
57.41119385	0.00039318
57.43503571	0.00437350
57.45887756	0.01127865
57.48271942	0.01446480
57.50656128	0.01454043
57.53040314	0.01333253
57.55424500	0.00762896
57.57808685	0.00176454
57.60192871	0.00026844
57.62577057	0.00041863
57.64961243	0.00045200
57.67345428	0.00043391
57.69729614	0.00043983
57.72113800	0.00042033
57.74497986	0.00049336
57.76882172	0.00068267
57.79266357	0.00085482
57.81650543	0.00084193
57.84034729	0.00072949
57.86418915	0.00050261
57.88803101	0.00024849
57.91187286	0.00050836
57.93571472	0.00383664
57.95955658	0.00918073
57.98339844	0.01153287
58.00724030	0.01167456
58.03108215	0.01068354
58.05492401	0.00607242
58.07876587	0.00149917
58.10260773	0.00040858
58.12644958	0.00045399
58.15029144	0.00037642
58.17413330	0.00029233
58.19797516	0.00018965
58.22181702	0.00022743
58.24565887	0.00024353
58.26950073	0.00046546
58.29334259	0.00062982
58.31718445	0.00065670
58.34102631	0.00068028
58.36486816	0.00040235
58.38871002	0.00005119
58.41255188	0.00044763
58.43639374	0.00281602
58.46023560	0.00655686
58.48407745	0.00813152
58.50791931	0.00810671
58.53176117	0.00722539
58.55560303	0.00379902
58.57944489	0.00055767
58.60328674	0.00033096
58.62712860	0.00044254
58.65097046	0.00051354
58.67481232	0.00049771
58.69865417	0.00041856
58.72249603	0.00042382
58.74633789	0.00075907
58.77017975	0.00129368
58.79402161	0.00152037
58.81786346	0.00150524
58.84170532	0.00125853
58.86554718	0.00072442
58.88938904	0.00037959
58.91323090	0.00061085
58.93707275	0.00217972
58.96091461	0.00462291
58.98475647	0.00560495
59.00859833	0.00551773
59.03244019	0.00484623
59.05628204	0.00256886
59.08012390	0.00048635
59.10396576	0.00024257
59.12780762	0.00026095
59.15164948	0.00029397
59.17549133	0.00021937
59.19933319	0.00022075
59.22317505	0.00036324
59.24701691	0.00064511
59.27085876	0.00097052
59.29470062	0.00102972
59.31854248	0.00085312
59.34238434	0.00066172
59.36622620	0.00038022
59.39006805	0.00020908
59.41390991	0.00016067
59.43775177	0.00057471
59.46159363	0.00173905
59.48543549	0.00216856
59.50927734	0.00224299
59.53311920	0.00208768
59.55696106	0.00107164
59.58080292	0.00030004
59.60464478	0.00040004
59.62848663	0.00043380
59.65232849	0.00031983
59.67617035	0.00031872
59.70001221	0.00034642
59.72385406	0.00039773
59.74769592	0.00067714
59.77153778	0.00108490
59.79537964	0.00112166
59.81922150	0.00091278
59.84306335	0.00074731
59.86690521	0.00042613
59.89074707	0.00040580
59.91458893	0.00045353
59.93843079	0.00028993
59.96227264	0.00011667
59.98611450	0.00006167
60.00995636	0.00006146
60.03379822	0.00016258
60.05764008	0.00025333
60.08148193	0.00022713
60.10532379	0.00019630
60.12916565	0.00017185
60.15300751	0.00036640
60.17684937	0.00064937
60.20069122	0.00091586
60.22453308	0.00092210
60.24837494	0.00046633
60.27221680	0.00032955
60.29605865	0.00073036
60.31990051	0.00086333
60.34374237	0.00076760
60.36758423	0.00027510
60.39142609	0.00040647
60.41526794	0.00070968
60.43910980	0.00125553
60.46295166	0.00197050
60.48679352	0.00210178
60.51063538	0.00201122
60.53447723	0.00177214
60.55831909	0.00095055
60.58216095	0.00027601
60.60600281	0.00017718
60.62984467	0.00026611
60.65368652	0.00034845
60.67752838	0.00039534
60.70137024	0.00037764
60.72521210	0.00011512
60.74905396	0.00045363
60.77289581	0.00097101
60.79673767	0.00118081
60.82057953	0.00116656
60.84442139	0.00094869
60.86826324	0.00044960
60.89210510	0.00037423
60.91594696	0.00060811
60.93978882	0.00190837
60.96363068	0.00364263
60.98747253	0.00413115
61.01131439	0.00410512
61.03515625	0.00362610
61.05899811	0.00190110
61.08283997	0.00053468
61.10668182	0.00018387
61.13052368	0.00008637
61.15436554	0.00011247
61.17820740	0.00019724
61.20204926	0.00027648
61.22589111	0.00027851
61.24973297	0.00053989
61.27357483	0.00099391
61.29741669	0.00113018
61.32125854	0.00110990
61.34510040	0.00102070
61.36894226	0.00058656
61.39278412	0.00018748
61.41662598	0.00035198
61.44046783	0.00223032
61.46430969	0.00477381
61.48815155	0.00556372
61.51199341	0.00555815
61.53583527	0.00488635
61.55967712	0.00246574
61.58351898	0.00079942
61.60736084	0.00061626
61.63120270	0.00061115
61.65504456	0.00070447
61.67888641	0.00082888
61.70272827	0.00097356
61.72657013	0.00090930
61.75041199	0.00041131
61.77425385	0.00031723
61.79809570	0.00050274
61.82193756	0.00063925
61.84577942	0.00054535
61.86962128	0.00008314
61.89346313	0.00028951
61.91730499	0.00083198
61.94114685	0.00327441
61.96498871	0.00628579
61.98883057	0.00716023
62.01267242	0.00719241
62.03651428	0.00611592
62.06035614	0.00279749
62.08419800	0.00030206
62.10803986	0.00039582
62.13188171	0.00032821
62.15572357	0.00020207
62.17956543	0.00014827
62.20340729	0.00020801
62.22724915	0.00007514
62.25109100	0.00036959
62.27493286	0.00073981
62.29877472	0.00080835
62.32261658	0.00082990
62.34645844	0.00077047
62.37030029	0.00052512
62.39414215	0.00035451
62.41798401	0.00058442
62.44182587	0.00366935
62.46566772	0.00744979
62.48950958	0.00860350
62.51335144	0.00866962
62.53719330	0.00743977
62.56103516	0.00367147
62.58487701	0.00088982
62.60871887	0.00039100
62.63256073	0.00039892
62.65640259	0.00038652
62.68024445	0.00035356
62.70408630	0.00039568
62.72792816	0.00031395
62.75177002	0.00038726
62.77561188	0.00080190
62.79945374	0.00091630
62.82329559	0.00089858
62.84713745	0.00077272
62.87097931	0.00043001
62.89482117	0.00025855
62.91866302	0.00074802
62.94250488	0.00411316
62.96634674	0.00815771
62.99018860	0.00937448
63.01403046	0.00945485
63.03787231	0.00806678
63.06171417	0.00403630
63.08555603	0.00123230
63.10939789	0.00085528
63.13323975	0.00076846
63.15708160	0.00045190
63.18092346	0.00006880
63.20476532	0.00031716
63.22860718	0.00050937
63.25244904	0.00056078
63.27629089	0.00056795
63.30013275	0.00047494
63.32397461	0.00053487
63.34781647	0.00065275
63.37165833	0.00060724
63.39550018	0.00051340
63.41934204	0.00057442
63.44318390	0.00430128
63.46702576	0.00847241
63.49086761	0.00957521
63.51470947	0.00952581
63.53855133	0.00778480
63.56239319	0.00337062
63.58623505	0.00064280
63.61007690	0.00049447
63.63391876	0.00040734
63.65776062	0.00028670
63.68160248	0.00044134
63.70544434	0.00061232
63.72928619	0.00068996
63.75312805	0.00052440
63.77696991	0.00039336
63.80081177	0.00045789
63.82465363	0.00058937
63.84849548	0.00060718
63.87233734	0.00040641
63.89617920	0.00042823
63.92002106	0.00128999
63.94386292	0.00502173
63.96770477	0.00905664
63.99154663	0.00990427
64.01538849	0.00967167
64.03923035	0.00781867
64.06307220	0.00338080
64.08691406	0.00063109
64.11075592	0.00026647
64.13459778	0.00023514
64.15843964	0.00023608
64.18228149	0.00031637
64.20612335	0.00043828
64.22996521	0.00035939
64.25380707	0.00032310
64.27764893	0.00035886
64.30149078	0.00032627
64.32533264	0.00016819
64.34917450	0.00032931
64.37301636	0.00036073
64.39685822	0.00025241
64.42070007	0.00120532
64.44454193	0.00528956
64.46838379	0.00931300
64.49222565	0.01020176
64.51606750	0.01019806
64.53990936	0.00833540
64.56375122	0.00386662
64.58759308	0.00101536
64.61143494	0.00045694
64.63527679	0.00038006
64.65911865	0.00032109
64.68296051	0.00019172
64.70680237	0.00015227
64.73064423	0.00025819
64.75448608	0.00026469
64.77832794	0.00014187
64.80216980	0.00013254
64.82601166	0.00029846
64.84985352	0.00025306
64.87369537	0.00013623
64.89753723	0.00005538
64.92137909	0.00102450
64.94522095	0.00476668
64.96906281	0.00862057
64.99290466	0.00945448
65.01674652	0.00944304
65.04058838	0.00760690
65.06443024	0.00318765
65.08827209	0.00050870
65.11211395	0.00024130
65.13595581	0.00013605
65.15979767	0.00011092
65.18363953	0.00031059
65.20748138	0.00050709
65.23132324	0.00052229
65.25516510	0.00032171
65.27900696	0.00008495
65.30284882	0.00014449
65.32669067	0.00034367
65.35053253	0.00035240
65.37437439	0.00030936
65.39821625	0.00015264
65.42205811	0.00117152
65.44589996	0.00507531
65.46974182	0.00876837
65.49358368	0.00950703
65.51742554	0.00930457
65.54126740	0.00715439
65.56510925	0.00274951
65.58895111	0.00011587
65.61279297	0.00033286
65.63663483	0.00034567
65.66047668	0.00034290
65.68431854	0.00036745
65.70816040	0.00043221
65.73200226	0.00041423
65.75584412	0.00026633
65.77968597	0.00026958
65.80352783	0.00035275
65.82736969	0.00049790
65.85121155	0.00058426
65.87505341	0.00047887
65.89889526	0.00028099
65.92273712	0.00097670
65.94657898	0.00439659
65.97042084	0.00771873
65.99426270	0.00847010
66.01810455	0.00856734
66.04194641	0.00686750
66.06578827	0.00304337
66.08963013	0.00085258
66.11347198	0.00043848
66.13731384	0.00045023
66.16115570	0.00059944
66.18499756	0.00083764
66.20883942	0.00090591
66.23268127	0.00068633
66.25652313	0.00031357
66.28036499	0.00028904
66.30420685	0.00034864
66.32804871	0.00027698
66.35189056	0.00027259
66.37573242	0.00030415
66.39957428	0.00036657
66.42341614	0.00134622
66.44725800	0.00458943
66.47109985	0.00739566
66.49494171	0.00787757
66.51878357	0.00782581
66.54262543	0.00608540
66.56646729	0.00254793
66.59030914	0.00070051
66.61415100	0.00043292
66.63799286	0.00027518
66.66183472	0.00021151
66.68567657	0.00037359
66.70951843	0.00043969
66.73336029	0.00032652
66.75720215	0.00027170
66.78104401	0.00051835
66.80488586	0.00068988
66.82872772	0.00074533
66.85256958	0.00062534
66.87641144	0.00029241
66.90025330	0.00006157
66.92409515	0.00097492
66.94793701	0.00378769
66.97177887	0.00628933
66.99562073	0.00675684
67.01946259	0.00670318
67.04330444	0.00511917
67.06714630	0.00190073
67.09098816	0.00006877
67.11483002	0.00035167
67.13867188	0.00061384
67.16251373	0.00078928
67.18635559	0.00082756
67.21019745	0.00078257
67.23403931	0.00067613
67.25788116	0.00068408
67.28172302	0.00086932
67.30556488	0.00096399
67.32940674	0.00089203
67.35324860	0.00062945
67.37709045	0.00030404
67.40093231	0.00020490
67.42477417	0.00107159
67.44861603	0.00343456
67.47245789	0.00543779
67.49629974	0.00565961
67.52014160	0.00545896
67.54398346	0.00403464
67.56782532	0.00149247
67.59166718	0.00056946
67.61550903	0.00056053
67.63935089	0.00049212
67.66319275	0.00043312
67.68703461	0.00020187
67.71087646	0.00009011
67.73471832	0.00022658
67.75856018	0.00071486
67.78240204	0.00107386
67.80624390	0.00107831
67.83008575	0.00092457
67.85392761	0.00055827
67.87776947	0.00006355
67.90161133	0.00011359
67.92545319	0.00065662
67.94929504	0.00271084
67.97313690	0.00431787
67.99697876	0.00451596
68.02082062	0.00437710
68.04466248	0.00308199
68.06850433	0.00094920
68.09234619	0.00029054
68.11618805	0.00025777
68.14002991	0.00009543
68.16387177	0.00005358
68.18771362	0.00012128
68.21155548	0.00013580
68.23539734	0.00021359
68.25923920	0.00052616
68.28308105	0.00078534
68.30692291	0.00074938
68.33076477	0.00068993
68.35460663	0.00060816
68.37844849	0.00046708
68.40229034	0.00035791
68.42613220	0.00064391
68.44997406	0.00224248
68.47381592	0.00342705
68.49765778	0.00354599
68.52149963	0.00350348
68.54534149	0.00257733
68.56918335	0.00098464
68.59302521	0.00035020
68.61686707	0.00038348
68.64070892	0.00030399
68.66455078	0.00022978
68.68839264	0.00033340
68.71223450	0.00038995
68.73607635	0.00031304
68.75991821	0.00049369
68.78376007	0.00072978
68.80760193	0.00064166
68.83144379	0.00054171
68.85528564	0.00036109
68.87912750	0.00033132
68.90296936	0.00040307
68.92681122	0.00027504
68.95065308	0.00138815
68.97449493	0.00220927
68.99833679	0.00229179
69.02217865	0.00217473
69.04602051	0.00136871
69.06986237	0.00011730
69.09370422	0.00037600
69.11754608	0.00027566
69.14138794	0.00034953
69.16522980	0.00045400
69.18907166	0.00046915
69.21291351	0.00040479
69.23675537	0.00016356
69.26059723	0.00075708
69.28443909	0.00124940
69.30828094	0.00139138
69.33212280	0.00143977
69.35596466	0.00113757
69.37980652	0.00050256
69.40364838	0.00013646
69.42749023	0.00006762
69.45133209	0.00033510
69.47517395	0.00054097
69.49901581	0.00061628
69.52285767	0.00070297
69.54669952	0.00045667
69.57054138	0.00019462
69.59438324	0.00035260
69.61822510	0.00045976
69.64206696	0.00053801
69.66590881	0.00060107
69.68975067	0.00065054
69.71359253	0.00061163
69.73743439	0.00024090
69.76127625	0.00052112
69.78511810	0.00106136
69.80895996	0.00119174
69.83280182	0.00111961
69.85664368	0.00077098
69.88048553	0.00049622
69.90432739	0.00063584
69.92816925	0.00068595
69.95201111	0.00076732
69.97585297	0.00077484
69.99969482	0.00070929
70.02353668	0.00061523
70.04737854	0.00037977
70.07122040	0.00008946
70.09506226	0.00023366
70.11890411	0.00033015
70.14274597	0.00032839
70.16658783	0.00029024
70.19042969	0.00018882
70.21427155	0.00016801
70.23811340	0.00040263
70.26195526	0.00105054
70.28579712	0.00147105
70.30963898	0.00143998
70.33348083	0.00138448
70.35732269	0.00102095
70.38116455	0.00045903
70.40500641	0.00032019
70.42884827	0.00045823
70.45269012	0.00097558
70.47653198	0.00136080
70.50037384	0.00141868
70.52421570	0.00137446
70.54805756	0.00102085
70.57189941	0.00056168
70.59574127	0.00025663
70.61958313	0.00004971
70.64342499	0.00007507
70.66726685	0.00026083
70.69110870	0.00049206
70.71495056	0.00059813
70.73879242	0.00081003
70.76263428	0.00123242
70.78647614	0.00135539
70.81031799	0.00116684
70.83415985	0.00105991
70.85800171	0.00077190
70.88184357	0.00033561
70.90568542	0.00029242
70.92952728	0.00066044
70.95336914	0.00164329
70.97721100	0.00235645
71.00105286	0.00243792
71.02489471	0.00229677
71.04873657	0.00153362
71.07257843	0.00054655
71.09642029	0.00019524
71.12026215	0.00015554
71.14410400	0.00014197
71.16794586	0.00016848
71.19178772	0.00013311
71.21562958	0.00008217
71.23947144	0.00014417
71.26331329	0.00064424
71.28715515	0.00101497
71.31099701	0.00112241
71.33483887	0.00115216
71.35868073	0.00081380
71.38252258	0.00039713
71.40636444	0.00049741
71.43020630	0.00101293
71.45404816	0.00225301
71.47789001	0.00295892
71.50173187	0.00297810
71.52557373	0.00287441
71.54941559	0.00189930
71.57325745	0.00066895
71.59709930	0.00031940
71.62094116	0.00039039
71.64478302	0.00052037
71.66862488	0.00067866
71.69246674	0.00083808
71.71630859	0.00088375
71.74015045	0.00069859
71.76399231	0.00054958
71.78783417	0.00073495
71.81167603	0.00083400
71.83551788	0.00093143
71.85935974	0.00073694
71.88320160	0.00037236
71.90704346	0.00021491
71.93088531	0.00075977
71.95472717	0.00247874
71.97856903	0.00356311
72.00241089	0.00368150
72.02625275	0.00348377
72.05009460	0.00215750
72.07393646	0.00063526
72.09777832	0.00061587
72.12162018	0.00060104
72.14546204	0.00047920
72.16930389	0.00048849
72.19314575	0.00059152
72.21698761	0.00067195
72.24082947	0.00072523
72.26467133	0.00094059
72.28851318	0.00109277
72.31235504	0.00104425
72.33619690	0.00096537
72.36003876	0.00061266
72.38388062	0.00006268
72.40772247	0.00039024
72.43156433	0.00140892
72.45540619	0.00341825
72.47924805	0.00460561
72.50308990	0.00459825
72.52693176	0.00410357
72.55077362	0.00238706
72.57461548	0.00035508
72.59845734	0.00049529
72.62229919	0.00056118
72.64614105	0.00051022
72.66998291	0.00056341
72.69382477	0.00061015
72.71766663	0.00062187
72.74150848	0.00066112
72.76535034	0.00103576
72.78919220	0.00122009
72.81303406	0.00113464
72.83687592	0.00100393
72.86071777	0.00058764
72.88455963	0.00020007
72.90840149	0.00047849
72.93224335	0.00167642
72.95608521	0.00396307
72.97992706	0.00517478
73.00376892	0.00512958
73.02761078	0.00482658
73.05145264	0.00315709
73.07529449	0.00108798
73.09913635	0.00047576
73.12297821	0.00030425
73.14682007	0.00014969
73.17066193	0.00008460
73.19450378	0.00032714
73.21834564	0.00046762
73.24218750	0.00028164
73.26602936	0.00007802
73.28987122	0.00028319
73.31371307	0.00052669
73.33755493	0.00076472
73.36139679	0.00072340
73.38523865	0.00048757
73.40908051	0.00009095
73.43292236	0.00121262
73.45676422	0.00358799
73.48060608	0.00485128
73.50444794	0.00479821
73.52828979	0.00443381
73.55213165	0.00272378
73.57597351	0.00079011
73.59981537	0.00028255
73.62365723	0.00033501
73.64749908	0.00027879
73.67134094	0.00018994
73.69518280	0.00024517
73.71902466	0.00023058
73.74286652	0.00028330
73.76670837	0.00047159
73.79055023	0.00051012
73.81439209	0.00053541
73.83823395	0.00066074
73.86207581	0.00060568
73.88591766	0.00056064
73.90975952	0.00064362
73.93360138	0.00144380
73.95744324	0.00398288
73.98128510	0.00533922
74.00512695	0.00557423
74.02896881	0.00542858
74.05281067	0.00355310
74.07665253	0.00132844
74.10049438	0.00060694
74.12433624	0.00050402
74.14817810	0.00044137
74.17201996	0.00041493
74.19586182	0.00034834
74.21970367	0.00038199
74.24354553	0.00041277
74.26738739	0.00045209
74.29122925	0.00039807
74.31507111	0.00039850
74.33891296	0.00054815
74.36275482	0.00045680
74.38659668	0.00028850
74.41043854	0.00026140
74.43428040	0.00168816
74.45812225	0.00421694
74.48196411	0.00540588
74.50580597	0.00536211
74.52964783	0.00494272
74.55348969	0.00289948
74.57733154	0.00066276
74.60117340	0.00014880
74.62501526	0.00023812
74.64885712	0.00031269
74.67269897	0.00039065
74.69654083	0.00044549
74.72038269	0.00040172
74.74422455	0.00037514
74.76806641	0.00033563
74.79190826	0.00032108
74.81575012	0.00032232
74.83959198	0.00034126
74.86343384	0.00035729
74.88727570	0.00034848
74.91111755	0.00017062
74.93495941	0.00137073
74.95880127	0.00400178
74.98264313	0.00528959
75.00648499	0.00544015
75.03032684	0.00502167
75.05416870	0.00283901
75.07801056	0.00064428
75.10185242	0.00045560
75.12569427	0.00041347
75.14953613	0.00028148
75.17337799	0.00029003
75.19721985	0.00037837
75.22106171	0.00038451
75.24490356	0.00040050
75.26874542	0.00032526
75.29258728	0.00030458
75.31642914	0.00032081
75.34027100	0.00022005
75.36411285	0.00015079
75.38795471	0.00015043
75.41179657	0.00024601
75.43563843	0.00160836
75.45948029	0.00405815
75.48332214	0.00523562
75.50716400	0.00533986
75.53100586	0.00487208
75.55484772	0.00277970
75.57868958	0.00075233
75.60253143	0.00023662
75.62637329	0.00000380
75.65021515	0.00032370
75.67405701	0.00060905
75.69789886	0.00065928
75.72174072	0.00059386
75.74558258	0.00048695
75.76942444	0.00024698
75.79326630	0.00028573
75.81710815	0.00050947
75.84095001	0.00051172
75.86479187	0.00053788
75.88863373	0.00064389
75.91247559	0.00071893
75.93631744	0.00198477
75.96015930	0.00447034
75.98400116	0.00556762
76.00784302	0.00542255
76.03168488	0.00465762
76.05552673	0.00248779
76.07936859	0.00072068
76.10321045	0.00063051
76.12705231	0.00045876
76.15089417	0.00022822
76.17473602	0.00006086
76.19857788	0.00017799
76.22241974	0.00038985
76.24626160	0.00056964
76.27010345	0.00061458
76.29394531	0.00053968
76.31778717	0.00039777
76.34162903	0.00026524
76.36547089	0.00010337
76.38931274	0.00009320
76.41315460	0.00004381
76.43699646	0.00129986
76.46083832	0.00317764
76.48468018	0.00394825
76.50852203	0.00403640
76.53236389	0.00364321
76.55620575	0.00192267
76.58004761	0.00024649
76.60388947	0.00027599
76.62773132	0.00039785
76.65157318	0.00055162
76.67541504	0.00061923
76.69925690	0.00045657
76.72309875	0.00015990
76.74694061	0.00025662
76.77078247	0.00077025
76.79462433	0.00107115
76.81846619	0.00097787
76.84230804	0.00075728
76.86614990	0.00040886
76.88999176	0.00019582
76.91383362	0.00023831
76.93767548	0.00132436
76.96151733	0.00323196
76.98535919	0.00406704
77.00920105	0.00413121
77.03304291	0.00372252
77.05688477	0.00206372
77.08072662	0.00062226
77.10456848	0.00052866
77.12841034	0.00053586
77.15225220	0.00044152
77.17609406	0.00025000
77.19993591	0.00014413
77.22377777	0.00015630
77.24761963	0.00042569
77.27146149	0.00079175
77.29530334	0.00088815
77.31914520	0.00083100
77.34298706	0.00080790
77.36682892	0.00059334
77.39067078	0.00040561
77.41451263	0.00057510
77.43835449	0.00164855
77.46219635	0.00318996
77.48603821	0.00372627
77.50988007	0.00357117
77.53372192	0.00305457
77.55756378	0.00161615
77.58140564	0.00058022
77.60524750	0.00063530
77.62908936	0.00068879
77.65293121	0.00078156
77.67677307	0.00083426
77.70061493	0.00076347
77.72445679	0.00045029
77.74829865	0.00045503
77.77214050	0.00107091
77.79598236	0.00129800
77.81982422	0.00122072
77.84366608	0.00096730
77.86750793	0.00047321
77.89134979	0.00017875
77.91519165	0.00005279
77.93903351	0.00108188
77.96287537	0.00241283
77.98671722	0.00279127
78.01055908	0.00272219
78.03440094	0.00227019
78.05824280	0.00089998
78.08208466	0.00047612
78.10592651	0.00051601
78.12976837	0.00046209
78.15361023	0.00044988
78.17745209	0.00042060
78.20129395	0.00048978
78.22513580	0.00057659
78.24897766	0.00029934
78.27281952	0.00056042
78.29666138	0.00104049
78.32050323	0.00127689
78.34434509	0.00136653
78.36818695	0.00099642
78.39202881	0.00052712
78.41587067	0.00053276
78.43971252	0.00117565
78.46355438	0.00199376
78.48739624	0.00226046
78.51123810	0.00217486
78.53507996	0.00189299
78.55892181	0.00113907
78.58276367	0.00043742
78.60660553	0.00022032
78.63044739	0.00022261
78.65428925	0.00039668
78.67813110	0.00055184
78.70197296	0.00054296
78.72581482	0.00047615
78.74965668	0.00057097
78.77349854	0.00115582
78.79734039	0.00149938
78.82118225	0.00155481
78.84502411	0.00146868
78.86886597	0.00102449
78.89270782	0.00070958
78.91654968	0.00075253
78.94039154	0.00088483
78.96423340	0.00124148
78.98807526	0.00139109
79.01191711	0.00129878
79.03575897	0.00109617
79.05960083	0.00065679
79.08344269	0.00046668
79.10728455	0.00042027
79.13112640	0.00032050
79.15496826	0.00031245
79.17881012	0.00031269
79.20265198	0.00029226
79.22649384	0.00010055
79.25033569	0.00051269
79.27417755	0.00125931
79.29801941	0.00155160
79.32186127	0.00149223
79.34570313	0.00125445
79.36954498	0.00070919
79.39338684	0.00033073
79.41722870	0.00031207
79.44107056	0.00040697
79.46491241	0.00067155
79.48875427	0.00085187
79.51259613	0.00097227
79.53643799	0.00092255
79.56027985	0.00068927
79.58412170	0.00043856
79.60796356	0.00035270
79.63180542	0.00032969
79.65564728	0.00023795
79.67948914	0.00026172
79.70333099	0.00024043
79.72717285	0.00024745
79.75101471	0.00053732
79.77485657	0.00103539
79.79869843	0.00117894
79.82254028	0.00121419
79.84638214	0.00117213
79.87022400	0.00068884
79.89406586	0.00031397
79.91790771	0.00029664
79.94174957	0.00029007
79.96559143	0.00014549
79.98943329	0.00012157
80.01327515	0.00038936
80.03711700	0.00056167
80.06095886	0.00068133
80.08480072	0.00070557
80.10864258	0.00063164
80.13248444	0.00051677
80.15632629	0.00032407
80.18016815	0.00012172
80.20401001	0.00022938
80.22785187	0.00037969
80.25169373	0.00039691
80.27553558	0.00108551
80.29937744	0.00147368
80.32321930	0.00159750
80.34706116	0.00155757
80.37090302	0.00099359
80.39474487	0.00038603
80.41858673	0.00008418
80.44242859	0.00030356
80.46627045	0.00071554
80.49011230	0.00084407
80.51395416	0.00089793
80.53779602	0.00088109
80.56163788	0.00068028
80.58547974	0.00054492
80.60932159	0.00057851
80.63316345	0.00058925
80.65700531	0.00050504
80.68084717	0.00047590
80.70468903	0.00043101
80.72853088	0.00039919
80.75237274	0.00077903
80.77621460	0.00135624
80.80005646	0.00145428
80.82389832	0.00153255
80.84774017	0.00147194
80.87158203	0.00084578
80.89542389	0.00037706
80.91926575	0.00026036
80.94310760	0.00053945
80.96694946	0.00110861
80.99079132	0.00128347
81.01463318	0.00129105
81.03847504	0.00106844
81.06231689	0.00051139
81.08615875	0.00024464
81.11000061	0.00009941
81.13384247	0.00008127
81.15768433	0.00020672
81.18152618	0.00019056
81.20536804	0.00004033
81.22920990	0.00014592
81.25305176	0.00062692
81.27689362	0.00127099
81.30073547	0.00145999
81.32457733	0.00152234
81.34841919	0.00139400
81.37226105	0.00077623
81.39610291	0.00041067
81.41994476	0.00045784
81.44378662	0.00084225
81.46762848	0.00148369
81.49147034	0.00150436
81.51531219	0.00142405
81.53915405	0.00109455
81.56299591	0.00029389
81.58683777	0.00056321
81.61067963	0.00063093
81.63452148	0.00057939
81.65836334	0.00056029
81.68220520	0.00039537
81.70604706	0.00014665
81.72988892	0.00004342
81.75373077	0.00064023
81.77757263	0.00137837
81.80141449	0.00164317
81.82525635	0.00183989
81.84909821	0.00176497
81.87294006	0.00110868
81.89678192	0.00065314
81.92062378	0.00021583
81.94446564	0.00095108
81.96830750	0.00211008
81.99214935	0.00251678
82.01599121	0.00269015
82.03983307	0.00233651
82.06367493	0.00120724
82.08751678	0.00032275
82.11135864	0.00004967
82.13520050	0.00002574
82.15904236	0.00012642
82.18288422	0.00022131
82.20672607	0.00026581
82.23056793	0.00010391
82.25440979	0.00066390
82.27825165	0.00128464
82.30209351	0.00146222
82.32593536	0.00156166
82.34977722	0.00134633
82.37361908	0.00059599
82.39746094	0.00009549
82.42130280	0.00055703
82.44514465	0.00184134
82.46898651	0.00293824
82.49282837	0.00300892
82.51667023	0.00290679
82.54051208	0.00241987
82.56435394	0.00125781
82.58819580	0.00051286
82.61203766	0.00038251
82.63587952	0.00037719
82.65972137	0.00034194
82.68356323	0.00044371
82.70740509	0.00041421
82.73124695	0.00030025
82.75508881	0.00064871
82.77893066	0.00110246
82.80277252	0.00123150
82.82661438	0.00131169
82.85045624	0.00111035
82.87429810	0.00060322
82.89813995	0.00041039
82.92198181	0.00070130
82.94582367	0.00176336
82.96966553	0.00284658
82.99350739	0.00298295
83.01734924	0.00282028
83.04119110	0.00210959
83.06503296	0.00070418
83.08887482	0.00037859
83.11271667	0.00029427
83.13655853	0.00014520
83.16040039	0.00018901
83.18424225	0.00023447
83.20808411	0.00033596
83.23192596	0.00027430
83.25576782	0.00033961
83.27960968	0.00069396
83.30345154	0.00084803
83.32729340	0.00102586
83.35113525	0.00103299
83.37497711	0.00071315
83.39881897	0.00045593
83.42266083	0.00019134
83.44650269	0.00144252
83.47034454	0.00273473
83.49418640	0.00298420
83.51802826	0.00303590
83.54187012	0.00246125
83.56571198	0.00101633
83.58955383	0.00025028
83.61339569	0.00009082
83.63723755	0.00035127
83.66107941	0.00054859
83.68492126	0.00052598
83.70876312	0.00038961
83.73260498	0.00027336
83.75644684	0.00042066
83.78028870	0.00069691
83.80413055	0.00074174
83.82797241	0.00068895
83.85181427	0.00046659
83.87565613	0.00013107
83.89949799	0.00035744
83.92333984	0.00086364
83.94718170	0.00229958
83.97102356	0.00355719
83.99486542	0.00370926
84.01870728	0.00356316
84.04254913	0.00268484
84.06639099	0.00119665
84.09023285	0.00091807
84.11407471	0.00085313
84.13791656	0.00076779
84.16175842	0.00067915
84.18560028	0.00052434
84.20944214	0.00037411
84.23328400	0.00035345
84.25712585	0.00046577
84.28096771	0.00064569
84.30480957	0.00070890
84.32865143	0.00073346
84.35249329	0.00058825
84.37633514	0.00024972
84.40017700	0.00019112
84.42401886	0.00083042
84.44786072	0.00246367
84.47170258	0.00385921
84.49554443	0.00403925
84.51938629	0.00394025
84.54322815	0.00305390
84.56707001	0.00123359
84.59091187	0.00014362
84.61475372	0.00018621
84.63859558	0.00026872
84.66243744	0.00028237
84.68627930	0.00024496
84.71012115	0.00031454
84.73396301	0.00042825
84.75780487	0.00040405
84.78164673	0.00025257
84.80548859	0.00017063
84.82933044	0.00008872
84.85317230	0.00013569
84.87701416	0.00010583
84.90085602	0.00001723
84.92469788	0.00063360
84.94853973	0.00229029
84.97238159	0.00367520
84.99622345	0.00393361
85.02006531	0.00378220
85.04390717	0.00273107
85.06774902	0.00093661
85.09159088	0.00024777
85.11543274	0.00043626
85.13927460	0.00041744
85.16311646	0.00030295
85.18695831	0.00020911
85.21080017	0.00014264
85.23464203	0.00015299
85.25848389	0.00026111
85.28232574	0.00043957
85.30616760	0.00044337
85.33000946	0.00037377
85.35385132	0.00034793
85.37769318	0.00026217
85.40153503	0.00027036
85.42537689	0.00083581
85.44921875	0.00236241
85.47306061	0.00375716
85.49690247	0.00414299
85.52074432	0.00408539
85.54458618	0.00311998
85.56842804	0.00142981
85.59226990	0.00053409
85.61611176	0.00038012
85.63995361	0.00038493
85.66379547	0.00053421
85.68763733	0.00066677
85.71147919	0.00071889
85.73532104	0.00069762
85.75916290	0.00055729
85.78300476	0.00036413
85.80684662	0.00016917
85.83068848	0.00012175
85.85453033	0.00031253
85.87837219	0.00050961
85.90221405	0.00051259
85.92605591	0.00019403
85.94989777	0.00167269
85.97373962	0.00285670
85.99758148	0.00312126
86.02142334	0.00305229
86.04526520	0.00208225
86.06910706	0.00060470
86.09294891	0.00036260
86.11679077	0.00036796
86.14063263	0.00032110
86.16447449	0.00025964
86.18831635	0.00013030
86.21215820	0.00009860
86.23600006	0.00009414
86.25984192	0.00046896
86.28368378	0.00066944
86.30752563	0.00061735
86.33136749	0.00056798
86.35520935	0.00035547
86.37905121	0.00017795
86.40289307	0.00007728
86.42673492	0.00057552
86.45057678	0.00196277
86.47441864	0.00295122
86.49826050	0.00310540
86.52210236	0.00311685
86.54594421	0.00228562
86.56978607	0.00079243
86.59362793	0.00013774
86.61746979	0.00049094
86.64131165	0.00082208
86.66515350	0.00086726
86.68899536	0.00072526
86.71283722	0.00049695
86.73667908	0.00033129
86.76052094	0.00062619
86.78436279	0.00082793
86.80820465	0.00075237
86.83204651	0.00057551
86.85588837	0.00037555
86.87973022	0.00023724
86.90357208	0.00023665
86.92741394	0.00050326
86.95125580	0.00168949
86.97509766	0.00247202
86.99893951	0.00255047
87.02278137	0.00261203
87.04662323	0.00196003
87.07046509	0.00076118
87.09430695	0.00016662
87.11814880	0.00004124
87.14199066	0.00020987
87.16583252	0.00028514
87.18967438	0.00015851
87.21351624	0.00008936
87.23735809	0.00027376
87.26119995	0.00077752
87.28504181	0.00123231
87.30888367	0.00128773
87.33272552	0.00122750
87.35656738	0.00091433
87.38040924	0.00034940
87.40425110	0.00028441
87.42809296	0.00017140
87.45193481	0.00125764
87.47577667	0.00208280
87.49961853	0.00221086
87.52346039	0.00215766
87.54730225	0.00154053
87.57114410	0.00057656
87.59498596	0.00025634
87.61882782	0.00018955
87.64266968	0.00025342
87.66651154	0.00040197
87.69035339	0.00045946
87.71419525	0.00040126
87.73803711	0.00017301
87.76187897	0.00085598
87.78572083	0.00150148
87.80956268	0.00163547
87.83340454	0.00149256
87.85724640	0.00100630
87.88108826	0.00029862
87.90493011	0.00015806
87.92877197	0.00038515
87.95261383	0.00125282
87.97645569	0.00166603
88.00029755	0.00150146
88.02413940	0.00123012
88.04798126	0.00049876
88.07182312	0.00055982
88.09566498	0.00077978
88.11950684	0.00079029
88.14334869	0.00082403
88.16719055	0.00075259
88.19103241	0.00068420
88.21487427	0.00060467
88.23871613	0.00041673
88.26255798	0.00093120
88.28639984	0.00145894
88.31024170	0.00149957
88.33408356	0.00139267
88.35792542	0.00089853
88.38176727	0.00019393
88.40560913	0.00017844
88.42945099	0.00030325
88.45329285	0.00095417
88.47713470	0.00142429
88.50097656	0.00142376
88.52481842	0.00129442
88.54866028	0.00073977
88.57250214	0.00035036
88.59634399	0.00060558
88.62018585	0.00056378
88.64402771	0.00046021
88.66786957	0.00032932
88.69171143	0.00016056
88.71555328	0.00003991
88.73939514	0.00035191
88.76323700	0.00112542
88.78707886	0.00168527
88.81092072	0.00179716
88.83476257	0.00174749
88.85860443	0.00125972
88.88244629	0.00058833
88.90628815	0.00033492
88.93013000	0.00019307
88.95397186	0.00062671
88.97781372	0.00101190
89.00165558	0.00104325
89.02549744	0.00093889
89.04933929	0.00055495
89.07318115	0.00012103
89.09702301	0.00036446
89.12086487	0.00042339
89.14470673	0.00042690
89.16854858	0.00045053
89.19239044	0.00050430
89.21623230	0.00049572
89.24007416	0.00016616
89.26391602	0.00093725
89.28775787	0.00159307
89.31159973	0.00169319
89.33544159	0.00168638
89.35928345	0.00104418
89.38312531	0.00013823
89.40696716	0.00031713
89.43080902	0.00028005
89.45465088	0.00026506
89.47849274	0.00031414
89.50233459	0.00044973
89.52617645	0.00050171
89.55001831	0.00036869
89.57386017	0.00030090
89.59770203	0.00025606
89.62154388	0.00013988
89.64538574	0.00004255
89.66922760	0.00020125
89.69306946	0.00028990
89.71691132	0.00027885
89.74075317	0.00037555
89.76459503	0.00116629
89.78843689	0.00179551
89.81227875	0.00200260
89.83612061	0.00212584
89.85996246	0.00167764
89.88380432	0.00084182
89.90764618	0.00036593
89.93148804	0.00017841
89.95532990	0.00016964
89.97917175	0.00028238
90.00301361	0.00040159
90.02685547	0.00048634
90.05069733	0.00060891
90.07453918	0.00067173
90.09838104	0.00055524
90.12222290	0.00032754
90.14606476	0.00014401
90.16990662	0.00021741
90.19374847	0.00014723
90.21759033	0.00015976
90.24143219	0.00055561
90.26527405	0.00142495
90.28911591	0.00195982
90.31295776	0.00187438
90.33679962	0.00163767
90.36064148	0.00094345
90.38448334	0.00014639
90.40832520	0.00027947
90.43216705	0.00031296
90.45600891	0.00040368
90.47985077	0.00058361
90.50369263	0.00071412
90.52753448	0.00082894
90.55137634	0.00083342
90.57521820	0.00065733
90.59906006	0.00049621
90.62290192	0.00039397
90.64674377	0.00035052
90.67058563	0.00044448
90.69442749	0.00046811
90.71826935	0.00032782
90.74211121	0.00020523
90.76595306	0.00123113
90.78979492	0.00192253
90.81363678	0.00204262
90.83747864	0.00200213
90.86132050	0.00137758
90.88516235	0.00044960
90.90900421	0.00003058
90.93284607	0.00038650
90.95668793	0.00098229
90.98052979	0.00131755
91.00437164	0.00127391
91.02821350	0.00107554
91.05205536	0.00068277
91.07589722	0.00026192
91.09973907	0.00010276
91.12358093	0.00010492
91.14742279	0.00007628
91.17126465	0.00018883
91.19510651	0.00025918
91.21894836	0.00021616
91.24279022	0.00050278
91.26663208	0.00136757
91.29047394	0.00192856
91.31431580	0.00192952
91.33815765	0.00169320
91.36199951	0.00098150
91.38584137	0.00020474
91.40968323	0.00031049
91.43352509	0.00053354
91.45736694	0.00106606
91.48120880	0.00129121
91.50505066	0.00131367
91.52889252	0.00132903
91.55273438	0.00087927
91.57657623	0.00027196
91.60041809	0.00003418
91.62425995	0.00010530
91.64810181	0.00013906
91.67194366	0.00020308
91.69578552	0.00030173
91.71962738	0.00045015
91.74346924	0.00011864
91.76731110	0.00077100
91.79115295	0.00130597
91.81499481	0.00150824
91.83883667	0.00165304
91.86267853	0.00119751
91.88652039	0.00063776
91.91036224	0.00040794
91.93420410	0.00019868
91.95804596	0.00089230
91.98188782	0.00129523
92.00572968	0.00136521
92.02957153	0.00129273
92.05341339	0.00077437
92.07725525	0.00024916
92.10109711	0.00035384
92.12493896	0.00028030
92.14878082	0.00037661
92.17262268	0.00050550
92.19646454	0.00050862
92.22030640	0.00063132
92.24414825	0.00035406
92.26799011	0.00063973
92.29183197	0.00120570
92.31567383	0.00137035
92.33951569	0.00138907
92.36335754	0.00086363
92.38719940	0.00050008
92.41104126	0.00064821
92.43488312	0.00102803
92.45872498	0.00173101
92.48256683	0.00205792
92.50640869	0.00205784
92.53025055	0.00194734
92.55409241	0.00135349
92.57793427	0.00071413
92.60177612	0.00042592
92.62561798	0.00023065
92.64945984	0.00006542
92.67330170	0.00011258
92.69714355	0.00002247
92.72098541	0.00022647
92.74482727	0.00062529
92.76866913	0.00136562
92.79251099	0.00185100
92.81635284	0.00194200
92.84019470	0.00177673
92.86403656	0.00105055
92.88787842	0.00016347
92.91172028	0.00045892
92.93556213	0.00123910
92.95940399	0.00224325
92.98324585	0.00257597
93.00708771	0.00242535
93.03092957	0.00221043
93.05477142	0.00137325
93.07861328	0.00052826
93.10245514	0.00035728
93.12629700	0.00035827
93.15013885	0.00037681
93.17398071	0.00044486
93.19782257	0.00044267
93.22166443	0.00038206
93.24550629	0.00024476
93.26934814	0.00085344
93.29319000	0.00127808
93.31703186	0.00136460
93.34087372	0.00132278
93.36471558	0.00086168
93.38855743	0.00037737
93.41239929	0.00042066
93.43624115	0.00094912
93.46008301	0.00190548
93.48392487	0.00227581
93.50776672	0.00220677
93.53160858	0.00209854
93.55545044	0.00145373
93.57929230	0.00075088
93.60313416	0.00057394
93.62697601	0.00056769
93.65081787	0.00052631
93.67465973	0.00053716
93.69850159	0.00061415
93.72234344	0.00057900
93.74618530	0.00023234
93.77002716	0.00042949
93.79386902	0.00069990
93.81771088	0.00076331
93.84155273	0.00070721
93.86539459	0.00028712
93.88923645	0.00022447
93.91307831	0.00056429
93.93692017	0.00136886
93.96076202	0.00257712
93.98460388	0.00309532
94.00844574	0.00313522
94.03228760	0.00285402
94.05612946	0.00169249
94.07997131	0.00052983
94.10381317	0.00022540
94.12765503	0.00033632
94.15149689	0.00049156
94.17533875	0.00056044
94.19918060	0.00058769
94.22302246	0.00050169
94.24686432	0.00038831
94.27070618	0.00050289
94.29454803	0.00064152
94.31838989	0.00066834
94.34223175	0.00054043
94.36607361	0.00034327
94.38991547	0.00026981
94.41375732	0.00029209
94.43759918	0.00079365
94.46144104	0.00183212
94.48528290	0.00227014
94.50912476	0.00228718
94.53296661	0.00211020
94.55680847	0.00120526
94.58065033	0.00024340
94.60449219	0.00022711
94.62833405	0.00045438
94.65217590	0.00061667
94.67601776	0.00065719
94.69985962	0.00059801
94.72370148	0.00054958
94.74754333	0.00045698
94.77138519	0.00030622
94.79522705	0.00014210
94.81906891	0.00019861
94.84291077	0.00015647
94.86675262	0.00017947
94.89059448	0.00048777
94.91443634	0.00079593
94.93827820	0.00164398
94.96212006	0.00273127
94.98596191	0.00301951
95.00980377	0.00296006
95.03364563	0.00268848
95.05748749	0.00159197
95.08132935	0.00062938
95.10517120	0.00037237
95.12901306	0.00031512
95.15285492	0.00031170
95.17669678	0.00031598
95.20053864	0.00037564
95.22438049	0.00030781
95.24822235	0.00019079
95.27206421	0.00025361
95.29590607	0.00036151
95.31974792	0.00044657
95.34358978	0.00049319
95.36743164	0.00044397
95.39127350	0.00033382
95.41511536	0.00035843
95.43895721	0.00119618
95.46279907	0.00242712
95.48664093	0.00286703
95.51048279	0.00285000
95.53432465	0.00251697
95.55816650	0.00136606
95.58200836	0.00041496
95.60585022	0.00029408
95.62969208	0.00040782
95.65353394	0.00056105
95.67737579	0.00051938
95.70121765	0.00030924
95.72505951	0.00026196
95.74890137	0.00029005
95.77274323	0.00040230
95.79658508	0.00039353
95.82042694	0.00029612
95.84426880	0.00016311
95.86811066	0.00016687
95.89195251	0.00019675
95.91579437	0.00036485
95.93963623	0.00120602
95.96347809	0.00239098
95.98731995	0.00281571
96.01116180	0.00287186
96.03500366	0.00257775
96.05884552	0.00136622
96.08268738	0.00041215
96.10652924	0.00042939
96.13037109	0.00035488
96.15421295	0.00021344
96.17805481	0.00000978
96.20189667	0.00023901
96.22573853	0.00037918
96.24958038	0.00064481
96.27342224	0.00097012
96.29726410	0.00103213
96.32110596	0.00094259
96.34494781	0.00081659
96.36878967	0.00058330
96.39263153	0.00044407
96.41647339	0.00046732
96.44031525	0.00104539
96.46415710	0.00182763
96.48799896	0.00202348
96.51184082	0.00194466
96.53568268	0.00152540
96.55952454	0.00062258
96.58336639	0.00046902
96.60720825	0.00067571
96.63105011	0.00073976
96.65489197	0.00069401
96.67873383	0.00054714
96.70257568	0.00038094
96.72641754	0.00024065
96.75025940	0.00041688
96.77410126	0.00095963
96.79794312	0.00122432
96.82178497	0.00124122
96.84562683	0.00118214
96.86946869	0.00089905
96.89331055	0.00064427
96.91715240	0.00075160
96.94099426	0.00140186
96.96483612	0.00207794
96.98867798	0.00217890
97.01251984	0.00210111
97.03636169	0.00172416
97.06020355	0.00077986
97.08404541	0.00032365
97.10788727	0.00048106
97.13172913	0.00056211
97.15557098	0.00060652
97.17941284	0.00058922
97.20325470	0.00054620
97.22709656	0.00041459
97.25093842	0.00052798
97.27478027	0.00104832
97.29862213	0.00121507
97.32246399	0.00118989
97.34630585	0.00102625
97.37014771	0.00046962
97.39398956	0.00010043
97.41783142	0.00007722
97.44167328	0.00063768
97.46551514	0.00149238
97.48935699	0.00192466
97.51319885	0.00213009
97.53704071	0.00193370
97.56088257	0.00107244
97.58472443	0.00039834
97.60856628	0.00033588
97.63240814	0.00050242
