Частота	Канал A
(kГц)	(В)

0.00000000	0.21382730
0.01192093	0.14851800
0.02384186	0.10119820
0.03576279	0.03218784
0.04768372	0.00321860
0.05960464	0.00057677
0.07152557	0.00066195
0.08344650	0.00054898
0.09536743	0.00052764
0.10728836	0.00104077
0.11920929	0.00135598
0.13113022	0.00146846
0.14305115	0.00104619
0.15497208	0.00045683
0.16689301	0.00071242
0.17881393	0.00165331
0.19073486	0.00209374
0.20265579	0.00183706
0.21457672	0.00145920
0.22649765	0.00082935
0.23841858	0.00036522
0.25033951	0.00029175
0.26226044	0.00042389
0.27418137	0.00050075
0.28610229	0.00062965
0.29802322	0.00076058
0.30994415	0.00080872
0.32186508	0.00068041
0.33378601	0.00045268
0.34570694	0.00043114
0.35762787	0.00055537
0.36954880	0.00052991
0.38146973	0.00083587
0.39339066	0.00106537
0.40531158	0.00114793
0.41723251	0.00102322
0.42915344	0.00057681
0.44107437	0.00031672
0.45299530	0.00064600
0.46491623	0.00085349
0.47683716	0.00075969
0.48875809	0.00073144
0.50067902	0.00071628
0.51259995	0.00055660
0.52452087	0.00061097
0.53644180	0.00070747
0.54836273	0.00068925
0.56028366	0.00045365
0.57220459	0.00016322
0.58412552	0.00028328
0.59604645	0.00039210
0.60796738	0.00045967
0.61988831	0.00033480
0.63180923	0.00012380
0.64373016	0.00012505
0.65565109	0.00021253
0.66757202	0.00024863
0.67949295	0.00021887
0.69141388	0.00022165
0.70333481	0.00017402
0.71525574	0.00012587
0.72717667	0.00040198
0.73909760	0.00059859
0.75101852	0.00041766
0.76293945	0.00020745
0.77486038	0.00010970
0.78678131	0.00043039
0.79870224	0.00062329
0.81062317	0.00049980
0.82254410	0.00039589
0.83446503	0.00026763
0.84638596	0.00021152
0.85830688	0.00041440
0.87022781	0.00060206
0.88214874	0.00054577
0.89406967	0.00025955
0.90599060	0.00003387
0.91791153	0.00017239
0.92983246	0.00019068
0.94175339	0.00010656
0.95367432	0.00008573
0.96559525	0.00009322
0.97751617	0.00031751
0.98943710	0.00049048
1.00135803	0.00077250
1.01327896	0.00085453
1.02519989	0.00050227
1.03712082	0.00012828
1.04904175	0.00033234
1.06096268	0.00073252
1.07288361	0.00084044
1.08480453	0.00066858
1.09672546	0.00063907
1.10864639	0.00061919
1.12056732	0.00066103
1.13248825	0.00073135
1.14440918	0.00071227
1.15633011	0.00058899
1.16825104	0.00048137
1.18017197	0.00160034
1.19209290	0.01234618
1.20401382	0.03196951
1.21593475	0.04183902
1.22785568	0.04292592
1.23977661	0.04001347
1.25169754	0.02403972
1.26361847	0.00672809
1.27553940	0.00048837
1.28746033	0.00027956
1.29938126	0.00018345
1.31130219	0.00003636
1.32322311	0.00037583
1.33514404	0.00037713
1.34706497	0.00020002
1.35898590	0.00017123
1.37090683	0.00020570
1.38282776	0.00083690
1.39474869	0.00152308
1.40666962	0.00232765
1.41859055	0.00251391
1.43051147	0.00224196
1.44243240	0.00178479
1.45435333	0.00074555
1.46627426	0.00038272
1.47819519	0.00052328
1.49011612	0.00047796
1.50203705	0.00062495
1.51395798	0.00060850
1.52587891	0.00044639
1.53779984	0.00037206
1.54972076	0.00033267
1.56164169	0.00013295
1.57356262	0.00024145
1.58548355	0.00043902
1.59740448	0.00090427
1.60932541	0.00124622
1.62124634	0.00116235
1.63316727	0.00095906
1.64508820	0.00074485
1.65700912	0.00037305
1.66893005	0.00038901
1.68085098	0.00051773
1.69277191	0.00041950
1.70469284	0.00050335
1.71661377	0.00041059
1.72853470	0.00033207
1.74045563	0.00034382
1.75237656	0.00029739
1.76429749	0.00027321
1.77621841	0.00025017
1.78813934	0.00028142
1.80006027	0.00027143
1.81198120	0.00023037
1.82390213	0.00031154
1.83582306	0.00047311
1.84774399	0.00052795
1.85966492	0.00055937
1.87158585	0.00043270
1.88350677	0.00037610
1.89542770	0.00049484
1.90734863	0.00039464
1.91926956	0.00026700
1.93119049	0.00019504
1.94311142	0.00026103
1.95503235	0.00057614
1.96695328	0.00077161
1.97887421	0.00084672
1.99079514	0.00066892
2.00271606	0.00020704
2.01463699	0.00021475
2.02655792	0.00027446
2.03847885	0.00028156
2.05039978	0.00030690
2.06232071	0.00032390
2.07424164	0.00044234
2.08616257	0.00057892
2.09808350	0.00061853
2.11000443	0.00055232
2.12192535	0.00044883
2.13384628	0.00019053
2.14576721	0.00025840
2.15768814	0.00052228
2.16960907	0.00068019
2.18153000	0.00087360
2.19345093	0.00089628
2.20537186	0.00074806
2.21729279	0.00096300
2.22921371	0.00154180
2.24113464	0.00174906
2.25305557	0.00177269
2.26497650	0.00176156
2.27689743	0.00121352
2.28881836	0.00041141
2.30073929	0.00015081
2.31266022	0.00008661
2.32458115	0.00030020
2.33650208	0.00054151
2.34842300	0.00088524
2.36034393	0.00107805
2.37226486	0.00090707
2.38418579	0.00057294
2.39610672	0.00037776
2.40802765	0.00034319
2.41994858	0.00057989
2.43186951	0.00078094
2.44379044	0.00091246
2.45571136	0.00104602
2.46763229	0.00112118
2.47955322	0.00074639
2.49147415	0.00036760
2.50339508	0.00022854
2.51531601	0.00009260
2.52723694	0.00013650
2.53915787	0.00018250
2.55107880	0.00025169
2.56299973	0.00026426
2.57492065	0.00051777
2.58684158	0.00048497
2.59876251	0.00050579
2.61068344	0.00013844
2.62260437	0.00203511
2.63452530	0.00390733
2.64644623	0.00430367
2.65836716	0.00444412
2.67028809	0.00371923
2.68220901	0.00172827
2.69412994	0.00066816
2.70605087	0.00066936
2.71797180	0.00055015
2.72989273	0.00064363
2.74181366	0.00077110
2.75373459	0.00093161
2.76565552	0.00088765
2.77757645	0.00065163
2.78949738	0.00053749
2.80141830	0.00028428
2.81333923	0.00011718
2.82526016	0.00069270
2.83718109	0.00128488
2.84910202	0.00140814
2.86102295	0.00145322
2.87294388	0.00132978
2.88486481	0.00101423
2.89678574	0.00097342
2.90870667	0.00098352
2.92062759	0.00078334
2.93254852	0.00058670
2.94446945	0.00048288
2.95639038	0.00067235
2.96831131	0.00083350
2.98023224	0.00067729
2.99215317	0.00037164
3.00407410	0.00002297
3.01599503	0.00037571
3.02791595	0.00063241
3.03983688	0.00058975
3.05175781	0.00033405
3.06367874	0.00025381
3.07559967	0.00024265
3.08752060	0.00045743
3.09944153	0.00068784
3.11136246	0.00059292
3.12328339	0.00049620
3.13520432	0.00049481
3.14712524	0.00036564
3.15904617	0.00030502
3.17096710	0.00048899
3.18288803	0.00049929
3.19480896	0.00028518
3.20672989	0.00006419
3.21865082	0.00044993
3.23057175	0.00054806
3.24249268	0.00036152
3.25441360	0.00027538
3.26633453	0.00014147
3.27825546	0.00083422
3.29017639	0.00148101
3.30209732	0.00194229
3.31401825	0.00222052
3.32593918	0.00181390
3.33786011	0.00171786
3.34978104	0.00214579
3.36170197	0.00209283
3.37362289	0.00199530
3.38554382	0.00236239
3.39746475	0.00196745
3.40938568	0.00156764
3.42130661	0.00196240
3.43322754	0.00190591
3.44514847	0.00147615
3.45706940	0.00175462
3.46899033	0.00183981
3.48091125	0.00150480
3.49283218	0.00131757
3.50475311	0.00054553
3.51667404	0.00046826
3.52859497	0.00098017
3.54051590	0.00118427
3.55243683	0.00145520
3.56435776	0.00142920
3.57627869	0.00076373
3.58819962	0.00019554
3.60012054	0.00022718
3.61204147	0.00074311
3.62396240	0.00087894
3.63588333	0.00037800
3.64780426	0.00047837
3.65972519	0.00112616
3.67164612	0.00172895
3.68356705	0.00161503
3.69548798	0.00127944
3.70740891	0.00121349
3.71932983	0.00067505
3.73125076	0.00066802
3.74317169	0.00170465
3.75509262	0.00182808
3.76701355	0.00227656
3.77893448	0.00251684
3.79085541	0.00149489
3.80277634	0.00072578
3.81469727	0.00098540
3.82661819	0.00643834
3.83853912	0.07905988
3.85046005	0.25733110
3.86238098	0.38075300
3.87430191	0.39648180
3.88622284	0.38570700
3.89814377	0.26541360
3.91006470	0.08738402
3.92198563	0.00891611
3.93390656	0.00112107
3.94582748	0.00077857
3.95774841	0.00052199
3.96966934	0.00151439
3.98159027	0.00167019
3.99351120	0.00098308
4.00543213	0.00053999
4.01735306	0.00044915
4.02927399	0.00060723
4.04119492	0.00034166
4.05311584	0.00029838
4.06503677	0.00070416
4.07695770	0.00053972
4.08887863	0.00013947
4.10079956	0.00036136
4.11272049	0.00025041
4.12464142	0.00017501
4.13656235	0.00030911
4.14848328	0.00065205
4.16040421	0.00073382
4.17232513	0.00053742
4.18424606	0.00050309
4.19616699	0.00022385
4.20808792	0.00069885
4.22000885	0.00083608
4.23192978	0.00060464
4.24385071	0.00052096
4.25577164	0.00108806
4.26769257	0.00123096
4.27961349	0.00095121
4.29153442	0.00101054
4.30345535	0.00075095
4.31537628	0.00082016
4.32729721	0.00091117
4.33921814	0.00046077
4.35113907	0.00018741
4.36306000	0.00039241
4.37498093	0.00057602
4.38690186	0.00071740
4.39882278	0.00044553
4.41074371	0.00024582
4.42266464	0.00037695
4.43458557	0.00012920
4.44650650	0.00036372
4.45842743	0.00051366
4.47034836	0.00057132
4.48226929	0.00085017
4.49419022	0.00092440
4.50611115	0.00080670
4.51803207	0.00085351
4.52995300	0.00083140
4.54187393	0.00033765
4.55379486	0.00025831
4.56571579	0.00052205
4.57763672	0.00072641
4.58955765	0.00072903
4.60147858	0.00043534
4.61339951	0.00030829
4.62532043	0.00038029
4.63724136	0.00046048
4.64916229	0.00047690
4.66108322	0.00046433
4.67300415	0.00065956
4.68492508	0.00047507
4.69684601	0.00033816
4.70876694	0.00046040
4.72068787	0.00020647
4.73260880	0.00038606
4.74452972	0.00043693
4.75645065	0.00030697
4.76837158	0.00030847
4.78029251	0.00019194
4.79221344	0.00043427
4.80413437	0.00046102
4.81605530	0.00003778
4.82797623	0.00028360
4.83989716	0.00048272
4.85181808	0.00075298
4.86373901	0.00047940
4.87565994	0.00081848
4.88758087	0.00171850
4.89950180	0.00194421
4.91142273	0.00191565
4.92334366	0.00139167
4.93526459	0.00062583
4.94718552	0.00046622
4.95910645	0.00072184
4.97102737	0.00082846
4.98294830	0.00093600
4.99486923	0.00082265
5.00679016	0.00045667
5.01871109	0.00010197
5.03063202	0.00012783
5.04255295	0.00020700
5.05447388	0.00027524
5.06639481	0.00011106
5.07831573	0.00035598
5.09023666	0.00051526
5.10215759	0.00056628
5.11407852	0.00087639
5.12599945	0.00092540
5.13792038	0.00062180
5.14984131	0.00053974
5.16176224	0.00057481
5.17368317	0.00045385
5.18560410	0.00045019
5.19752502	0.00031131
5.20944595	0.00046268
5.22136688	0.00083479
5.23328781	0.00070204
5.24520874	0.00073556
5.25712967	0.00393344
5.26905060	0.01473505
5.28097153	0.02747768
5.29289246	0.03111094
5.30481339	0.03033019
5.31673431	0.02523513
5.32865524	0.01150014
5.34057617	0.00150626
5.35249710	0.00018502
5.36441803	0.00036042
5.37633896	0.00061879
5.38825989	0.00070780
5.40018082	0.00071059
5.41210175	0.00076065
5.42402267	0.00064546
5.43594360	0.00043033
5.44786453	0.00039240
5.45978546	0.00057311
5.47170639	0.00108148
5.48362732	0.00175854
5.49554825	0.00182505
5.50746918	0.00141974
5.51939011	0.00094843
5.53131104	0.00079423
5.54323196	0.00069242
5.55515289	0.00052733
5.56707382	0.00071600
5.57899475	0.00051706
5.59091568	0.00024178
5.60283661	0.00023613
5.61475754	0.00002864
5.62667847	0.00028682
5.63859940	0.00028640
5.65052032	0.00043823
5.66244125	0.00075026
5.67436218	0.00100595
5.68628311	0.00129555
5.69820404	0.00123229
5.71012497	0.00086229
5.72204590	0.00053273
5.73396683	0.00041263
5.74588776	0.00049325
5.75780869	0.00054767
5.76972961	0.00050835
5.78165054	0.00063756
5.79357147	0.00073765
5.80549240	0.00082881
5.81741333	0.00102759
5.82933426	0.00099307
5.84125519	0.00084192
5.85317612	0.00062208
5.86509705	0.00021974
5.87701797	0.00029630
5.88893890	0.00033943
5.90085983	0.00045450
5.91278076	0.00059834
5.92470169	0.00044349
5.93662262	0.00027497
5.94854355	0.00023947
5.96046448	0.00030553
5.97238541	0.00045886
5.98430634	0.00030989
5.99622726	0.00020495
6.00814819	0.00046261
6.02006912	0.00065825
6.03199005	0.00071285
6.04391098	0.00082022
6.05583191	0.00067283
6.06775284	0.00027535
6.07967377	0.00025724
6.09159470	0.00053671
6.10351563	0.00098075
6.11543655	0.00119621
6.12735748	0.00121978
6.13927841	0.00118863
6.15119934	0.00098095
6.16312027	0.00065558
6.17504120	0.00037864
6.18696213	0.00015429
6.19888306	0.00022683
6.21080399	0.00016227
6.22272491	0.00038873
6.23464584	0.00058393
6.24656677	0.00048780
6.25848770	0.00043645
6.27040863	0.00043028
6.28232956	0.00041070
6.29425049	0.00022446
6.30617142	0.00061815
6.31809235	0.00092192
6.33001328	0.00093580
6.34193420	0.00101391
6.35385513	0.00102260
6.36577606	0.00075558
6.37769699	0.00044582
6.38961792	0.00028293
6.40153885	0.00036060
6.41345978	0.00045483
6.42538071	0.00033445
6.43730164	0.00035293
6.44922256	0.00057690
6.46114349	0.00090667
6.47306442	0.00138379
6.48498535	0.02847627
6.49690628	0.11330840
6.50882721	0.19303580
6.52074814	0.20837370
6.53266907	0.20542930
6.54459000	0.15862570
6.55651093	0.06200381
6.56843185	0.00709718
6.58035278	0.00052571
6.59227371	0.00038999
6.60419464	0.00050390
6.61611557	0.00127227
6.62803650	0.00126033
6.63995743	0.00081693
6.65187836	0.00065797
6.66379929	0.00054373
6.67572021	0.00048317
6.68764114	0.00098801
6.69956207	0.00161983
6.71148300	0.00195498
6.72340393	0.00261518
6.73532486	0.00274777
6.74724579	0.00241127
6.75916672	0.00293842
6.77108765	0.00323682
6.78300858	0.00278171
6.79492950	0.00244739
6.80685043	0.00182774
6.81877136	0.00070636
6.83069229	0.00058097
6.84261322	0.00105516
6.85453415	0.00134333
6.86645508	0.00113508
6.87837601	0.00081176
6.89029694	0.00075234
6.90221786	0.00091816
6.91413879	0.00101956
6.92605972	0.00110537
6.93798065	0.00097884
6.94990158	0.00048522
6.96182251	0.00004683
6.97374344	0.00024284
6.98566437	0.00033618
6.99758530	0.00031729
7.00950623	0.00029443
7.02142715	0.00056471
7.03334808	0.00070948
7.04526901	0.00084916
7.05718994	0.00094135
7.06911087	0.00075784
7.08103180	0.00043097
7.09295273	0.00052078
7.10487366	0.00067080
7.11679459	0.00067367
7.12871552	0.00057251
7.14063644	0.00042728
7.15255737	0.00030682
7.16447830	0.00010566
7.17639923	0.00032906
7.18832016	0.00044129
7.20024109	0.00043732
7.21216202	0.00063486
7.22408295	0.00096747
7.23600388	0.00109678
7.24792480	0.00105433
7.25984573	0.00090394
7.27176666	0.00060462
7.28368759	0.00031460
7.29560852	0.00018789
7.30752945	0.00021289
7.31945038	0.00049582
7.33137131	0.00086200
7.34329224	0.00106688
7.35521317	0.00124192
7.36713409	0.00133958
7.37905502	0.00111239
7.39097595	0.00088661
7.40289688	0.00071255
7.41481781	0.00053507
7.42673874	0.00051271
7.43865967	0.00062409
7.45058060	0.00090788
7.46250153	0.00099445
7.47442245	0.00084011
7.48634338	0.00082206
7.49826431	0.00070404
7.51018524	0.00065840
7.52210617	0.00103232
7.53402710	0.00139429
7.54594803	0.00157442
7.55786896	0.00170841
7.56978989	0.00135551
7.58171082	0.00074469
7.59363174	0.00028939
7.60555267	0.00027140
7.61747360	0.00041329
7.62939453	0.00031343
7.64131546	0.00021931
7.65323639	0.00036595
7.66515732	0.00054157
7.67707825	0.00065862
7.68899918	0.00076166
7.70092010	0.00068522
7.71284103	0.00351197
7.72476196	0.01393135
7.73668289	0.02139103
7.74860382	0.02271919
7.76052475	0.02223206
7.77244568	0.01526544
7.78436661	0.00496601
7.79628754	0.00050777
7.80820847	0.00065430
7.82012939	0.00052725
7.83205032	0.00026106
7.84397125	0.00022210
7.85589218	0.00039901
7.86781311	0.00054065
7.87973404	0.00066206
7.89165497	0.00074477
7.90357590	0.00078739
7.91549683	0.00126231
7.92741776	0.00210223
7.93933868	0.00230331
7.95125961	0.00203573
7.96318054	0.00156095
7.97510147	0.00055184
7.98702240	0.00052447
7.99894333	0.00053704
8.01086426	0.00035331
8.02278519	0.00037622
8.03470612	0.00022343
8.04662704	0.00011069
8.05854797	0.00026079
8.07046890	0.00065446
8.08238983	0.00082631
8.09431076	0.00078179
8.10623169	0.00059286
8.11815262	0.00036203
8.13007355	0.00023574
8.14199448	0.00039546
8.15391541	0.00042182
8.16583633	0.00015863
8.17775726	0.00012593
8.18967819	0.00011199
8.20159912	0.00010561
8.21352005	0.00006510
8.22544098	0.00037436
8.23736191	0.00050080
8.24928284	0.00046531
8.26120377	0.00031377
8.27312469	0.00011797
8.28504562	0.00011399
8.29696655	0.00033322
8.30888748	0.00035903
8.32080841	0.00011540
8.33272934	0.00028148
8.34465027	0.00053047
8.35657120	0.00072708
8.36849213	0.00077954
8.38041306	0.00057405
8.39233398	0.00043429
8.40425491	0.00029578
8.41617584	0.00022828
8.42809677	0.00048773
8.44001770	0.00064988
8.45193863	0.00067597
8.46385956	0.00075524
8.47578049	0.00074250
8.48770142	0.00079160
8.49962234	0.00087153
8.51154327	0.00091897
8.52346420	0.00078553
8.53538513	0.00044696
8.54730606	0.00017809
8.55922699	0.00037435
8.57114792	0.00056835
8.58306885	0.00043121
8.59498978	0.00035228
8.60691071	0.00040447
8.61883163	0.00040695
8.63075256	0.00031232
8.64267349	0.00008647
8.65459442	0.00029571
8.66651535	0.00042130
8.67843628	0.00041840
8.69035721	0.00034463
8.70227814	0.00039039
8.71419907	0.00046280
8.72612000	0.00035222
8.73804092	0.00039015
8.74996185	0.00060325
8.76188278	0.00091929
8.77380371	0.00117464
8.78572464	0.00118550
8.79764557	0.00092798
8.80956650	0.00060322
8.82148743	0.00026755
8.83340836	0.00015564
8.84532928	0.00044543
8.85725021	0.00052629
8.86917114	0.00040085
8.88109207	0.00014245
8.89301300	0.00018526
8.90493393	0.00043582
8.91685486	0.00050611
8.92877579	0.00052698
8.94069672	0.00082666
8.95261765	0.00167450
8.96453857	0.00227423
8.97645950	0.00235511
8.98838043	0.00212517
9.00030136	0.00149945
9.01222229	0.00084996
9.02414322	0.00043027
9.03606415	0.00028589
9.04798508	0.00042186
9.05990601	0.00053430
9.07182693	0.00064354
9.08374786	0.00075465
9.09566879	0.00088741
9.10758972	0.00094749
9.11951065	0.00080107
9.13143158	0.00015323
9.14335251	0.00305355
9.15527344	0.00654164
9.16719437	0.00754896
9.17911530	0.00733254
9.19103622	0.00613156
9.20295715	0.00285835
9.21487808	0.00048556
9.22679901	0.00057912
9.23871994	0.00058899
9.25064087	0.00053218
9.26256180	0.00047042
9.27448273	0.00030204
9.28640366	0.00022603
9.29832458	0.00051117
9.31024551	0.00069833
9.32216644	0.00079804
9.33408737	0.00094190
9.34600830	0.00114848
9.35792923	0.00124156
9.36985016	0.00113808
9.38177109	0.00101272
9.39369202	0.00077809
9.40561295	0.00048704
9.41753387	0.00018693
9.42945480	0.00049748
9.44137573	0.00073956
9.45329666	0.00083963
9.46521759	0.00068225
9.47713852	0.00027971
9.48905945	0.00018579
9.50098038	0.00037077
9.51290131	0.00049148
9.52482224	0.00052749
9.53674316	0.00056361
9.54866409	0.00059114
9.56058502	0.00046184
9.57250595	0.00041884
9.58442688	0.00055439
9.59634781	0.00058264
9.60826874	0.00062673
9.62018967	0.00070624
9.63211060	0.00062747
9.64403152	0.00058716
9.65595245	0.00059857
9.66787338	0.00040231
9.67979431	0.00041180
9.69171524	0.00050750
9.70363617	0.00059406
9.71555710	0.00066700
9.72747803	0.00053609
9.73939896	0.00028978
9.75131989	0.00008439
9.76324081	0.00030061
9.77516174	0.00045488
9.78708267	0.00055621
9.79900360	0.00073833
9.81092453	0.00094930
9.82284546	0.00101238
9.83476639	0.00091287
9.84668732	0.00078600
9.85860825	0.00054542
9.87052917	0.00024769
9.88245010	0.00019206
9.89437103	0.00033741
9.90629196	0.00071186
9.91821289	0.00083933
9.93013382	0.00072203
9.94205475	0.00045344
9.95397568	0.00029433
9.96589661	0.00066214
9.97781754	0.00075440
9.98973846	0.00056255
10.00165939	0.00034332
10.01358032	0.00056949
10.02550125	0.00102643
10.03742218	0.00118173
10.04934311	0.00099719
10.06126404	0.00086712
10.07318497	0.00079104
10.08510590	0.00028099
10.09702682	0.00019993
10.10894775	0.00050256
10.12086868	0.00109667
10.13278961	0.00182434
10.14471054	0.00223770
10.15663147	0.00176234
10.16855240	0.00094714
10.18047333	0.00007812
10.19239426	0.00068564
10.20431519	0.00076105
10.21623611	0.00043071
10.22815704	0.00011949
10.24007797	0.00010747
10.25199890	0.00036335
10.26391983	0.00012615
10.27584076	0.00073388
10.28776169	0.00119011
10.29968262	0.00141725
10.31160355	0.00142985
10.32352448	0.00060566
10.33544540	0.00029150
10.34736633	0.00143363
10.35928726	0.02273368
10.37120819	0.09472288
10.38312912	0.16345040
10.39505005	0.17760910
10.40697098	0.17649290
10.41889191	0.13771930
10.43081284	0.05598573
10.44273376	0.00818843
10.45465469	0.00023202
10.46657562	0.00066667
10.47849655	0.00158246
10.49041748	0.00143858
10.50233841	0.00146138
10.51425934	0.00129289
10.52618027	0.00066206
10.53810120	0.00010098
10.55002213	0.00029160
10.56194305	0.00043611
10.57386398	0.00094322
10.58578491	0.00139801
10.59770584	0.00149565
10.60962677	0.00152696
10.62154770	0.00099746
10.63346863	0.00031829
10.64538956	0.00010105
10.65731049	0.00031928
10.66923141	0.00045813
10.68115234	0.00043167
10.69307327	0.00041769
10.70499420	0.00045071
10.71691513	0.00042895
10.72883606	0.00020435
10.74075699	0.00014904
10.75267792	0.00037360
10.76459885	0.00063464
10.77651978	0.00095536
10.78844070	0.00107155
10.80036163	0.00090018
10.81228256	0.00075600
10.82420349	0.00044851
10.83612442	0.00015552
10.84804535	0.00010232
10.85996628	0.00036854
10.87188721	0.00043020
10.88380814	0.00049030
10.89572906	0.00051102
10.90764999	0.00043783
10.91957092	0.00037813
10.93149185	0.00032603
10.94341278	0.00033311
10.95533371	0.00056750
10.96725464	0.00073418
10.97917557	0.00080030
10.99109650	0.00066913
11.00301743	0.00047186
11.01493835	0.00035343
11.02685928	0.00048830
11.03878021	0.00063643
11.05070114	0.00052052
11.06262207	0.00046899
11.07454300	0.00045421
11.08646393	0.00048570
11.09838486	0.00050062
11.11030579	0.00033228
11.12222672	0.00030670
11.13414764	0.00049897
11.14606857	0.00061809
11.15798950	0.00066080
11.16991043	0.00056450
11.18183136	0.00025311
11.19375229	0.00009197
11.20567322	0.00032327
11.21759415	0.00042527
11.22951508	0.00026677
11.24143600	0.00007285
11.25335693	0.00006606
11.26527786	0.00024687
11.27719879	0.00049301
11.28911972	0.00072491
11.30104065	0.00090658
11.31296158	0.00076853
11.32488251	0.00039392
11.33680344	0.00006877
11.34872437	0.00038190
11.36064529	0.00085453
11.37256622	0.00104047
11.38448715	0.00116844
11.39640808	0.00147299
11.40832901	0.00147912
11.42024994	0.00124415
11.43217087	0.00116584
11.44409180	0.00091114
11.45601273	0.00062964
11.46793365	0.00072682
11.47985458	0.00071480
11.49177551	0.00049776
11.50369644	0.00042846
11.51561737	0.00024064
11.52753830	0.00008907
11.53945923	0.00020354
11.55138016	0.00016448
11.56330109	0.00025219
11.57522202	0.00052540
11.58714294	0.00229149
11.59906387	0.00843630
11.61098480	0.01279406
11.62290573	0.01353776
11.63482666	0.01338907
11.64674759	0.00939976
11.65866852	0.00332282
11.67058945	0.00040573
11.68251038	0.00020823
11.69443130	0.00005791
11.70635223	0.00049734
11.71827316	0.00059725
11.73019409	0.00061796
11.74211502	0.00052771
11.75403595	0.00028985
11.76595688	0.00018352
11.77787781	0.00047772
11.78979874	0.00176954
11.80171967	0.00375680
11.81364059	0.00457366
11.82556152	0.00441935
11.83748245	0.00386994
11.84940338	0.00213985
11.86132431	0.00064675
11.87324524	0.00054689
11.88516617	0.00067554
11.89708710	0.00094227
11.90900803	0.00105286
11.92092896	0.00092909
11.93284988	0.00069588
11.94477081	0.00054447
11.95669174	0.00058507
11.96861267	0.00050071
11.98053360	0.00053743
11.99245453	0.00099334
12.00437546	0.00149119
12.01629639	0.00147658
12.02821732	0.00125763
12.04013824	0.00115263
12.05205917	0.00106067
12.06398010	0.00073937
12.07590103	0.00033317
12.08782196	0.00003616
12.09974289	0.00017806
12.11166382	0.00036267
12.12358475	0.00063035
12.13550568	0.00073637
12.14742661	0.00053241
12.15934753	0.00033687
12.17126846	0.00032158
12.18318939	0.00022556
12.19511032	0.00015994
12.20703125	0.00039930
12.21895218	0.00055168
12.23087311	0.00047393
12.24279404	0.00031552
12.25471497	0.00012775
12.26663589	0.00013574
12.27855682	0.00027660
12.29047775	0.00050710
12.30239868	0.00052970
12.31431961	0.00054899
12.32624054	0.00068684
12.33816147	0.00062628
12.35008240	0.00052891
12.36200333	0.00032799
12.37392426	0.00033134
12.38584518	0.00057944
12.39776611	0.00072970
12.40968704	0.00085807
12.42160797	0.00071093
12.43352890	0.00034358
12.44544983	0.00028047
12.45737076	0.00029758
12.46929169	0.00033425
12.48121262	0.00036847
12.49313354	0.00055697
12.50505447	0.00077065
12.51697540	0.00059787
12.52889633	0.00034874
12.54081726	0.00035702
12.55273819	0.00032203
12.56465912	0.00018307
12.57658005	0.00043515
12.58850098	0.00054074
12.60042191	0.00058380
12.61234283	0.00070673
12.62426376	0.00074686
12.63618469	0.00099566
12.64810562	0.00116889
12.66002655	0.00126832
12.67194748	0.00104269
12.68386841	0.00101465
12.69578934	0.00116580
12.70771027	0.00110844
12.71963120	0.00109362
12.73155212	0.00106380
12.74347305	0.00085856
12.75539398	0.00050419
12.76731491	0.00034570
12.77923584	0.00024374
12.79115677	0.00046587
12.80307770	0.00029277
12.81499863	0.00044128
12.82691956	0.00056150
12.83884048	0.00030556
12.85076141	0.00041617
12.86268234	0.00040913
12.87460327	0.00021338
12.88652420	0.00014851
12.89844513	0.00033790
12.91036606	0.00027369
12.92228699	0.00050348
12.93420792	0.00044251
12.94612885	0.00042297
12.95804977	0.00073041
12.96997070	0.00032131
12.98189163	0.00074995
12.99381256	0.00055190
13.00573349	0.01846873
13.01765442	0.09702297
13.02957535	0.19679720
13.04149628	0.22803470
13.05341721	0.22693870
13.06533813	0.19428450
13.07725906	0.09376980
13.08917999	0.01649887
13.10110092	0.00103241
13.11302185	0.00012948
13.12494278	0.00068214
13.13686371	0.00082231
13.14878464	0.00055773
13.16070557	0.00066414
13.17262650	0.00092947
13.18454742	0.00072004
13.19646835	0.00047275
13.20838928	0.00042487
13.22031021	0.00060264
13.23223114	0.00042547
13.24415207	0.00027467
13.25607300	0.00048721
13.26799393	0.00065593
13.27991486	0.00059908
13.29183578	0.00058509
13.30375671	0.00055383
13.31567764	0.00009571
13.32759857	0.00053027
13.33951950	0.00044771
13.35144043	0.00051451
13.36336136	0.00056897
13.37528229	0.00028004
13.38720322	0.00097482
13.39912415	0.00195366
13.41104507	0.00232121
13.42296600	0.00225624
13.43488693	0.00185614
13.44680786	0.00098217
13.45872879	0.00038229
13.47064972	0.00077255
13.48257065	0.00153133
13.49449158	0.00151799
13.50641251	0.00068282
13.51833344	0.00011186
13.53025436	0.00071554
13.54217529	0.00102086
13.55409622	0.00070230
13.56601715	0.00063991
13.57793808	0.00088950
13.58985901	0.00075950
13.60177994	0.00084679
13.61370087	0.00117152
13.62562180	0.00121385
13.63754272	0.00117730
13.64946365	0.00120794
13.66138458	0.00115767
13.67330551	0.00108885
13.68522644	0.00114317
13.69714737	0.00111550
13.70906830	0.00087846
13.72098923	0.00078844
13.73291016	0.00082573
13.74483109	0.00081678
13.75675201	0.00073885
13.76867294	0.00070195
13.78059387	0.00045046
13.79251480	0.00024104
13.80443573	0.00047143
13.81635666	0.00054733
13.82827759	0.00060196
13.84019852	0.00089090
13.85211945	0.00112372
13.86404037	0.00104322
13.87596130	0.00075399
13.88788223	0.00041417
13.89980316	0.00013556
13.91172409	0.00035373
13.92364502	0.00033467
13.93556595	0.00027406
13.94748688	0.00037500
13.95940781	0.00052057
13.97132874	0.00058126
13.98324966	0.00053210
13.99517059	0.00051267
14.00709152	0.00066226
14.01901245	0.00083445
14.03093338	0.00062205
14.04285431	0.00035077
14.05477524	0.00084411
14.06669617	0.00095985
14.07861710	0.00084231
14.09053802	0.00041146
14.10245895	0.00033858
14.11437988	0.00054196
14.12630081	0.00036550
14.13822174	0.00025313
14.15014267	0.00019112
14.16206360	0.00015503
14.17398453	0.00013482
14.18590546	0.00010617
14.19782639	0.00046439
14.20974731	0.00063610
14.22166824	0.00071202
14.23358917	0.00047163
14.24551010	0.00230054
14.25743103	0.00485543
14.26935196	0.00585461
14.28127289	0.00615466
14.29319382	0.00492015
14.30511475	0.00220040
14.31703568	0.00064565
14.32895660	0.00066634
14.34087753	0.00090711
14.35279846	0.00081709
14.36471939	0.00059713
14.37664032	0.00044421
14.38856125	0.00016669
14.40048218	0.00041071
14.41240311	0.00050780
14.42432404	0.00068138
14.43624496	0.00100144
14.44816589	0.00131915
14.46008682	0.00132282
14.47200775	0.00094776
14.48392868	0.00057861
14.49584961	0.00026672
14.50777054	0.00068446
14.51969147	0.00060425
14.53161240	0.00020241
14.54353333	0.00018573
14.55545425	0.00038704
14.56737518	0.00058002
14.57929611	0.00065641
14.59121704	0.00068350
14.60313797	0.00083139
14.61505890	0.00083664
14.62697983	0.00064185
14.63890076	0.00065286
14.65082169	0.00124507
14.66274261	0.00173296
14.67466354	0.00181433
14.68658447	0.00162999
14.69850540	0.00116675
14.71042633	0.00067538
14.72234726	0.00048218
14.73426819	0.00020962
14.74618912	0.00020441
14.75811005	0.00032819
14.77003098	0.00038726
14.78195190	0.00030673
14.79387283	0.00026106
14.80579376	0.00049505
14.81771469	0.00059938
14.82963562	0.00049881
14.84155655	0.00032863
14.85347748	0.00007903
14.86539841	0.00027256
14.87731934	0.00039960
14.88924026	0.00039356
14.90116119	0.00046596
14.91308212	0.00043066
14.92500305	0.00027367
14.93692398	0.00019576
14.94884491	0.00004654
14.96076584	0.00025307
14.97268677	0.00019910
14.98460770	0.00008022
14.99652863	0.00008854
15.00844955	0.00031935
15.02037048	0.00028672
15.03229141	0.00016340
15.04421234	0.00019959
15.05613327	0.00044663
15.06805420	0.00078025
15.07997513	0.00087217
15.09189606	0.00088470
15.10381699	0.00100218
15.11573792	0.00089868
15.12765884	0.00069773
15.13957977	0.00075238
15.15150070	0.00083868
15.16342163	0.00081245
15.17534256	0.00089547
15.18726349	0.00086369
15.19918442	0.00067846
15.21110535	0.00055505
15.22302628	0.00047213
15.23494720	0.00045049
15.24686813	0.00064354
15.25878906	0.00072846
15.27070999	0.00049898
15.28263092	0.00025223
15.29455185	0.00040551
15.30647278	0.00068025
15.31839371	0.00058544
15.33031464	0.00032748
15.34223557	0.00023154
15.35415649	0.00058543
15.36607742	0.00092481
15.37799835	0.00108455
15.38991928	0.00112860
15.40184021	0.00122290
15.41376114	0.00116611
15.42568207	0.00093108
15.43760300	0.00097918
15.44952393	0.00088803
15.46144485	0.00073935
15.47336578	0.00221918
15.48528671	0.00333472
15.49720764	0.00363617
15.50912857	0.00357544
15.52104950	0.00259307
15.53297043	0.00131853
15.54489136	0.00073940
15.55681229	0.00053437
15.56873322	0.00061119
15.58065414	0.00056496
15.59257507	0.00037847
15.60449600	0.00040000
15.61641693	0.00019270
15.62833786	0.00027121
15.64025879	0.00027747
15.65217972	0.00232275
15.66410065	0.01471709
15.67602158	0.03497799
15.68794250	0.04438182
15.69986343	0.04419400
15.71178436	0.04035150
15.72370529	0.02333887
15.73562622	0.00581195
15.74754715	0.00117907
15.75946808	0.00118108
15.77138901	0.00080167
15.78330994	0.00043743
15.79523087	0.00021701
15.80715179	0.00032928
15.81907272	0.00068776
15.83099365	0.00070777
15.84291458	0.00072733
15.85483551	0.00096882
15.86675644	0.00109807
15.87867737	0.00140284
15.89059830	0.00148795
15.90251923	0.00105088
15.91444016	0.00055015
15.92636108	0.00010112
15.93828201	0.00032765
15.95020294	0.00052232
15.96212387	0.00034589
15.97404480	0.00022842
15.98596573	0.00003512
15.99788666	0.00032531
16.00980759	0.00029480
16.02172852	0.00008985
16.03364944	0.00013087
16.04557037	0.00022348
16.05749130	0.00032289
16.06941223	0.00027849
16.08133316	0.00027081
16.09325409	0.00023634
16.10517502	0.00026461
16.11709595	0.00016233
16.12901688	0.00013958
16.14093781	0.00012642
16.15285873	0.00027029
16.16477966	0.00035219
16.17670059	0.00030796
16.18862152	0.00026048
16.20054245	0.00023985
16.21246338	0.00030377
16.22438431	0.00039392
16.23630524	0.00051615
16.24822617	0.00046273
16.26014709	0.00027360
16.27206802	0.00027720
16.28398895	0.00007830
16.29590988	0.00040211
16.30783081	0.00084007
16.31975174	0.00117398
16.33167267	0.00129227
16.34359360	0.00115889
16.35551453	0.00086236
16.36743546	0.00032689
16.37935638	0.00019200
16.39127731	0.00053776
16.40319824	0.00078332
16.41511917	0.00075013
16.42704010	0.00049427
16.43896103	0.00018307
16.45088196	0.00030683
16.46280289	0.00052853
16.47472382	0.00059257
16.48664474	0.00040821
16.49856567	0.00054768
16.51048660	0.00097066
16.52240753	0.00112795
16.53432846	0.00106309
16.54624939	0.00095942
16.55817032	0.00082560
16.57009125	0.00057595
16.58201218	0.00036442
16.59393311	0.00042629
16.60585403	0.00043297
16.61777496	0.00059069
16.62969589	0.00066476
16.64161682	0.00057039
16.65353775	0.00063183
16.66545868	0.00057262
16.67737961	0.00043875
16.68930054	0.00042575
16.70122147	0.00096271
16.71314240	0.00133367
16.72506332	0.00142831
16.73698425	0.00134590
16.74890518	0.00096067
16.76082611	0.00094161
16.77274704	0.00090303
16.78466797	0.00102706
16.79658890	0.00070198
16.80850983	0.00032054
16.82043076	0.00065516
16.83235168	0.00039796
16.84427261	0.00054942
16.85619354	0.00023296
16.86811447	0.00079605
16.88003540	0.01583825
16.89195633	0.08441222
16.90387726	0.17250130
16.91579819	0.20087780
16.92771912	0.20093080
16.93964005	0.17279020
16.95156097	0.08485559
16.96348190	0.01615496
16.97540283	0.00085659
16.98732376	0.00062226
16.99924469	0.00117057
17.01116562	0.00099031
17.02308655	0.00061375
17.03500748	0.00009942
17.04692841	0.00034324
17.05884933	0.00073250
17.07077026	0.00072741
17.08269119	0.00075833
17.09461212	0.00091597
17.10653305	0.00109221
17.11845398	0.00103180
17.13037491	0.00100249
17.14229584	0.00071561
17.15421677	0.00035344
17.16613770	0.00036579
17.17805862	0.00032761
17.18997955	0.00052324
17.20190048	0.00071947
17.21382141	0.00067116
17.22574234	0.00057400
17.23766327	0.00052275
17.24958420	0.00039043
17.26150513	0.00021158
17.27342606	0.00016809
17.28534698	0.00020248
17.29726791	0.00048971
17.30918884	0.00067045
17.32110977	0.00086326
17.33303070	0.00085173
17.34495163	0.00054918
17.35687256	0.00039719
17.36879349	0.00019809
17.38071442	0.00027811
17.39263535	0.00065751
17.40455627	0.00101838
17.41647720	0.00118495
17.42839813	0.00115467
17.44031906	0.00093698
17.45223999	0.00073878
17.46416092	0.00067767
17.47608185	0.00061039
17.48800278	0.00056178
17.49992371	0.00067169
17.51184464	0.00067267
17.52376556	0.00050662
17.53568649	0.00036360
17.54760742	0.00028942
17.55952835	0.00033336
17.57144928	0.00047843
17.58337021	0.00027942
17.59529114	0.00031761
17.60721207	0.00043049
17.61913300	0.00048667
17.63105392	0.00062272
17.64297485	0.00070763
17.65489578	0.00066799
17.66681671	0.00047507
17.67873764	0.00021173
17.69065857	0.00002589
17.70257950	0.00025343
17.71450043	0.00044896
17.72642136	0.00036039
17.73834229	0.00018809
17.75026321	0.00019427
17.76218414	0.00029006
17.77410507	0.00058629
17.78602600	0.00065040
17.79794693	0.00050085
17.80986786	0.00045278
17.82178879	0.00044795
17.83370972	0.00055107
17.84563065	0.00045273
17.85755157	0.00026059
17.86947250	0.00034987
17.88139343	0.00045759
17.89331436	0.00047396
17.90523529	0.00042800
17.91715622	0.00065977
17.92907715	0.00109075
17.94099808	0.00131594
17.95291901	0.00132027
17.96483994	0.00131730
17.97676086	0.00124160
17.98868179	0.00095932
18.00060272	0.00079123
18.01252365	0.00079258
18.02444458	0.00053646
18.03636551	0.00022033
18.04828644	0.00044247
18.06020737	0.00049392
18.07212830	0.00076301
18.08404922	0.00059413
18.09597015	0.00022123
18.10789108	0.00389080
18.11981201	0.01775783
18.13173294	0.03124920
18.14365387	0.03432706
18.15557480	0.03456122
18.16749573	0.02746257
18.17941666	0.01178557
18.19133759	0.00206036
18.20325851	0.00027472
18.21517944	0.00026818
18.22710037	0.00052292
18.23902130	0.00047202
18.25094223	0.00042214
18.26286316	0.00044687
18.27478409	0.00037845
18.28670502	0.00059706
18.29862595	0.00061926
18.31054688	0.00056910
18.32246780	0.00139049
18.33438873	0.00209465
18.34630966	0.00215230
18.35823059	0.00222737
18.37015152	0.00190947
18.38207245	0.00129302
18.39399338	0.00093595
18.40591431	0.00069852
18.41783524	0.00046449
18.42975616	0.00043356
18.44167709	0.00060229
18.45359802	0.00046886
18.46551895	0.00033446
18.47743988	0.00033902
18.48936081	0.00033965
18.50128174	0.00040577
18.51320267	0.00056229
18.52512360	0.00078522
18.53704453	0.00079325
18.54896545	0.00075288
18.56088638	0.00072496
18.57280731	0.00055052
18.58472824	0.00065189
18.59664917	0.00081871
18.60857010	0.00100790
18.62049103	0.00103337
18.63241196	0.00086013
18.64433289	0.00058777
18.65625381	0.00038774
18.66817474	0.00016563
18.68009567	0.00003019
18.69201660	0.00016945
18.70393753	0.00045194
18.71585846	0.00069544
18.72777939	0.00082978
18.73970032	0.00093498
18.75162125	0.00092445
18.76354218	0.00078812
18.77546310	0.00072242
18.78738403	0.00069514
18.79930496	0.00065516
18.81122589	0.00063273
18.82314682	0.00068337
18.83506775	0.00058832
18.84698868	0.00047246
18.85890961	0.00059986
18.87083054	0.00062429
18.88275146	0.00055555
18.89467239	0.00055333
18.90659332	0.00056969
18.91851425	0.00050802
18.93043518	0.00038821
18.94235611	0.00043897
18.95427704	0.00054673
18.96619797	0.00059522
18.97811890	0.00068990
18.99003983	0.00071824
19.00196075	0.00056288
19.01388168	0.00039203
19.02580261	0.00034572
19.03772354	0.00035901
19.04964447	0.00039752
19.06156540	0.00034625
19.07348633	0.00034104
19.08540726	0.00046123
19.09732819	0.00035979
19.10924911	0.00027968
19.12117004	0.00037988
19.13309097	0.00025324
19.14501190	0.00059517
19.15693283	0.00118976
19.16885376	0.00154123
19.18077469	0.00186755
19.19269562	0.00182258
19.20461655	0.00137715
19.21653748	0.00112897
19.22845840	0.00095680
19.24037933	0.00082920
19.25230026	0.00069354
19.26422119	0.00049082
19.27614212	0.00037127
19.28806305	0.00033329
19.29998398	0.00038411
19.31190491	0.00025869
19.32382584	0.00036855
19.33574677	0.00065177
19.34766769	0.00093407
19.35958862	0.00108466
19.37150955	0.00090470
19.38343048	0.00082155
19.39535141	0.00078555
19.40727234	0.00049677
19.41919327	0.00030053
19.43111420	0.00040633
19.44303513	0.00047812
19.45495605	0.00023264
19.46687698	0.00008091
19.47879791	0.00009480
19.49071884	0.00019293
19.50263977	0.00048920
19.51456070	0.00038977
19.52648163	0.00362519
19.53840256	0.02094919
19.55032349	0.04999809
19.56224442	0.06355657
19.57416534	0.06345692
19.58608627	0.05801985
19.59800720	0.03340915
19.60992813	0.00783990
19.62184906	0.00078314
19.63376999	0.00051053
19.64569092	0.00037693
19.65761185	0.00023083
19.66953278	0.00043011
19.68145370	0.00026006
19.69337463	0.00020896
19.70529556	0.00056117
19.71721649	0.00048300
19.72913742	0.00020999
19.74105835	0.00046123
19.75297928	0.00101474
19.76490021	0.00132439
19.77682114	0.00114418
19.78874207	0.00063735
19.80066299	0.00012035
19.81258392	0.00046622
19.82450485	0.00052052
19.83642578	0.00023073
19.84834671	0.00012209
19.86026764	0.00030035
19.87218857	0.00056534
19.88410950	0.00067857
19.89603043	0.00057306
19.90795135	0.00045515
19.91987228	0.00034630
19.93179321	0.00049996
19.94371414	0.00052540
19.95563507	0.00051465
19.96755600	0.00071529
19.97947693	0.00083899
19.99139786	0.00098464
20.00331879	0.00113740
20.01523972	0.00125031
20.02716064	0.00125104
20.03908157	0.00117087
20.05100250	0.00086594
20.06292343	0.00039636
20.07484436	0.00023434
20.08676529	0.00027145
20.09868622	0.00031323
20.11060715	0.00020158
20.12252808	0.00057342
20.13444901	0.00106401
20.14636993	0.00130644
20.15829086	0.00146971
20.17021179	0.00149608
20.18213272	0.00138904
20.19405365	0.00147851
20.20597458	0.00164269
20.21789551	0.00094839
20.22981644	0.00028593
20.24173737	0.00143409
20.25365829	0.00251999
20.26557922	0.00284237
20.27750015	0.00257809
20.28942108	0.00182091
20.30134201	0.00122891
20.31326294	0.00112139
20.32518387	0.00090504
20.33710480	0.00066662
20.34902573	0.00053000
20.36094666	0.00054869
20.37286758	0.00118566
20.38478851	0.00148509
20.39670944	0.00126908
20.40863037	0.00106096
20.42055130	0.00069441
20.43247223	0.00009635
20.44439316	0.00020314
20.45631409	0.00011308
20.46823502	0.00008512
20.48015594	0.00014961
20.49207687	0.00018935
20.50399780	0.00045601
20.51591873	0.00047650
20.52783966	0.00042022
20.53976059	0.00035410
20.55168152	0.00039228
20.56360245	0.00106833
20.57552338	0.00158188
20.58744431	0.00183900
20.59936523	0.00172966
20.61128616	0.00112604
20.62320709	0.00061135
20.63512802	0.00075425
20.64704895	0.00129922
20.65896988	0.00149963
20.67089081	0.00120568
20.68281174	0.00109412
20.69473267	0.00119202
20.70665359	0.00085789
20.71857452	0.00057772
20.73049545	0.00078829
20.74241638	0.00130292
20.75433731	0.00874251
20.76625824	0.04914042
20.77817917	0.10208060
20.79010010	0.11952920
20.80202103	0.12042430
20.81394196	0.10415570
20.82586288	0.05171759
20.83778381	0.01006558
20.84970474	0.00042868
20.86162567	0.00118326
20.87354660	0.00068858
20.88546753	0.00096529
20.89738846	0.00081192
20.90930939	0.00058282
20.92123032	0.00039863
20.93315125	0.00015935
20.94507217	0.00021960
20.95699310	0.00004145
20.96891403	0.00022382
20.98083496	0.00017140
20.99275589	0.00012669
21.00467682	0.00011498
21.01659775	0.00021141
21.02851868	0.00046522
21.04043961	0.00070856
21.05236053	0.00071413
21.06428146	0.00061033
21.07620239	0.00047381
21.08812332	0.00012196
21.10004425	0.00035610
21.11196518	0.00072876
21.12388611	0.00115409
21.13580704	0.00139212
21.14772797	0.00112443
21.15964890	0.00049096
21.17156982	0.00073417
21.18349075	0.00154644
21.19541168	0.00187778
21.20733261	0.00167185
21.21925354	0.00116767
21.23117447	0.00062018
21.24309540	0.00037436
21.25501633	0.00034045
21.26693726	0.00042995
21.27885818	0.00036181
21.29077911	0.00008187
21.30270004	0.00017435
21.31462097	0.00010608
21.32654190	0.00014256
21.33846283	0.00034541
21.35038376	0.00030745
21.36230469	0.00049014
21.37422562	0.00066419
21.38614655	0.00062612
21.39806747	0.00063325
21.40998840	0.00056153
21.42190933	0.00037495
21.43383026	0.00031462
21.44575119	0.00028517
21.45767212	0.00034445
21.46959305	0.00053585
21.48151398	0.00060163
21.49343491	0.00051286
21.50535583	0.00030708
21.51727676	0.00009927
21.52919769	0.00019181
21.54111862	0.00028897
21.55303955	0.00038470
21.56496048	0.00032660
21.57688141	0.00031629
21.58880234	0.00038032
21.60072327	0.00035358
21.61264420	0.00035187
21.62456512	0.00030506
21.63648605	0.00039014
21.64840698	0.00038443
21.66032791	0.00029756
21.67224884	0.00019814
21.68416977	0.00021041
21.69609070	0.00038450
21.70801163	0.00045645
21.71993256	0.00056851
21.73185349	0.00055471
21.74377441	0.00043690
21.75569534	0.00025490
21.76761627	0.00021733
21.77953720	0.00046344
21.79145813	0.00061964
21.80337906	0.00096413
21.81529999	0.00116429
21.82722092	0.00125560
21.83914185	0.00125452
21.85106277	0.00076334
21.86298370	0.00021215
21.87490463	0.00062291
21.88682556	0.00091343
21.89874649	0.00097610
21.91066742	0.00070280
21.92258835	0.00025613
21.93450928	0.00013247
21.94643021	0.00029627
21.95835114	0.00017565
21.97027206	0.00010071
21.98219299	0.00014307
21.99411392	0.00040534
22.00603485	0.00100055
22.01795578	0.00122679
22.02987671	0.00140470
22.04179764	0.00118822
22.05371857	0.00057928
22.06563950	0.00036530
22.07756042	0.00036835
22.08948135	0.00020256
22.10140228	0.00016111
22.11332321	0.00021234
22.12524414	0.00025418
22.13716507	0.00049404
22.14908600	0.00061100
22.16100693	0.00096133
22.17292786	0.00144261
22.18484879	0.00694908
22.19676971	0.02003485
22.20869064	0.02869637
22.22061157	0.02923509
22.23253250	0.02790279
22.24445343	0.01880582
22.25637436	0.00572905
22.26829529	0.00083410
22.28021622	0.00055037
22.29213715	0.00035833
22.30405807	0.00070624
22.31597900	0.00073077
22.32789993	0.00077414
22.33982086	0.00089226
22.35174179	0.00068249
22.36366272	0.00039931
22.37558365	0.00044151
22.38750458	0.00059875
22.39942551	0.00092667
22.41134644	0.00126254
22.42326736	0.00133197
22.43518829	0.00104729
22.44710922	0.00052628
22.45903015	0.00036869
22.47095108	0.00032302
22.48287201	0.00016564
22.49479294	0.00006731
22.50671387	0.00023166
22.51863480	0.00050196
22.53055573	0.00050824
22.54247665	0.00028556
22.55439758	0.00016354
22.56631851	0.00015464
22.57823944	0.00020491
22.59016037	0.00058210
22.60208130	0.00113319
22.61400223	0.00141893
22.62592316	0.00143896
22.63784409	0.00127911
22.64976501	0.00083924
22.66168594	0.00032142
22.67360687	0.00027697
22.68552780	0.00037164
22.69744873	0.00051965
22.70936966	0.00037050
22.72129059	0.00012019
22.73321152	0.00026862
22.74513245	0.00031345
22.75705338	0.00039555
22.76897430	0.00041655
22.78089523	0.00028902
22.79281616	0.00032107
22.80473709	0.00054613
22.81665802	0.00066315
22.82857895	0.00083393
22.84049988	0.00089601
22.85242081	0.00063371
22.86434174	0.00036887
22.87626266	0.00022390
22.88818359	0.00043159
22.90010452	0.00072171
22.91202545	0.00075635
22.92394638	0.00055942
22.93586731	0.00019880
22.94778824	0.00035156
22.95970917	0.00071115
22.97163010	0.00072144
22.98355103	0.00044990
22.99547195	0.00016200
23.00739288	0.00050681
23.01931381	0.00064034
23.03123474	0.00070162
23.04315567	0.00074274
23.05507660	0.00056604
23.06699753	0.00042106
23.07891846	0.00051548
23.09083939	0.00059805
23.10276031	0.00056180
23.11468124	0.00074381
23.12660217	0.00081483
23.13852310	0.00045199
23.15044403	0.00019511
23.16236496	0.00018046
23.17428589	0.00027301
23.18620682	0.00066222
23.19812775	0.00091443
23.21004868	0.00084900
23.22196960	0.00039567
23.23389053	0.00033601
23.24581146	0.00067096
23.25773239	0.00073895
23.26965332	0.00060457
23.28157425	0.00032477
23.29349518	0.00034025
23.30541611	0.00062511
23.31733704	0.00061523
23.32925797	0.00072134
23.34117889	0.00080383
23.35309982	0.00062945
23.36502075	0.00049534
23.37694168	0.00054342
23.38886261	0.00050205
23.40078354	0.00903463
23.41270447	0.06275814
23.42462540	0.15558770
23.43654633	0.19966200
23.44846725	0.20113970
23.46038818	0.18542550
23.47230911	0.10762720
23.48423004	0.02591392
23.49615097	0.00206342
23.50807190	0.00170994
23.51999283	0.00161367
23.53191376	0.00159313
23.54383469	0.00124860
23.55575562	0.00073866
23.56767654	0.00048365
23.57959747	0.00052923
23.59151840	0.00076647
23.60343933	0.00091093
23.61536026	0.00087461
23.62728119	0.00080510
23.63920212	0.00087701
23.65112305	0.00085256
23.66304398	0.00073600
23.67496490	0.00004428
23.68688583	0.00072853
23.69880676	0.00095629
23.71072769	0.00096928
23.72264862	0.00083534
23.73456955	0.00060896
23.74649048	0.00060366
23.75841141	0.00054193
23.77033234	0.00036874
23.78225327	0.00025015
23.79417419	0.00048870
23.80609512	0.00078307
23.81801605	0.00108708
23.82993698	0.00117651
23.84185791	0.00098288
23.85377884	0.00071448
23.86569977	0.00013477
23.87762070	0.00035881
23.88954163	0.00032660
23.90146255	0.00026447
23.91338348	0.00035596
23.92530441	0.00048856
23.93722534	0.00050084
23.94914627	0.00037950
23.96106720	0.00029199
23.97298813	0.00042975
23.98490906	0.00073692
23.99682999	0.00078240
24.00875092	0.00053580
24.02067184	0.00037333
24.03259277	0.00025591
24.04451370	0.00026807
24.05643463	0.00019198
24.06835556	0.00010859
24.08027649	0.00042101
24.09219742	0.00069879
24.10411835	0.00089965
24.11603928	0.00085823
24.12796021	0.00074655
24.13988113	0.00053025
24.15180206	0.00026106
24.16372299	0.00008152
24.17564392	0.00003437
24.18756485	0.00015632
24.19948578	0.00035012
24.21140671	0.00051627
24.22332764	0.00049071
24.23524857	0.00022905
24.24716949	0.00032703
24.25909042	0.00061885
24.27101135	0.00081642
24.28293228	0.00075598
24.29485321	0.00043738
24.30677414	0.00040464
24.31869507	0.00038213
24.33061600	0.00044365
24.34253693	0.00059337
24.35445786	0.00076453
24.36637878	0.00080699
24.37829971	0.00059061
24.39022064	0.00040693
24.40214157	0.00036467
24.41406250	0.00040450
24.42598343	0.00053799
24.43790436	0.00060400
24.44982529	0.00058281
24.46174622	0.00062021
24.47366714	0.00055539
24.48558807	0.00057156
24.49750900	0.00031074
24.50942993	0.00006848
24.52135086	0.00010900
24.53327179	0.00027431
24.54519272	0.00043412
24.55711365	0.00050087
24.56903458	0.00035264
24.58095551	0.00013702
24.59287643	0.00027621
24.60479736	0.00059498
24.61671829	0.00075457
24.62863922	0.00247623
24.64056015	0.01347288
24.65248108	0.02821903
24.66440201	0.03319552
24.67632294	0.03351729
24.68824387	0.02902781
24.70016479	0.01447346
24.71208572	0.00274941
24.72400665	0.00056252
24.73592758	0.00055862
24.74784851	0.00073376
24.75976944	0.00086477
24.77169037	0.00066935
24.78361130	0.00050564
24.79553223	0.00034258
24.80745316	0.00029671
24.81937408	0.00047730
24.83129501	0.00077507
24.84321594	0.00164603
24.85513687	0.00229065
24.86705780	0.00202959
24.87897873	0.00168439
24.89089966	0.00111901
24.90282059	0.00016978
24.91474152	0.00008249
24.92666245	0.00042934
24.93858337	0.00077388
24.95050430	0.00094146
24.96242523	0.00114713
24.97434616	0.00104899
24.98626709	0.00083067
24.99818802	0.00065463
25.01010895	0.00046061
25.02202988	0.00033817
25.03395081	0.00019765
25.04587173	0.00037581
25.05779266	0.00055074
25.06971359	0.00053905
25.08163452	0.00056751
25.09355545	0.00046396
25.10547638	0.00036186
25.11739731	0.00047604
25.12931824	0.00035144
25.14123917	0.00014918
25.15316010	0.00006201
25.16508102	0.00015303
25.17700195	0.00020203
25.18892288	0.00016373
25.20084381	0.00012158
25.21276474	0.00014621
25.22468567	0.00032223
25.23660660	0.00039023
25.24852753	0.00031180
25.26044846	0.00021730
25.27236938	0.00021887
25.28429031	0.00032110
25.29621124	0.00034986
25.30813217	0.00022409
25.32005310	0.00027849
25.33197403	0.00041355
25.34389496	0.00061066
25.35581589	0.00075050
25.36773682	0.00067716
25.37965775	0.00074689
25.39157867	0.00091505
25.40349960	0.00092237
25.41542053	0.00077775
25.42734146	0.00060897
25.43926239	0.00041079
25.45118332	0.00067553
25.46310425	0.00087201
25.47502518	0.00087906
25.48694611	0.00091015
25.49886703	0.00087391
25.51078796	0.00084216
25.52270889	0.00083095
25.53462982	0.00060999
25.54655075	0.00071785
25.55847168	0.00094538
25.57039261	0.00091808
25.58231354	0.00065152
25.59423447	0.00039054
25.60615540	0.00014750
25.61807632	0.00005158
25.62999725	0.00022481
25.64191818	0.00037108
25.65383911	0.00048159
25.66576004	0.00081101
25.67768097	0.00128307
25.68960190	0.00148873
25.70152283	0.00146960
25.71344376	0.00134277
25.72536469	0.00085610
25.73728561	0.00032476
25.74920654	0.00025213
25.76112747	0.00032335
25.77304840	0.00039335
25.78496933	0.00044584
25.79689026	0.00045647
25.80881119	0.00049871
25.82073212	0.00054976
25.83265305	0.00046281
25.84457397	0.00037260
25.85649490	0.00055319
25.86841583	0.00095874
25.88033676	0.00118613
25.89225769	0.00111721
25.90417862	0.00108829
25.91609955	0.00093393
25.92802048	0.00061164
25.93994141	0.00057226
25.95186234	0.00071127
25.96378326	0.00059409
25.97570419	0.00027713
25.98762512	0.00009044
25.99954605	0.00009882
26.01146698	0.00027697
26.02338791	0.00028948
26.03530884	0.00020912
26.04722977	0.00029606
26.05915070	0.00093910
26.07107162	0.00278966
26.08299255	0.00400699
26.09491348	0.00413643
26.10683441	0.00409985
26.11875534	0.00280959
26.13067627	0.00100120
26.14259720	0.00052266
26.15451813	0.00040615
26.16643906	0.00022685
26.17835999	0.00009648
26.19028091	0.00012720
26.20220184	0.00023825
26.21412277	0.00032437
26.22604370	0.00031300
26.23796463	0.00049764
26.24988556	0.00062117
26.26180649	0.00075490
26.27372742	0.00108437
26.28564835	0.00152094
26.29756927	0.00163459
26.30949020	0.00154781
26.32141113	0.00099897
26.33333206	0.00049756
26.34525299	0.00045128
26.35717392	0.00015064
26.36909485	0.00019083
26.38101578	0.00036643
26.39293671	0.00053091
26.40485764	0.00063132
26.41677856	0.00041601
26.42869949	0.00039104
26.44062042	0.00065591
26.45254135	0.00076851
26.46446228	0.00079207
26.47638321	0.00062092
26.48830414	0.00033183
26.50022507	0.00007857
26.51214600	0.00003987
26.52406693	0.00016139
26.53598785	0.00041667
26.54790878	0.00051774
26.55982971	0.00060627
26.57175064	0.00084408
26.58367157	0.00102653
26.59559250	0.00106884
26.60751343	0.00110942
26.61943436	0.00112140
26.63135529	0.00111752
26.64327621	0.00110774
26.65519714	0.00109108
26.66711807	0.00114190
26.67903900	0.00100502
26.69095993	0.00074657
26.70288086	0.00057583
26.71480179	0.00037188
26.72672272	0.00024172
26.73864365	0.00027387
26.75056458	0.00007288
26.76248550	0.00030690
26.77440643	0.00030381
26.78632736	0.00052760
26.79824829	0.00082331
26.81016922	0.00101397
26.82209015	0.00108666
26.83401108	0.00125965
26.84593201	0.00126209
26.85785294	0.00155547
26.86977386	0.00292267
26.88169479	0.00352070
26.89361572	0.00321006
26.90553665	0.00329270
26.91745758	0.00270454
26.92937851	0.00206385
26.94129944	0.00172177
26.95322037	0.00182301
26.96514130	0.00168264
26.97706223	0.00084732
26.98898315	0.00061354
27.00090408	0.00043828
27.01282501	0.00047430
27.02474594	0.00088862
27.03666687	0.00103891
27.04858780	0.00132391
27.06050873	0.00128318
27.07242966	0.00090031
27.08435059	0.00075493
27.09627151	0.00075236
27.10819244	0.00073932
27.12011337	0.00060703
27.13203430	0.00049796
27.14395523	0.00063931
27.15587616	0.00049005
27.16779709	0.00034791
27.17971802	0.00043223
27.19163895	0.00044702
27.20355988	0.00046025
27.21548080	0.00042927
27.22740173	0.00053775
27.23932266	0.00056335
27.25124359	0.00100835
27.26316452	0.00063180
27.27508545	0.00709170
27.28700638	0.06098893
27.29892731	0.15617930
27.31084824	0.20263280
27.32276917	0.20622570
27.33469009	0.19150160
27.34661102	0.11311450
27.35853195	0.02948620
27.37045288	0.00241425
27.38237381	0.00025189
27.39429474	0.00074601
27.40621567	0.00066676
27.41813660	0.00062228
27.43005753	0.00094842
27.44197845	0.00078992
27.45389938	0.00071637
27.46582031	0.00098064
27.47774124	0.00082217
27.48966217	0.00069968
27.50158310	0.00055052
27.51350403	0.00033809
27.52542496	0.00056507
27.53734589	0.00052246
27.54926682	0.00020448
27.56118774	0.00003187
27.57310867	0.00016138
27.58502960	0.00025523
27.59695053	0.00029547
27.60887146	0.00028048
27.62079239	0.00043841
27.63271332	0.00023464
27.64463425	0.00027341
27.65655518	0.00036272
27.66847610	0.00042437
27.68039703	0.00054245
27.69231796	0.00091534
27.70423889	0.00141828
27.71615982	0.00166133
27.72808075	0.00164903
27.74000168	0.00133473
27.75192261	0.00075195
27.76384354	0.00056749
27.77576447	0.00064294
27.78768539	0.00094866
27.79960632	0.00097630
27.81152725	0.00061638
27.82344818	0.00031403
27.83536911	0.00017012
27.84729004	0.00044832
27.85921097	0.00056465
27.87113190	0.00054287
27.88305283	0.00077925
27.89497375	0.00079654
27.90689468	0.00058589
27.91881561	0.00050177
27.93073654	0.00046475
27.94265747	0.00049680
27.95457840	0.00045593
27.96649933	0.00042426
27.97842026	0.00030781
27.99034119	0.00036018
28.00226212	0.00045873
28.01418304	0.00031815
28.02610397	0.00021801
28.03802490	0.00019237
28.04994583	0.00046750
28.06186676	0.00040104
28.07378769	0.00028906
28.08570862	0.00034608
28.09762955	0.00029824
28.10955048	0.00024404
28.12147141	0.00040506
28.13339233	0.00023368
28.14531326	0.00023558
28.15723419	0.00032246
28.16915512	0.00003921
28.18107605	0.00022017
28.19299698	0.00022615
28.20491791	0.00027377
28.21683884	0.00030177
28.22875977	0.00028002
28.24068069	0.00029851
28.25260162	0.00040158
28.26452255	0.00048499
28.27644348	0.00061812
28.28836441	0.00048881
28.30028534	0.00029410
28.31220627	0.00053153
28.32412720	0.00097722
28.33604813	0.00102129
28.34796906	0.00107037
28.35988998	0.00121092
28.37181091	0.00098553
28.38373184	0.00075670
28.39565277	0.00080514
28.40757370	0.00081226
28.41949463	0.00071055
28.43141556	0.00057085
28.44333649	0.00038981
28.45525742	0.00054247
28.46717834	0.00074660
28.47909927	0.00063479
28.49102020	0.00042675
28.50294113	0.00014412
28.51486206	0.00208469
28.52678299	0.00466547
28.53870392	0.00549468
28.55062485	0.00555325
28.56254578	0.00489167
28.57446671	0.00262142
28.58638763	0.00079195
28.59830856	0.00056263
28.61022949	0.00047848
28.62215042	0.00043047
28.63407135	0.00045054
28.64599228	0.00020284
28.65791321	0.00011733
28.66983414	0.00044150
28.68175507	0.00068915
28.69367599	0.00078713
28.70559692	0.00188333
28.71751785	0.00571592
28.72943878	0.00921913
28.74135971	0.00971460
28.75328064	0.00926307
28.76520157	0.00680745
28.77712250	0.00215128
28.78904343	0.00041263
28.80096436	0.00042202
28.81288528	0.00034452
28.82480621	0.00013618
28.83672714	0.00034896
28.84864807	0.00058693
28.86056900	0.00059935
28.87248993	0.00067596
28.88441086	0.00059876
28.89633179	0.00043786
28.90825272	0.00058308
28.92017365	0.00097634
28.93209457	0.00131599
28.94401550	0.00143390
28.95593643	0.00136872
28.96785736	0.00100087
28.97977829	0.00043641
28.99169922	0.00009853
29.00362015	0.00012496
29.01554108	0.00031965
29.02746201	0.00053491
29.03938293	0.00057851
29.05130386	0.00050899
29.06322479	0.00049249
29.07514572	0.00054763
29.08706665	0.00057991
29.09898758	0.00048313
29.11090851	0.00039523
29.12282944	0.00032739
29.13475037	0.00019131
29.14667130	0.00003721
29.15859222	0.00007741
29.17051315	0.00012077
29.18243408	0.00025034
29.19435501	0.00036143
29.20627594	0.00037177
29.21819687	0.00039781
29.23011780	0.00032219
29.24203873	0.00045653
29.25395966	0.00081870
29.26588058	0.00092954
29.27780151	0.00081151
29.28972244	0.00063420
29.30164337	0.00049228
29.31356430	0.00034545
29.32548523	0.00026173
29.33740616	0.00056430
29.34932709	0.00089852
29.36124802	0.00099647
29.37316895	0.00110218
29.38508987	0.00103229
29.39701080	0.00066095
29.40893173	0.00034034
29.42085266	0.00022090
29.43277359	0.00022659
29.44469452	0.00010778
29.45661545	0.00006056
29.46853638	0.00010687
29.48045731	0.00019080
29.49237823	0.00012665
29.50429916	0.00013020
29.51622009	0.00014123
29.52814102	0.00047400
29.54006195	0.00103895
29.55198288	0.00130592
29.56390381	0.00127521
29.57582474	0.00113713
29.58774567	0.00069968
29.59966660	0.00019470
29.61158752	0.00019806
29.62350845	0.00035936
29.63542938	0.00050196
29.64735031	0.00056314
29.65927124	0.00069963
29.67119217	0.00090350
29.68311310	0.00083159
29.69503403	0.00050197
29.70695496	0.00043075
29.71887589	0.00023218
29.73079681	0.00028422
29.74271774	0.00025456
29.75463867	0.00038860
29.76655960	0.00043764
29.77848053	0.00056949
29.79040146	0.00070838
29.80232239	0.00059206
29.81424332	0.00042476
29.82616425	0.00065038
29.83808517	0.00050124
29.85000610	0.00045159
29.86192703	0.00077817
29.87384796	0.00060181
29.88576889	0.00098366
29.89768982	0.00090398
29.90961075	0.00039651
29.92153168	0.00466468
29.93345261	0.04188082
29.94537354	0.12776080
29.95729446	0.18595200
29.96921539	0.19144790
29.98113632	0.18446700
29.99305725	0.12540170
30.00497818	0.03941449
30.01689911	0.00377037
30.02882004	0.00063532
30.04074097	0.00026089
30.05266190	0.00109776
30.06458282	0.00119712
30.07650375	0.00098663
30.08842468	0.00105362
30.10034561	0.00067535
30.11226654	0.00037950
30.12418747	0.00054831
30.13610840	0.00057235
30.14802933	0.00042261
30.15995026	0.00044382
30.17187119	0.00027288
30.18379211	0.00010172
30.19571304	0.00041102
30.20763397	0.00092343
30.21955490	0.00179180
30.23147583	0.00273256
30.24339676	0.00337539
30.25531769	0.00293489
30.26723862	0.00234937
30.27915955	0.00270041
30.29108047	0.00297264
30.30300140	0.00294472
30.31492233	0.00320165
30.32684326	0.00248853
30.33876419	0.00108417
30.35068512	0.00127012
30.36260605	0.00195029
30.37452698	0.00151903
30.38644791	0.00061391
30.39836884	0.00088438
30.41028976	0.00123027
30.42221069	0.00110719
30.43413162	0.00099176
30.44605255	0.00087281
30.45797348	0.00056660
30.46989441	0.00088888
30.48181534	0.00109487
30.49373627	0.00123690
30.50565720	0.00103973
30.51757813	0.00065514
30.52949905	0.00050184
30.54141998	0.00066151
30.55334091	0.00064217
30.56526184	0.00031472
30.57718277	0.00013923
30.58910370	0.00016593
30.60102463	0.00039401
30.61294556	0.00048804
30.62486649	0.00040893
30.63678741	0.00031640
30.64870834	0.00017642
30.66062927	0.00033654
30.67255020	0.00046248
30.68447113	0.00033443
30.69639206	0.00024995
30.70831299	0.00035285
30.72023392	0.00039270
30.73215485	0.00031803
30.74407578	0.00011111
30.75599670	0.00027496
30.76791763	0.00052765
30.77983856	0.00074058
30.79175949	0.00083834
30.80368042	0.00077583
30.81560135	0.00063267
30.82752228	0.00033963
30.83944321	0.00031054
30.85136414	0.00041573
30.86328506	0.00054349
30.87520599	0.00049312
30.88712692	0.00045945
30.89904785	0.00061763
30.91096878	0.00064245
30.92288971	0.00050702
30.93481064	0.00037035
30.94673157	0.00026657
30.95865250	0.00006965
30.97057343	0.00091327
30.98249435	0.00150876
30.99441528	0.00176903
31.00633621	0.00193062
31.01825714	0.00141040
31.03017807	0.00063934
31.04209900	0.00046117
31.05401993	0.00047271
31.06594086	0.00038371
31.07786179	0.00023027
31.08978271	0.00005146
31.10170364	0.00012278
31.11362457	0.00017854
31.12554550	0.00039897
31.13746643	0.00060407
31.14938736	0.00074147
31.16130829	0.00085538
31.17322922	0.00074635
31.18515015	0.00051222
31.19707108	0.00044956
31.20899200	0.00046745
31.22091293	0.00041578
31.23283386	0.00027776
31.24475479	0.00023022
31.25667572	0.00032422
31.26859665	0.00055175
31.28051758	0.00072299
31.29243851	0.00071708
31.30435944	0.00064745
31.31628036	0.00060495
31.32820129	0.00044538
31.34012222	0.00012621
31.35204315	0.00011907
31.36396408	0.00063458
31.37588501	0.00131016
31.38780594	0.00154970
31.39972687	0.00163184
31.41164780	0.00155690
31.42356873	0.00093998
31.43548965	0.00037759
31.44741058	0.00014835
31.45933151	0.00014270
31.47125244	0.00034350
31.48317337	0.00045416
31.49509430	0.00048150
31.50701523	0.00053298
31.51893616	0.00063667
31.53085709	0.00069445
31.54277802	0.00063752
31.55469894	0.00063059
31.56661987	0.00091107
31.57854080	0.00125312
31.59046173	0.00149472
31.60238266	0.00171450
31.61430359	0.00162728
31.62622452	0.00132343
31.63814545	0.00113259
31.65006638	0.00091619
31.66198730	0.00065542
31.67390823	0.00054654
31.68582916	0.00083309
31.69775009	0.00105006
31.70967102	0.00119148
31.72159195	0.00095283
31.73351288	0.00038358
31.74543381	0.00061257
31.75735474	0.00067778
31.76927567	0.00072971
31.78119659	0.00056073
31.79311752	0.00018174
31.80503845	0.00024317
31.81695938	0.00034748
31.82888031	0.00054890
31.84080124	0.00071742
31.85272217	0.00059239
31.86464310	0.00058366
31.87656403	0.00068262
31.88848495	0.00064324
31.90040588	0.00079404
31.91232681	0.00096698
31.92424774	0.00100026
31.93616867	0.00092659
31.94808960	0.00067555
31.96001053	0.00035617
31.97193146	0.00039749
31.98385239	0.00047362
31.99577332	0.00040379
32.00769424	0.00018741
32.01961517	0.00055527
32.03153610	0.00069088
32.04345703	0.00071537
32.05537796	0.00072032
32.06729889	0.00049233
32.07921982	0.00018274
32.09114075	0.00033615
32.10306168	0.00046915
32.11498260	0.00035749
32.12690353	0.00013228
32.13882446	0.00035954
32.15074539	0.00055037
32.16266632	0.00065215
32.17458725	0.00067168
32.18650818	0.00054504
32.19842911	0.00061223
32.21035004	0.00066157
32.22227097	0.00070807
32.23419189	0.00077921
32.24611282	0.00061091
32.25803375	0.00036471
32.26995468	0.00018478
32.28187561	0.00009477
32.29379654	0.00017437
32.30571747	0.00025535
32.31763840	0.00024763
32.32955933	0.00012552
32.34148026	0.00006828
32.35340118	0.00033030
32.36532211	0.00048214
32.37724304	0.00059782
32.38916397	0.00105880
32.40108490	0.00184752
32.41300583	0.00209356
32.42492676	0.00218660
32.43684769	0.00182422
32.44876862	0.00075477
32.46068954	0.00004565
32.47261047	0.00029314
32.48453140	0.00029735
32.49645233	0.00011637
32.50837326	0.00026693
32.52029419	0.00021264
32.53221512	0.00015048
32.54413605	0.00031766
32.55605698	0.00036718
32.56797791	0.00037207
32.57989883	0.00456716
32.59181976	0.01602841
32.60374069	0.02641908
32.61566162	0.02823983
32.62758255	0.02759747
32.63950348	0.02114242
32.65142441	0.00829438
32.66334534	0.00130555
32.67526627	0.00061960
32.68718719	0.00027250
32.69910812	0.00024165
32.71102905	0.00023012
32.72294998	0.00029485
32.73487091	0.00054374
32.74679184	0.00051703
32.75871277	0.00053333
32.77063370	0.00064172
32.78255463	0.00065404
32.79447556	0.00054868
32.80639648	0.00040987
32.81831741	0.00030100
32.83023834	0.00036160
32.84215927	0.00046568
32.85408020	0.00054597
32.86600113	0.00032665
32.87792206	0.00009017
32.88984299	0.00031004
32.90176392	0.00037288
32.91368484	0.00026866
32.92560577	0.00007137
32.93752670	0.00022254
32.94944763	0.00022963
32.96136856	0.00005144
32.97328949	0.00021718
32.98521042	0.00042185
32.99713135	0.00062071
33.00905228	0.00062870
33.02097321	0.00049679
33.03289413	0.00033969
33.04481506	0.00034578
33.05673599	0.00055798
33.06865692	0.00065456
33.08057785	0.00083013
33.09249878	0.00097036
33.10441971	0.00081492
33.11634064	0.00063480
33.12826157	0.00057925
33.14018250	0.00062400
33.15210342	0.00064363
33.16402435	0.00064701
33.17594528	0.00060298
33.18786621	0.00040983
33.19978714	0.00021761
33.21170807	0.00006748
33.22362900	0.00033622
33.23554993	0.00030709
33.24747086	0.00017051
33.25939178	0.00027022
33.27131271	0.00047799
33.28323364	0.00055614
33.29515457	0.00047849
33.30707550	0.00027376
33.31899643	0.00021040
33.33091736	0.00032884
33.34283829	0.00048302
33.35475922	0.00066424
33.36668015	0.00078031
33.37860107	0.00097051
33.39052200	0.00132178
33.40244293	0.00141280
33.41436386	0.00143219
33.42628479	0.00161048
33.43820572	0.00170970
33.45012665	0.00161861
33.46204758	0.00134774
33.47396851	0.00088719
33.48588943	0.00061896
33.49781036	0.00044113
33.50973129	0.00037637
33.52165222	0.00025737
33.53357315	0.00004739
33.54549408	0.00018302
33.55741501	0.00037949
33.56933594	0.00053079
33.58125687	0.00071565
33.59317780	0.00086160
33.60509872	0.00042868
33.61701965	0.00096113
33.62894058	0.00164853
33.64086151	0.00262782
33.65278244	0.00405122
33.66470337	0.00453935
33.67662430	0.00426023
33.68854523	0.00414498
33.70046616	0.00368391
33.71238708	0.00268884
33.72430801	0.00235301
33.73622894	0.00217964
33.74814987	0.00138168
33.76007080	0.00050760
33.77199173	0.00028410
33.78391266	0.00060824
33.79583359	0.00405472
33.80775452	0.04223144
33.81967545	0.13383000
33.83159637	0.19663890
33.84351730	0.20369060
33.85543823	0.19726890
33.86735916	0.13478980
33.87928009	0.04312249
33.89120102	0.00393967
33.90312195	0.00036474
33.91504288	0.00026371
33.92696381	0.00033027
33.93888474	0.00009967
33.95080566	0.00039537
33.96272659	0.00056808
33.97464752	0.00069436
33.98656845	0.00082616
33.99848938	0.00086656
34.01041031	0.00102883
34.02233124	0.00155524
34.03425217	0.00178301
34.04617310	0.00180037
34.05809402	0.00174020
34.07001495	0.00105686
34.08193588	0.00089578
34.09385681	0.00087669
34.10577774	0.00067011
34.11769867	0.00041878
34.12961960	0.00020795
34.14154053	0.00012225
34.15346146	0.00037252
34.16538239	0.00035389
34.17730331	0.00027734
34.18922424	0.00030037
34.20114517	0.00027757
34.21306610	0.00035135
34.22498703	0.00030361
34.23690796	0.00037474
34.24882889	0.00046632
34.26074982	0.00043541
34.27267075	0.00056952
34.28459167	0.00068720
34.29651260	0.00061187
34.30843353	0.00052949
34.32035446	0.00061151
34.33227539	0.00052444
34.34419632	0.00031343
34.35611725	0.00031788
34.36803818	0.00035197
34.37995911	0.00049040
34.39188004	0.00048251
34.40380096	0.00022243
34.41572189	0.00026545
34.42764282	0.00028544
34.43956375	0.00039396
34.45148468	0.00037359
34.46340561	0.00025643
34.47532654	0.00020575
34.48724747	0.00004461
34.49916840	0.00032189
34.51108932	0.00036940
34.52301025	0.00036509
34.53493118	0.00043860
34.54685211	0.00047264
34.55877304	0.00034543
34.57069397	0.00027545
34.58261490	0.00016088
34.59453583	0.00037646
34.60645676	0.00072001
34.61837769	0.00075207
34.63029861	0.00071942
34.64221954	0.00069637
34.65414047	0.00044358
34.66606140	0.00013837
34.67798233	0.00018405
34.68990326	0.00034596
34.70182419	0.00050696
34.71374512	0.00053161
34.72566605	0.00042748
34.73758698	0.00023164
34.74950790	0.00007214
34.76142883	0.00021566
34.77334976	0.00056390
34.78527069	0.00071219
34.79719162	0.00048573
34.80911255	0.00020185
34.82103348	0.00007714
34.83295441	0.00035733
34.84487534	0.00034326
34.85679626	0.00038493
34.86871719	0.00082786
34.88063812	0.00112615
34.89255905	0.00097914
34.90447998	0.00063935
34.91640091	0.00023282
34.92832184	0.00041205
34.94024277	0.00075009
34.95216370	0.00066070
34.96408463	0.00070560
34.97600555	0.00088276
34.98792648	0.00064600
34.99984741	0.00038734
35.01176834	0.00050953
35.02368927	0.00124544
35.03561020	0.00983725
35.04753113	0.02568493
35.05945206	0.03372005
35.07137299	0.03470447
35.08329391	0.03239345
35.09521484	0.01961119
35.10713577	0.00560091
35.11905670	0.00049487
35.13097763	0.00092387
35.14289856	0.00097782
35.15481949	0.00092028
35.16674042	0.00096540
35.17866135	0.00063351
35.19058228	0.00031779
35.20250320	0.00023600
35.21442413	0.00004255
35.22634506	0.00027825
35.23826599	0.00041384
35.25018692	0.00041098
35.26210785	0.00044148
35.27402878	0.00042602
35.28594971	0.00068831
35.29787064	0.00094173
35.30979156	0.00117749
35.32171249	0.00114653
35.33363342	0.00076434
35.34555435	0.00069444
35.35747528	0.00067065
35.36939621	0.00077818
35.38131714	0.00086150
35.39323807	0.00073752
35.40515900	0.00054769
35.41707993	0.00029573
35.42900085	0.00009169
35.44092178	0.00029944
35.45284271	0.00071243
35.46476364	0.00061684
35.47668457	0.00053070
35.48860550	0.00044585
35.50052643	0.00023066
35.51244736	0.00022959
35.52436829	0.00056741
35.53628922	0.00087410
35.54821014	0.00084355
35.56013107	0.00065333
35.57205200	0.00029735
35.58397293	0.00034038
35.59589386	0.00035257
35.60781479	0.00040393
35.61973572	0.00034957
35.63165665	0.00028017
35.64357758	0.00038006
35.65549850	0.00030416
35.66741943	0.00040800
35.67934036	0.00055115
35.69126129	0.00070311
35.70318222	0.00107158
35.71510315	0.00136609
35.72702408	0.00141415
35.73894501	0.00132862
35.75086594	0.00114301
35.76278687	0.00080126
35.77470779	0.00053561
35.78662872	0.00045865
35.79854965	0.00050858
35.81047058	0.00046341
35.82239151	0.00056639
35.83431244	0.00079235
35.84623337	0.00083082
35.85815430	0.00064441
35.87007523	0.00042402
35.88199615	0.00028441
35.89391708	0.00022452
35.90583801	0.00043440
35.91775894	0.00076384
35.92967987	0.00097401
35.94160080	0.00087619
35.95352173	0.00081926
35.96544266	0.00068213
35.97736359	0.00044029
35.98928452	0.00032554
36.00120544	0.00041014
36.01312637	0.00050416
36.02504730	0.00041608
36.03696823	0.00039999
36.04888916	0.00049134
36.06081009	0.00055018
36.07273102	0.00092202
36.08465195	0.00136166
36.09657288	0.00152356
36.10849380	0.00151685
36.12041473	0.00120553
36.13233566	0.00087306
36.14425659	0.00068475
36.15617752	0.00035747
36.16809845	0.00037567
36.18001938	0.00046690
36.19194031	0.00027877
36.20386124	0.00003775
36.21578217	0.00007446
36.22770309	0.00029433
36.23962402	0.00058175
36.25154495	0.00060065
36.26346588	0.00068723
36.27538681	0.00094972
36.28730774	0.00072125
36.29922867	0.00033126
36.31114960	0.00023770
36.32307053	0.00028899
36.33499146	0.00034705
36.34691238	0.00013135
36.35883331	0.00008976
36.37075424	0.00024720
36.38267517	0.00016493
36.39459610	0.00023555
36.40651703	0.00025971
36.41843796	0.00023722
36.43035889	0.00042155
36.44227982	0.00143202
36.45420074	0.02165958
36.46612167	0.08383904
36.47804260	0.14192290
36.48996353	0.15269020
36.50188446	0.14998990
36.51380539	0.11554100
36.52572632	0.04488840
36.53764725	0.00531810
36.54956818	0.00040975
36.56148911	0.00069169
36.57341003	0.00088378
36.58533096	0.00091272
36.59725189	0.00101200
36.60917282	0.00074993
36.62109375	0.00027422
36.63301468	0.00019956
36.64493561	0.00023855
36.65685654	0.00033116
36.66877747	0.00031636
36.68069839	0.00075889
36.69261932	0.00093352
36.70454025	0.00107483
36.71646118	0.00117122
36.72838211	0.00108862
36.74030304	0.00085667
36.75222397	0.00061279
36.76414490	0.00033459
36.77606583	0.00014883
36.78798676	0.00042269
36.79990768	0.00048232
36.81182861	0.00052928
36.82374954	0.00045399
36.83567047	0.00020205
36.84759140	0.00015538
36.85951233	0.00050358
36.87143326	0.00079217
36.88335419	0.00109497
36.89527512	0.00134811
36.90719604	0.00150019
36.91911697	0.00161822
36.93103790	0.00154259
36.94295883	0.00142155
36.95487976	0.00139987
36.96680069	0.00137962
36.97872162	0.00148207
36.99064255	0.00155571
37.00256348	0.00147199
37.01448441	0.00144725
37.02640533	0.00110311
37.03832626	0.00094746
37.05024719	0.00085448
37.06216812	0.00113997
37.07408905	0.00206086
37.08600998	0.00239292
37.09793091	0.00229835
37.10985184	0.00183238
37.12177277	0.00102104
37.13369370	0.00075127
37.14561462	0.00080303
37.15753555	0.00081254
37.16945648	0.00058077
37.18137741	0.00003313
37.19329834	0.00049852
37.20521927	0.00073869
37.21714020	0.00081077
37.22906113	0.00062112
37.24098206	0.00025168
37.25290298	0.00013074
37.26482391	0.00009393
37.27674484	0.00004017
37.28866577	0.00010744
37.30058670	0.00019985
37.31250763	0.00014671
37.32442856	0.00015799
37.33634949	0.00008671
37.34827042	0.00023623
37.36019135	0.00046331
37.37211227	0.00045890
37.38403320	0.00039428
37.39595413	0.00048549
37.40787506	0.00047433
37.41979599	0.00038371
37.43171692	0.00039820
37.44363785	0.00041673
37.45555878	0.00042026
37.46747971	0.00038803
37.47940063	0.00035674
37.49132156	0.00046746
37.50324249	0.00102222
37.51516342	0.00133525
37.52708435	0.00142335
37.53900528	0.00133135
37.55092621	0.00079808
37.56284714	0.00040734
37.57476807	0.00028823
37.58668900	0.00012090
37.59860992	0.00015668
37.61053085	0.00007364
37.62245178	0.00015413
37.63437271	0.00023335
37.64629364	0.00032498
37.65821457	0.00052449
37.67013550	0.00046125
37.68205643	0.00328796
37.69397736	0.01244929
37.70589828	0.01895586
37.71781921	0.02003641
37.72974014	0.01965543
37.74166107	0.01360958
37.75358200	0.00470890
37.76550293	0.00081270
37.77742386	0.00028098
37.78934479	0.00039330
37.80126572	0.00024773
37.81318665	0.00014758
37.82510757	0.00039806
37.83702850	0.00038375
37.84894943	0.00032904
37.86087036	0.00030860
37.87279129	0.00041207
37.88471222	0.00061474
37.89663315	0.00088527
37.90855408	0.00099192
37.92047501	0.00082926
37.93239594	0.00068604
37.94431686	0.00058061
37.95623779	0.00064435
37.96815872	0.00062757
37.98007965	0.00049332
37.99200058	0.00023958
38.00392151	0.00004376
38.01584244	0.00020085
38.02776337	0.00024111
38.03968430	0.00023249
38.05160522	0.00048266
38.06352615	0.00070275
38.07544708	0.00059522
38.08736801	0.00087711
38.09928894	0.00164188
38.11120987	0.00212646
38.12313080	0.00229750
38.13505173	0.00187825
38.14697266	0.00091811
38.15889359	0.00045766
38.17081451	0.00057939
38.18273544	0.00056891
38.19465637	0.00052453
38.20657730	0.00040201
38.21849823	0.00057076
38.23041916	0.00062049
38.24234009	0.00059922
38.25426102	0.00061937
38.26618195	0.00052940
38.27810287	0.00044017
38.29002380	0.00030812
38.30194473	0.00036647
38.31386566	0.00056283
38.32578659	0.00064342
38.33770752	0.00064597
38.34962845	0.00037331
38.36154938	0.00018361
38.37347031	0.00033632
38.38539124	0.00063075
38.39731216	0.00090836
38.40923309	0.00094511
38.42115402	0.00097709
38.43307495	0.00093645
38.44499588	0.00073207
38.45691681	0.00054441
38.46883774	0.00049541
38.48075867	0.00043310
38.49267960	0.00038931
38.50460052	0.00031175
38.51652145	0.00031099
38.52844238	0.00068370
38.54036331	0.00093006
38.55228424	0.00107019
38.56420517	0.00101569
38.57612610	0.00070736
38.58804703	0.00043466
38.59996796	0.00033021
38.61188889	0.00036586
38.62380981	0.00050724
38.63573074	0.00064363
38.64765167	0.00072139
38.65957260	0.00075885
38.67149353	0.00069169
38.68341446	0.00051182
38.69533539	0.00046220
38.70725632	0.00037966
38.71917725	0.00059365
38.73109818	0.00099581
38.74301910	0.00114781
38.75494003	0.00105061
38.76686096	0.00057999
38.77878189	0.00039309
38.79070282	0.00064826
38.80262375	0.00056386
38.81454468	0.00055565
38.82646561	0.00087531
38.83838654	0.00088627
38.85030746	0.00062225
38.86222839	0.00031672
38.87414932	0.00007074
38.88607025	0.00034497
38.89799118	0.00047280
38.90991211	0.00132818
38.92183304	0.00276685
38.93375397	0.00336430
38.94567490	0.00320695
38.95759583	0.00269866
38.96951675	0.00146530
38.98143768	0.00030556
38.99335861	0.00035918
39.00527954	0.00038750
39.01720047	0.00044033
39.02912140	0.00058245
39.04104233	0.00037693
39.05296326	0.00021541
39.06488419	0.00034659
39.07680511	0.00104187
39.08872604	0.00096773
39.10064697	0.00322132
39.11256790	0.01747919
39.12448883	0.03480669
39.13640976	0.04012113
39.14833069	0.03938919
39.16025162	0.03318552
39.17217255	0.01567292
39.18409348	0.00270027
39.19601440	0.00066831
39.20793533	0.00068799
39.21985626	0.00029055
39.23177719	0.00040816
39.24369812	0.00040483
39.25561905	0.00024288
39.26753998	0.00037569
39.27946091	0.00032870
39.29138184	0.00040549
39.30330276	0.00067036
39.31522369	0.00067596
39.32714462	0.00071085
39.33906555	0.00081373
39.35098648	0.00084062
39.36290741	0.00099478
39.37482834	0.00098355
39.38674927	0.00077590
39.39867020	0.00059578
39.41059113	0.00043912
39.42251205	0.00036904
39.43443298	0.00045413
39.44635391	0.00064813
39.45827484	0.00068524
39.47019577	0.00052954
39.48211670	0.00046208
39.49403763	0.00036960
39.50595856	0.00016754
39.51787949	0.00028345
39.52980042	0.00059641
39.54172134	0.00092265
39.55364227	0.00096272
39.56556320	0.00067023
39.57748413	0.00037869
39.58940506	0.00037713
39.60132599	0.00056242
39.61324692	0.00068681
39.62516785	0.00066597
39.63708878	0.00060346
39.64900970	0.00054225
39.66093063	0.00036720
39.67285156	0.00019810
39.68477249	0.00017509
39.69669342	0.00048762
39.70861435	0.00076080
39.72053528	0.00086624
39.73245621	0.00074803
39.74437714	0.00050522
39.75629807	0.00029755
39.76821899	0.00024939
39.78013992	0.00030992
39.79206085	0.00046647
39.80398178	0.00073610
39.81590271	0.00107906
39.82782364	0.00110550
39.83974457	0.00078789
39.85166550	0.00040213
39.86358643	0.00024475
39.87550735	0.00036375
39.88742828	0.00034004
39.89934921	0.00032498
39.91127014	0.00042617
39.92319107	0.00039657
39.93511200	0.00024698
39.94703293	0.00039957
39.95895386	0.00086825
39.97087479	0.00110390
39.98279572	0.00111172
39.99471664	0.00094777
40.00663757	0.00063366
40.01855850	0.00043182
40.03047943	0.00045747
40.04240036	0.00039760
40.05432129	0.00055751
40.06624222	0.00083247
40.07816315	0.00108072
40.09008408	0.00114058
40.10200500	0.00089209
40.11392593	0.00059380
40.12584686	0.00035810
40.13776779	0.00083376
40.14968872	0.00144296
40.16160965	0.00154388
40.17353058	0.00153905
40.18545151	0.00130096
40.19737244	0.00070618
40.20929337	0.00040153
40.22121429	0.00078618
40.23313522	0.00096048
40.24505615	0.00087303
40.25697708	0.00053398
40.26889801	0.00012737
40.28081894	0.00030280
40.29273987	0.00048239
40.30466080	0.00070940
40.31658173	0.00087450
40.32850266	0.02579842
40.34042358	0.10664900
40.35234451	0.18290350
40.36426544	0.19784210
40.37618637	0.19576810
40.38810730	0.15147630
40.40002823	0.05962435
40.41194916	0.00746417
40.42387009	0.00017522
40.43579102	0.00116815
40.44771194	0.00186958
40.45963287	0.00201523
40.47155380	0.00204090
40.48347473	0.00121935
40.49539566	0.00031253
40.50731659	0.00071941
40.51923752	0.00070144
40.53115845	0.00055083
40.54307938	0.00046354
40.55500031	0.00069660
40.56692123	0.00044836
40.57884216	0.00023850
40.59076309	0.00029199
40.60268402	0.00061413
40.61460495	0.00055494
40.62652588	0.00024427
40.63844681	0.00026511
40.65036774	0.00064530
40.66228867	0.00086011
40.67420959	0.00090008
40.68613052	0.00105496
40.69805145	0.00112357
40.70997238	0.00097639
40.72189331	0.00065261
40.73381424	0.00038779
40.74573517	0.00072729
40.75765610	0.00101442
40.76957703	0.00111491
40.78149796	0.00086905
40.79341888	0.00052348
40.80533981	0.00040097
40.81726074	0.00036370
40.82918167	0.00027008
40.84110260	0.00033598
40.85302353	0.00044746
40.86494446	0.00059838
40.87686539	0.00059570
40.88878632	0.00045841
40.90070724	0.00027398
40.91262817	0.00012747
40.92454910	0.00019262
40.93647003	0.00028087
40.94839096	0.00036652
40.96031189	0.00026553
40.97223282	0.00024222
40.98415375	0.00033411
40.99607468	0.00042962
41.00799561	0.00042882
41.01991653	0.00030681
41.03183746	0.00018362
41.04375839	0.00028743
41.05567932	0.00056501
41.06760025	0.00060129
41.07952118	0.00049224
41.09144211	0.00043624
41.10336304	0.00056592
41.11528397	0.00083606
41.12720490	0.00094132
41.13912582	0.00085770
41.15104675	0.00076343
41.16296768	0.00058093
41.17488861	0.00039034
41.18680954	0.00049924
41.19873047	0.00056152
41.21065140	0.00072382
41.22257233	0.00070889
41.23449326	0.00047062
41.24641418	0.00042471
41.25833511	0.00056247
41.27025604	0.00071688
41.28217697	0.00073989
41.29409790	0.00081231
41.30601883	0.00083783
41.31793976	0.00067799
41.32986069	0.00049364
41.34178162	0.00023802
41.35370255	0.00041605
41.36562347	0.00085718
41.37754440	0.00105855
41.38946533	0.00114114
41.40138626	0.00097581
41.41330719	0.00044127
41.42522812	0.00028080
41.43714905	0.00006723
41.44906998	0.00024057
41.46099091	0.00029199
41.47291183	0.00023681
41.48483276	0.00017747
41.49675369	0.00021392
41.50867462	0.00019739
41.52059555	0.00019008
41.53251648	0.00058849
41.54443741	0.00122451
41.55635834	0.00979319
41.56827927	0.03163945
41.58020020	0.04702019
41.59212112	0.04935059
41.60404205	0.04824628
41.61596298	0.03371756
41.62788391	0.01183238
41.63980484	0.00139518
41.65172577	0.00039031
41.66364670	0.00046739
41.67556763	0.00015492
41.68748856	0.00038879
41.69940948	0.00034381
41.71133041	0.00007868
41.72325134	0.00011882
41.73517227	0.00012322
41.74709320	0.00065956
41.75901413	0.00155139
41.77093506	0.00300081
41.78285599	0.00372936
41.79477692	0.00358141
41.80669785	0.00321193
41.81861877	0.00204725
41.83053970	0.00082618
41.84246063	0.00044753
41.85438156	0.00046782
41.86630249	0.00040519
41.87822342	0.00040050
41.89014435	0.00068187
41.90206528	0.00072724
41.91398621	0.00073058
41.92590714	0.00072506
41.93782806	0.00052840
41.94974899	0.00026069
41.96166992	0.00025391
41.97359085	0.00063233
41.98551178	0.00090836
41.99743271	0.00109505
42.00935364	0.00122109
42.02127457	0.00112746
42.03319550	0.00096221
42.04511642	0.00082743
42.05703735	0.00058270
42.06895828	0.00033661
42.08087921	0.00029718
42.09280014	0.00026791
42.10472107	0.00033771
42.11664200	0.00038773
42.12856293	0.00048059
42.14048386	0.00059305
42.15240479	0.00060958
42.16432571	0.00055518
42.17624664	0.00043001
42.18816757	0.00045956
42.20008850	0.00059839
42.21200943	0.00066276
42.22393036	0.00052509
42.23585129	0.00031949
42.24777222	0.00032230
42.25969315	0.00035409
42.27161407	0.00037009
42.28353500	0.00029040
42.29545593	0.00035697
42.30737686	0.00037879
42.31929779	0.00029823
42.33121872	0.00030224
42.34313965	0.00035980
42.35506058	0.00022445
42.36698151	0.00009954
42.37890244	0.00020978
42.39082336	0.00026405
42.40274429	0.00038059
42.41466522	0.00028704
42.42658615	0.00031901
42.43850708	0.00057680
42.45042801	0.00082424
42.46234894	0.00082453
42.47426987	0.00084273
42.48619080	0.00107348
42.49811172	0.00121219
42.51003265	0.00115015
42.52195358	0.00078804
42.53387451	0.00033705
42.54579544	0.00020650
42.55771637	0.00036026
42.56963730	0.00049707
42.58155823	0.00023616
42.59347916	0.00088099
42.60540009	0.00155358
42.61732101	0.00198254
42.62924194	0.00226384
42.64116287	0.00207219
42.65308380	0.00157044
42.66500473	0.00120097
42.67692566	0.00093597
42.68884659	0.00070972
42.70076752	0.00043974
42.71268845	0.00007590
42.72460938	0.00044698
42.73653030	0.00047933
42.74845123	0.00032653
42.76037216	0.00012340
42.77229309	0.00032890
42.78421402	0.00060438
42.79613495	0.00079249
42.80805588	0.00085354
42.81997681	0.00076392
42.83189774	0.00058465
42.84381866	0.00035432
42.85573959	0.00028152
42.86766052	0.00042027
42.87958145	0.00053888
42.89150238	0.00079356
42.90342331	0.00113434
42.91534424	0.00128356
42.92726517	0.00112560
42.93918610	0.00077492
42.95110703	0.00041682
42.96302795	0.00041549
42.97494888	0.00038602
42.98686981	0.00219704
42.99879074	0.00468806
43.01071167	0.00584400
43.02263260	0.00604782
43.03455353	0.00524112
43.04647446	0.00282036
43.05839539	0.00091484
43.07031631	0.00037185
43.08223724	0.00019080
43.09415817	0.00024099
43.10607910	0.00035465
43.11800003	0.00063085
43.12992096	0.00085689
43.14184189	0.00070200
43.15376282	0.00038178
43.16568375	0.00020157
43.17760468	0.00010993
43.18952560	0.00045562
43.20144653	0.00102558
43.21336746	0.00121530
43.22528839	0.00134364
43.23720932	0.00135140
43.24913025	0.00091577
43.26105118	0.00057008
43.27297211	0.00072371
43.28489304	0.00079271
43.29681396	0.00079047
43.30873489	0.00076228
43.32065582	0.00044633
43.33257675	0.00018375
43.34449768	0.00056878
43.35641861	0.00085147
43.36833954	0.00104894
43.38026047	0.00110919
43.39218140	0.00110515
43.40410233	0.00109634
43.41602325	0.00095417
43.42794418	0.00068632
43.43986511	0.00032538
43.45178604	0.00011227
43.46370697	0.00039204
43.47562790	0.00049361
43.48754883	0.00040155
43.49946976	0.00017128
43.51139069	0.00016740
43.52331161	0.00033371
43.53523254	0.00055815
43.54715347	0.00070548
43.55907440	0.00069084
43.57099533	0.00057560
43.58291626	0.00059916
43.59483719	0.00093692
43.60675812	0.00124444
43.61867905	0.00156254
43.63059998	0.00162502
43.64252090	0.00131224
43.65444183	0.00107561
43.66636276	0.00095383
43.67828369	0.00063731
43.69020462	0.00045777
43.70212555	0.00044781
43.71404648	0.00053466
43.72596741	0.00077576
43.73788834	0.00037373
43.74980927	0.00013189
43.76173019	0.00074380
43.77365112	0.00105706
43.78557205	0.00091929
43.79749298	0.00093312
43.80941391	0.00105813
43.82133484	0.00140913
43.83325577	0.00102781
43.84517670	0.00052664
43.85709763	0.00021485
43.86901855	0.00011793
43.88093948	0.00057893
43.89286041	0.00081634
43.90478134	0.00072459
43.91670227	0.00037266
43.92862320	0.00089154
43.94054413	0.00123447
43.95246506	0.00107983
43.96438599	0.00094182
43.97630692	0.00068658
43.98822784	0.00014600
44.00014877	0.00057040
44.01206970	0.00062670
44.02399063	0.00048507
44.03591156	0.00052554
44.04783249	0.00044273
44.05975342	0.00029732
44.07167435	0.00058017
44.08359528	0.00091525
44.09551620	0.00067389
44.10743713	0.00070948
44.11935806	0.00098784
44.13127899	0.00052852
44.14319992	0.00097683
44.15512085	0.00109208
44.16704178	0.00019221
44.17896271	0.00080742
44.19088364	0.00235494
44.20280457	0.03525737
44.21472549	0.14860770
44.22664642	0.25706300
44.23856735	0.27965380
44.25048828	0.27841360
44.26240921	0.21784880
44.27433014	0.08933918
44.28625107	0.01367563
44.29817200	0.00063937
44.31009293	0.00114076
44.32201385	0.00115266
44.33393478	0.00026092
44.34585571	0.00054515
44.35777664	0.00028008
44.36969757	0.00028722
44.38161850	0.00026837
44.39353943	0.00030790
44.40546036	0.00035890
44.41738129	0.00008290
44.42930222	0.00012038
44.44122314	0.00012060
44.45314407	0.00049240
44.46506500	0.00049313
44.47698593	0.00022750
44.48890686	0.00033661
44.50082779	0.00042592
44.51274872	0.00021593
44.52466965	0.00025204
44.53659058	0.00046691
44.54851151	0.00045896
44.56043243	0.00038899
44.57235336	0.00068281
44.58427429	0.00088537
44.59619522	0.00074869
44.60811615	0.00088164
44.62003708	0.00121100
44.63195801	0.00116711
44.64387894	0.00088291
44.65579987	0.00078545
44.66772079	0.00049388
44.67964172	0.00051270
44.69156265	0.00073393
44.70348358	0.00083257
44.71540451	0.00080879
44.72732544	0.00085383
44.73924637	0.00087210
44.75116730	0.00055165
44.76308823	0.00036232
44.77500916	0.00049539
44.78693008	0.00029573
44.79885101	0.00033347
44.81077194	0.00041113
44.82269287	0.00020614
44.83461380	0.00031049
44.84653473	0.00034041
44.85845566	0.00018413
44.87037659	0.00013816
44.88229752	0.00028927
44.89421844	0.00017822
44.90613937	0.00006161
44.91806030	0.00017907
44.92998123	0.00042843
44.94190216	0.00075063
44.95382309	0.00078494
44.96574402	0.00079168
44.97766495	0.00071150
44.98958588	0.00039006
45.00150681	0.00039130
45.01342773	0.00061052
45.02534866	0.00073360
45.03726959	0.00084299
45.04919052	0.00075183
45.06111145	0.00039922
45.07303238	0.00018382
45.08495331	0.00026780
45.09687424	0.00029033
45.10879517	0.00004575
45.12071609	0.00024462
45.13263702	0.00039415
45.14455795	0.00053938
45.15647888	0.00055151
45.16839981	0.00059598
45.18032074	0.00061385
45.19224167	0.00071432
45.20416260	0.00092497
45.21608353	0.00084925
45.22800446	0.00041335
45.23992538	0.00047015
45.25184631	0.00105681
45.26376724	0.00113324
45.27568817	0.00097365
45.28760910	0.00069873
45.29953003	0.00024006
45.31145096	0.00023615
45.32337189	0.00049063
45.33529282	0.00069677
45.34721375	0.00052492
45.35913467	0.00006854
45.37105560	0.00056561
45.38297653	0.00084226
45.39489746	0.00111786
45.40681839	0.00141607
45.41873932	0.00142852
45.43066025	0.00139759
45.44258118	0.00185649
45.45450211	0.00205067
45.46642303	0.00171090
45.47834396	0.00151458
45.49026489	0.00097025
45.50218582	0.00025745
45.51410675	0.00082251
45.52602768	0.00078745
45.53794861	0.00071733
45.54986954	0.00067120
45.56179047	0.00055129
45.57371140	0.00054096
45.58563232	0.00074783
45.59755325	0.00068094
45.60947418	0.00031156
45.62139511	0.00136579
45.63331604	0.00744101
45.64523697	0.01720346
45.65715790	0.02166861
45.66907883	0.02153451
45.68099976	0.01943740
45.69292068	0.01089248
45.70484161	0.00235435
45.71676254	0.00073561
45.72868347	0.00063809
45.74060440	0.00055605
45.75252533	0.00054340
45.76444626	0.00026641
45.77636719	0.00040469
45.78828812	0.00043253
45.80020905	0.00034697
45.81212997	0.00044955
45.82405090	0.00054219
45.83597183	0.00078739
45.84789276	0.00132690
45.85981369	0.00156386
45.87173462	0.00146390
45.88365555	0.00126293
45.89557648	0.00088478
45.90749741	0.00041243
45.91941833	0.00023326
45.93133926	0.00044187
45.94326019	0.00065848
45.95518112	0.00079561
45.96710205	0.00093412
45.97902298	0.00070288
45.99094391	0.00033422
46.00286484	0.00049230
46.01478577	0.00087157
46.02670670	0.00134248
46.03862762	0.00128540
46.05054855	0.00093505
46.06246948	0.00072471
46.07439041	0.00047405
46.08631134	0.00045580
46.09823227	0.00051526
46.11015320	0.00039465
46.12207413	0.00023556
46.13399506	0.00023863
46.14591599	0.00032915
46.15783691	0.00031373
46.16975784	0.00035191
46.18167877	0.00046957
46.19359970	0.00071419
46.20552063	0.00083792
46.21744156	0.00076842
46.22936249	0.00072447
46.24128342	0.00060165
46.25320435	0.00065313
46.26512527	0.00087481
46.27704620	0.00080434
46.28896713	0.00063525
46.30088806	0.00067028
46.31280899	0.00064079
46.32472992	0.00053464
46.33665085	0.00046874
46.34857178	0.00021200
46.36049271	0.00039087
46.37241364	0.00053140
46.38433456	0.00063476
46.39625549	0.00058031
46.40817642	0.00043962
46.42009735	0.00029749
46.43201828	0.00021684
46.44393921	0.00022835
46.45586014	0.00025019
46.46778107	0.00010563
46.47970200	0.00002628
46.49162292	0.00030918
46.50354385	0.00054455
46.51546478	0.00050215
46.52738571	0.00037613
46.53930664	0.00019924
46.55122757	0.00017591
46.56314850	0.00036476
46.57506943	0.00050650
46.58699036	0.00038001
46.59891129	0.00027483
46.61083221	0.00027634
46.62275314	0.00008070
46.63467407	0.00006870
46.64659500	0.00035068
46.65851593	0.00016554
46.67043686	0.00056910
46.68235779	0.00081749
46.69427872	0.00069393
46.70619965	0.00077438
46.71812057	0.00049962
46.73004150	0.00048548
46.74196243	0.00029652
46.75388336	0.00059271
46.76580429	0.00118468
46.77772522	0.00169703
46.78964615	0.00174581
46.80156708	0.00142906
46.81348801	0.00056075
46.82540894	0.00061655
46.83732986	0.00095385
46.84925079	0.01853826
46.86117172	0.09531825
46.87309265	0.19327120
46.88501358	0.22408090
46.89693451	0.22342610
46.90885544	0.19152470
46.92077637	0.09276906
46.93269730	0.01660501
46.94461823	0.00059073
46.95653915	0.00032948
46.96846008	0.00069538
46.98038101	0.00118187
46.99230194	0.00160989
47.00422287	0.00146116
47.01614380	0.00099026
47.02806473	0.00058200
47.03998566	0.00030730
47.05190659	0.00021304
47.06382751	0.00029288
47.07574844	0.00039438
47.08766937	0.00041451
47.09959030	0.00046436
47.11151123	0.00030415
47.12343216	0.00058489
47.13535309	0.00110430
47.14727402	0.00120694
47.15919495	0.00136624
47.17111588	0.00148188
47.18303680	0.00132730
47.19495773	0.00096012
47.20687866	0.00054693
47.21879959	0.00036915
47.23072052	0.00049828
47.24264145	0.00055935
47.25456238	0.00037246
47.26648331	0.00023210
47.27840424	0.00018704
47.29032516	0.00009129
47.30224609	0.00032334
47.31416702	0.00032086
47.32608795	0.00032283
47.33800888	0.00033963
47.34992981	0.00012648
47.36185074	0.00017467
47.37377167	0.00027097
47.38569260	0.00056988
47.39761353	0.00083268
47.40953445	0.00089867
47.42145538	0.00105290
47.43337631	0.00094780
47.44529724	0.00067209
47.45721817	0.00059648
47.46913910	0.00048975
47.48106003	0.00029777
47.49298096	0.00024575
47.50490189	0.00011471
47.51682281	0.00025328
47.52874374	0.00048798
47.54066467	0.00062658
47.55258560	0.00076335
47.56450653	0.00084501
47.57642746	0.00076009
47.58834839	0.00039194
47.60026932	0.00022735
47.61219025	0.00037184
47.62411118	0.00046725
47.63603210	0.00042303
47.64795303	0.00035269
47.65987396	0.00040212
47.67179489	0.00040126
47.68371582	0.00045816
47.69563675	0.00064589
47.70755768	0.00058282
47.71947861	0.00057033
47.73139954	0.00050835
47.74332047	0.00024529
47.75524139	0.00043410
47.76716232	0.00052149
47.77908325	0.00043406
47.79100418	0.00041694
47.80292511	0.00052312
47.81484604	0.00057017
47.82676697	0.00045434
47.83868790	0.00015775
47.85060883	0.00016814
47.86252975	0.00046396
47.87445068	0.00054407
47.88637161	0.00024536
47.89829254	0.00026627
47.91021347	0.00062214
47.92213440	0.00087544
47.93405533	0.00079778
47.94597626	0.00050123
47.95789719	0.00032639
47.96981812	0.00021545
47.98173904	0.00004564
47.99365997	0.00020432
48.00558090	0.00051829
48.01750183	0.00074373
48.02942276	0.00066410
48.04134369	0.00049190
48.05326462	0.00042623
48.06518555	0.00049057
48.07710648	0.00235824
48.08902740	0.00877248
48.10094833	0.01494320
48.11286926	0.01620219
48.12479019	0.01602437
48.13671112	0.01261888
48.14863205	0.00553451
48.16055298	0.00134469
48.17247391	0.00055929
48.18439484	0.00030008
48.19631577	0.00018473
48.20823669	0.00036334
48.22015762	0.00065584
48.23207855	0.00059474
48.24399948	0.00024642
48.25592041	0.00019862
48.26784134	0.00047466
48.27976227	0.00024306
48.29168320	0.00090090
48.30360413	0.00169074
48.31552505	0.00184789
48.32744598	0.00166360
48.33936691	0.00109586
48.35128784	0.00066385
48.36320877	0.00060127
48.37512970	0.00041515
48.38705063	0.00037516
48.39897156	0.00055059
48.41089249	0.00081970
48.42281342	0.00070464
48.43473434	0.00036067
48.44665527	0.00016643
48.45857620	0.00017937
48.47049713	0.00025828
48.48241806	0.00036633
48.49433899	0.00050602
48.50625992	0.00057142
48.51818085	0.00054547
48.53010178	0.00047159
48.54202271	0.00040601
48.55394363	0.00038657
48.56586456	0.00041999
48.57778549	0.00057590
48.58970642	0.00050931
48.60162735	0.00039751
48.61354828	0.00043417
48.62546921	0.00046772
48.63739014	0.00052699
48.64931107	0.00051202
48.66123199	0.00035428
48.67315292	0.00031795
48.68507385	0.00053919
48.69699478	0.00067677
48.70891571	0.00069182
48.72083664	0.00065367
48.73275757	0.00055897
48.74467850	0.00039170
48.75659943	0.00018317
48.76852036	0.00011579
48.78044128	0.00037496
48.79236221	0.00047893
48.80428314	0.00053314
48.81620407	0.00048925
