Частота	Канал A
(MГц)	(В)

0.00000000	0.20807630
0.00076294	0.14455180
0.00152588	0.09855293
0.00228882	0.03125367
0.00305176	0.00328110
0.00381470	0.00133056
0.00457764	0.00133339
0.00534058	0.00168277
0.00610352	0.00176848
0.00686646	0.00165431
0.00762939	0.00137260
0.00839233	0.00110065
0.00915527	0.00077736
0.00991821	0.00053686
0.01068115	0.00029479
0.01144409	0.00026001
0.01220703	0.00071259
0.01296997	0.00108993
0.01373291	0.00131921
0.01449585	0.00126191
0.01525879	0.00109835
0.01602173	0.00091227
0.01678467	0.00068426
0.01754761	0.00031586
0.01831055	0.00018724
0.01907349	0.00013817
0.01983643	0.00006961
0.02059937	0.00023466
0.02136230	0.00046173
0.02212524	0.00058124
0.02288818	0.00044646
0.02365112	0.00041832
0.02441406	0.00035318
0.02517700	0.00039492
0.02593994	0.00055911
0.02670288	0.00061564
0.02746582	0.00055778
0.02822876	0.00038015
0.02899170	0.00013420
0.02975464	0.00034650
0.03051758	0.00039573
0.03128052	0.00049228
0.03204346	0.00065855
0.03280640	0.00067480
0.03356934	0.00070163
0.03433228	0.00069872
0.03509521	0.00057700
0.03585815	0.00040833
0.03662109	0.00035188
0.03738403	0.00049623
0.03814697	0.00050283
0.03890991	0.00034606
0.03967285	0.00026215
0.04043579	0.00018681
0.04119873	0.00034635
0.04196167	0.00062832
0.04272461	0.00090561
0.04348755	0.00103809
0.04425049	0.00096771
0.04501343	0.00065971
0.04577637	0.00022243
0.04653931	0.00005729
0.04730225	0.00014569
0.04806519	0.00048164
0.04882813	0.00083028
0.04959106	0.00102631
0.05035400	0.00098351
0.05111694	0.00090667
0.05187988	0.00086076
0.05264282	0.00079873
0.05340576	0.00067888
0.05416870	0.00046576
0.05493164	0.00023332
0.05569458	0.00016805
0.05645752	0.00041274
0.05722046	0.00065743
0.05798340	0.00077864
0.05874634	0.00086305
0.05950928	0.00098603
0.06027222	0.00111462
0.06103516	0.00115275
0.06179810	0.00101247
0.06256104	0.00181841
0.06332397	0.00254027
0.06408691	0.00258607
0.06484985	0.00255317
0.06561279	0.00179522
0.06637573	0.00097769
0.06713867	0.00080751
0.06790161	0.00076899
0.06866455	0.00063217
0.06942749	0.00058565
0.07019043	0.00041508
0.07095337	0.00027459
0.07171631	0.00025458
0.07247925	0.00030316
0.07324219	0.00035872
0.07400513	0.00027310
0.07476807	0.00041754
0.07553101	0.00070829
0.07629395	0.00097639
0.07705688	0.00097359
0.07781982	0.00086979
0.07858276	0.00069717
0.07934570	0.00045724
0.08010864	0.00034884
0.08087158	0.00040212
0.08163452	0.00069577
0.08239746	0.00108820
0.08316040	0.00129112
0.08392334	0.00121041
0.08468628	0.00086669
0.08544922	0.00046746
0.08621216	0.00012580
0.08697510	0.00014057
0.08773804	0.00020324
0.08850098	0.00021756
0.08926392	0.00034426
0.09002686	0.00045998
0.09078979	0.00044845
0.09155273	0.00036043
0.09231567	0.00035580
0.09307861	0.00040827
0.09384155	0.00045751
0.09460449	0.00048151
0.09536743	0.00045405
0.09613037	0.00050432
0.09689331	0.00059858
0.09765625	0.00058745
0.09841919	0.00042246
0.09918213	0.00029325
0.09994507	0.00049314
0.10070801	0.00071360
0.10147095	0.00064365
0.10223389	0.00048622
0.10299683	0.00036565
0.10375977	0.00015016
0.10452271	0.00015434
0.10528564	0.00025300
0.10604858	0.00014105
0.10681152	0.00006580
0.10757446	0.00016865
0.10833740	0.00025523
0.10910034	0.00027510
0.10986328	0.00026214
0.11062622	0.00035525
0.11138916	0.00037755
0.11215210	0.00029785
0.11291504	0.00033237
0.11367798	0.00037249
0.11444092	0.00046887
0.11520386	0.00062470
0.11596680	0.00077075
0.11672974	0.00080353
0.11749268	0.00070611
0.11825562	0.00059841
0.11901855	0.00046439
0.11978149	0.00043097
0.12054443	0.00054728
0.12130737	0.00067021
0.12207031	0.00061784
0.12283325	0.00046176
0.12359619	0.00035142
0.12435913	0.00041836
0.12512207	0.00042074
0.12588501	0.00089280
0.12664795	0.00214040
0.12741089	0.00273096
0.12817383	0.00288107
0.12893677	0.00285928
0.12969971	0.00189955
0.13046265	0.00091456
0.13122559	0.00058522
0.13198853	0.00033396
0.13275146	0.00032704
0.13351440	0.00039847
0.13427734	0.00041472
0.13504028	0.00032632
0.13580322	0.00012672
0.13656616	0.00027972
0.13732910	0.00054516
0.13809204	0.00069676
0.13885498	0.00060516
0.13961792	0.00028931
0.14038086	0.00040621
0.14114380	0.00052921
0.14190674	0.00049707
0.14266968	0.00037783
0.14343262	0.00050995
0.14419556	0.00066574
0.14495850	0.00058872
0.14572144	0.00035355
0.14648438	0.00012184
0.14724731	0.00018342
0.14801025	0.00040778
0.14877319	0.00047123
0.14953613	0.00049940
0.15029907	0.00045246
0.15106201	0.00031779
0.15182495	0.00031490
0.15258789	0.00043921
0.15335083	0.00055004
0.15411377	0.00069011
0.15487671	0.00073938
0.15563965	0.00050425
0.15640259	0.00015699
0.15716553	0.00020817
0.15792847	0.00036890
0.15869141	0.00038053
0.15945435	0.00035192
0.16021729	0.00026139
0.16098022	0.00025724
0.16174316	0.00049978
0.16250610	0.00069129
0.16326904	0.00072430
0.16403198	0.00062907
0.16479492	0.00048321
0.16555786	0.00058725
0.16632080	0.00069037
0.16708374	0.00067509
0.16784668	0.00043415
0.16860962	0.00047386
0.16937256	0.00066634
0.17013550	0.00079870
0.17089844	0.00090974
0.17166138	0.00087026
0.17242432	0.00071298
0.17318726	0.00056491
0.17395020	0.00054866
0.17471313	0.00060890
0.17547607	0.00062187
0.17623901	0.00055721
0.17700195	0.00058710
0.17776489	0.00063125
0.17852783	0.00069569
0.17929077	0.00069124
0.18005371	0.00047487
0.18081665	0.00023296
0.18157959	0.00013858
0.18234253	0.00021041
0.18310547	0.00034220
0.18386841	0.00038963
0.18463135	0.00029075
0.18539429	0.00012449
0.18615723	0.00031751
0.18692017	0.00043970
0.18768311	0.00048541
0.18844604	0.00050641
0.18920898	0.00061945
0.18997192	0.00125730
0.19073486	0.00220340
0.19149780	0.00256866
0.19226074	0.00251510
0.19302368	0.00215160
0.19378662	0.00113971
0.19454956	0.00037964
0.19531250	0.00031732
0.19607544	0.00033106
0.19683838	0.00052181
0.19760132	0.00084886
0.19836426	0.00104538
0.19912720	0.00102365
0.19989014	0.00090685
0.20065308	0.00078896
0.20141602	0.00048854
0.20217896	0.00022099
0.20294189	0.00024762
0.20370483	0.00029789
0.20446777	0.00020566
0.20523071	0.00020162
0.20599365	0.00009738
0.20675659	0.00019353
0.20751953	0.00045221
0.20828247	0.00054075
0.20904541	0.00038397
0.20980835	0.00006470
0.21057129	0.00017484
0.21133423	0.00014036
0.21209717	0.00022121
0.21286011	0.00020234
0.21362305	0.00039981
0.21438599	0.00056511
0.21514893	0.00065248
0.21591187	0.00061734
0.21667480	0.00052658
0.21743774	0.00041401
0.21820068	0.00031170
0.21896362	0.00031360
0.21972656	0.00032477
0.22048950	0.00030358
0.22125244	0.00024025
0.22201538	0.00019914
0.22277832	0.00018398
0.22354126	0.00012860
0.22430420	0.00020696
0.22506714	0.00036931
0.22583008	0.00050928
0.22659302	0.00059492
0.22735596	0.00055592
0.22811890	0.00040932
0.22888184	0.00030482
0.22964478	0.00018521
0.23040771	0.00008458
0.23117065	0.00009009
0.23193359	0.00018779
0.23269653	0.00026697
0.23345947	0.00024907
0.23422241	0.00034220
0.23498535	0.00034943
0.23574829	0.00030962
0.23651123	0.00045357
0.23727417	0.00056950
0.23803711	0.00054508
0.23880005	0.00040748
0.23956299	0.00030238
0.24032593	0.00020122
0.24108887	0.00010078
0.24185181	0.00012137
0.24261475	0.00035401
0.24337769	0.00051657
0.24414063	0.00058096
0.24490356	0.00056530
0.24566650	0.00059627
0.24642944	0.00059027
0.24719238	0.00041377
0.24795532	0.00017504
0.24871826	0.00063356
0.24948120	0.00085630
0.25024414	0.00100380
0.25100708	0.00101212
0.25177002	0.00061065
0.25253296	0.00039255
0.25329590	0.00045669
0.25405884	0.00062962
0.25482178	0.00069449
0.25558472	0.00076650
0.25634766	0.00082789
0.25711060	0.00072323
0.25787354	0.00050997
0.25863647	0.00025794
0.25939941	0.00033570
0.26016235	0.00035776
0.26092529	0.00022243
0.26168823	0.00023813
0.26245117	0.00044104
0.26321411	0.00050443
0.26397705	0.00039255
0.26473999	0.00027666
0.26550293	0.00012051
0.26626587	0.00014449
0.26702881	0.00018896
0.26779175	0.00031252
0.26855469	0.00053915
0.26931763	0.00077706
0.27008057	0.00105305
0.27084351	0.00100314
0.27160645	0.00074586
0.27236938	0.00057207
0.27313232	0.00045782
0.27389526	0.00036527
0.27465820	0.00037223
0.27542114	0.00038437
0.27618408	0.00036817
0.27694702	0.00032907
0.27770996	0.00029648
0.27847290	0.00046558
0.27923584	0.00068103
0.27999878	0.00090498
0.28076172	0.00101671
0.28152466	0.00086702
0.28228760	0.00068152
0.28305054	0.00057619
0.28381348	0.00043027
0.28457642	0.00038887
0.28533936	0.00038662
0.28610229	0.00032547
0.28686523	0.00028132
0.28762817	0.00020344
0.28839111	0.00022173
0.28915405	0.00033037
0.28991699	0.00030662
0.29067993	0.00019808
0.29144287	0.00020018
0.29220581	0.00017013
0.29296875	0.00013394
0.29373169	0.00032246
0.29449463	0.00048255
0.29525757	0.00055631
0.29602051	0.00054531
0.29678345	0.00052910
0.29754639	0.00051850
0.29830933	0.00042543
0.29907227	0.00025536
0.29983521	0.00008476
0.30059814	0.00008470
0.30136108	0.00004087
0.30212402	0.00025512
0.30288696	0.00049443
0.30364990	0.00070125
0.30441284	0.00079666
0.30517578	0.00082036
0.30593872	0.00069761
0.30670166	0.00053882
0.30746460	0.00035412
0.30822754	0.00017195
0.30899048	0.00012554
0.30975342	0.00024141
0.31051636	0.00032885
0.31127930	0.00039370
0.31204224	0.00028990
0.31280518	0.00001270
0.31356812	0.00027216
0.31433105	0.00040243
0.31509399	0.00046668
0.31585693	0.00040318
0.31661987	0.00043829
0.31738281	0.00052474
0.31814575	0.00067435
0.31890869	0.00090327
0.31967163	0.00104488
0.32043457	0.00101139
0.32119751	0.00096034
0.32196045	0.00064894
0.32272339	0.00033389
0.32348633	0.00008158
0.32424927	0.00041079
0.32501221	0.00058593
0.32577515	0.00082261
0.32653809	0.00092585
0.32730103	0.00095089
0.32806396	0.00083095
0.32882690	0.00066287
0.32958984	0.00024323
0.33035278	0.00413438
0.33111572	0.03958641
0.33187866	0.11413750
0.33264160	0.15895120
0.33340454	0.16256070
0.33416748	0.15511930
0.33493042	0.10037350
0.33569336	0.02932363
0.33645630	0.00242165
0.33721924	0.00020570
0.33798218	0.00023343
0.33874512	0.00028204
0.33950806	0.00026996
0.34027100	0.00029294
0.34103394	0.00051778
0.34179688	0.00065671
0.34255981	0.00081919
0.34332275	0.00091672
0.34408569	0.00079634
0.34484863	0.00066362
0.34561157	0.00049517
0.34637451	0.00029045
0.34713745	0.00024143
0.34790039	0.00033103
0.34866333	0.00035348
0.34942627	0.00033104
0.35018921	0.00032505
0.35095215	0.00034707
0.35171509	0.00039632
0.35247803	0.00042909
0.35324097	0.00061219
0.35400391	0.00066154
0.35476685	0.00063630
0.35552979	0.00056452
0.35629272	0.00043296
0.35705566	0.00037763
0.35781860	0.00034533
0.35858154	0.00039898
0.35934448	0.00051677
0.36010742	0.00062401
0.36087036	0.00057958
0.36163330	0.00045689
0.36239624	0.00040779
0.36315918	0.00045733
0.36392212	0.00050917
0.36468506	0.00050325
0.36544800	0.00045375
0.36621094	0.00044022
0.36697388	0.00042950
0.36773682	0.00052294
0.36849976	0.00069482
0.36926270	0.00080986
0.37002563	0.00079057
0.37078857	0.00064632
0.37155151	0.00041698
0.37231445	0.00024803
0.37307739	0.00015312
0.37384033	0.00009037
0.37460327	0.00021191
0.37536621	0.00032566
0.37612915	0.00048040
0.37689209	0.00066636
0.37765503	0.00069764
0.37841797	0.00059117
0.37918091	0.00028852
0.37994385	0.00031539
0.38070679	0.00060949
0.38146973	0.00061451
0.38223267	0.00035962
0.38299561	0.00090181
0.38375854	0.00144601
0.38452148	0.00179754
0.38528442	0.00160119
0.38604736	0.00098572
0.38681030	0.00051750
0.38757324	0.00032111
0.38833618	0.00039626
0.38909912	0.00048627
0.38986206	0.00041827
0.39062500	0.00034940
0.39138794	0.00039094
0.39215088	0.00041179
0.39291382	0.00039744
0.39367676	0.00040137
0.39443970	0.00039216
0.39520264	0.00050700
0.39596558	0.00088867
0.39672852	0.00102182
0.39749146	0.00088859
0.39825439	0.00069822
0.39901733	0.00028089
0.39978027	0.00005677
0.40054321	0.00023696
0.40130615	0.00045045
0.40206909	0.00040642
0.40283203	0.00041418
0.40359497	0.00044499
0.40435791	0.00040717
0.40512085	0.00043186
0.40588379	0.00047951
0.40664673	0.00046381
0.40740967	0.00044230
0.40817261	0.00054116
0.40893555	0.00058479
0.40969849	0.00043756
0.41046143	0.00054185
0.41122437	0.00065755
0.41198730	0.00063590
0.41275024	0.00047060
0.41351318	0.00021227
0.41427612	0.00049037
0.41503906	0.00096394
0.41580200	0.00118290
0.41656494	0.00117861
0.41732788	0.00108846
0.41809082	0.00088042
0.41885376	0.00074440
0.41961670	0.00070949
0.42037964	0.00061364
0.42114258	0.00046836
0.42190552	0.00045366
0.42266846	0.00033272
0.42343140	0.00018015
0.42419434	0.00008964
0.42495728	0.00017903
0.42572021	0.00027292
0.42648315	0.00035127
0.42724609	0.00057591
0.42800903	0.00074227
0.42877197	0.00080399
0.42953491	0.00074692
0.43029785	0.00061984
0.43106079	0.00042271
0.43182373	0.00028988
0.43258667	0.00022615
0.43334961	0.00014828
0.43411255	0.00011983
0.43487549	0.00016674
0.43563843	0.00018818
0.43640137	0.00018182
0.43716431	0.00022993
0.43792725	0.00028282
0.43869019	0.00030717
0.43945313	0.00028720
0.44021606	0.00017674
0.44097900	0.00022435
0.44174194	0.00042622
0.44250488	0.00050231
0.44326782	0.00034890
0.44403076	0.00005941
0.44479370	0.00017405
0.44555664	0.00034408
0.44631958	0.00051968
0.44708252	0.00069260
0.44784546	0.00070918
0.44860840	0.00084485
0.44937134	0.00090444
0.45013428	0.00068860
0.45089722	0.00071457
0.45166016	0.00090692
0.45242310	0.00090823
0.45318604	0.00084940
0.45394897	0.00076120
0.45471191	0.00061782
0.45547485	0.00051860
0.45623779	0.00043971
0.45700073	0.00031558
0.45776367	0.00023092
0.45852661	0.00027241
0.45928955	0.00038012
0.46005249	0.00057473
0.46081543	0.00067304
0.46157837	0.00078912
0.46234131	0.00091939
0.46310425	0.00073406
0.46386719	0.00056397
0.46463013	0.00046821
0.46539307	0.00023820
0.46615601	0.00022889
0.46691895	0.00029219
0.46768188	0.00028290
0.46844482	0.00038078
0.46920776	0.00042272
0.46997070	0.00029023
0.47073364	0.00008998
0.47149658	0.00020233
0.47225952	0.00042358
0.47302246	0.00050613
0.47378540	0.00047580
0.47454834	0.00046686
0.47531128	0.00045492
0.47607422	0.00029130
0.47683716	0.00010020
0.47760010	0.00011668
0.47836304	0.00022629
0.47912598	0.00026363
0.47988892	0.00017712
0.48065186	0.00021924
0.48141479	0.00035626
0.48217773	0.00041370
0.48294067	0.00035010
0.48370361	0.00025933
0.48446655	0.00029634
0.48522949	0.00044238
0.48599243	0.00065217
0.48675537	0.00068349
0.48751831	0.00055576
0.48828125	0.00041942
0.48904419	0.00024965
0.48980713	0.00029108
0.49057007	0.00044898
0.49133301	0.00046299
0.49209595	0.00044816
0.49285889	0.00041165
0.49362183	0.00039611
0.49438477	0.00055069
0.49514771	0.00073840
0.49591064	0.00079439
0.49667358	0.00064685
0.49743652	0.00047841
0.49819946	0.00053685
0.49896240	0.00073565
0.49972534	0.00079324
0.50048828	0.00077592
0.50125122	0.00063521
0.50201416	0.00030098
0.50277710	0.00008625
0.50354004	0.00017786
0.50430298	0.00024763
0.50506592	0.00031254
0.50582886	0.00035661
0.50659180	0.00035133
0.50735474	0.00024432
0.50811768	0.00011824
0.50888062	0.00004707
0.50964355	0.00017267
0.51040649	0.00021397
0.51116943	0.00024983
0.51193237	0.00025215
0.51269531	0.00012072
0.51345825	0.00015962
0.51422119	0.00036547
0.51498413	0.00034856
0.51574707	0.00025814
0.51651001	0.00021368
0.51727295	0.00025080
0.51803589	0.00038784
0.51879883	0.00050800
0.51956177	0.00055107
0.52032471	0.00040915
0.52108765	0.00034541
0.52185059	0.00047449
0.52261353	0.00055729
0.52337646	0.00055483
0.52413940	0.00054145
0.52490234	0.00058473
0.52566528	0.00056012
0.52642822	0.00043063
0.52719116	0.00022653
0.52795410	0.00025437
0.52871704	0.00052620
0.52947998	0.00044415
0.53024292	0.00016564
0.53100586	0.00014989
0.53176880	0.00044129
0.53253174	0.00058650
0.53329468	0.00042563
0.53405762	0.00023154
0.53482056	0.00016930
0.53558350	0.00017526
0.53634644	0.00011254
0.53710938	0.00014820
0.53787231	0.00016654
0.53863525	0.00010823
0.53939819	0.00008669
0.54016113	0.00016736
0.54092407	0.00022621
0.54168701	0.00029990
0.54244995	0.00026549
0.54321289	0.00025299
0.54397583	0.00032278
0.54473877	0.00026371
0.54550171	0.00033436
0.54626465	0.00052655
0.54702759	0.00067886
0.54779053	0.00066027
0.54855347	0.00046550
0.54931641	0.00017396
0.55007935	0.00007970
0.55084229	0.00021427
0.55160522	0.00027868
0.55236816	0.00026480
0.55313110	0.00029025
0.55389404	0.00044548
0.55465698	0.00055975
0.55541992	0.00064441
0.55618286	0.00065718
0.55694580	0.00056236
0.55770874	0.00045404
0.55847168	0.00042067
0.55923462	0.00029889
0.55999756	0.00018542
0.56076050	0.00018220
0.56152344	0.00016265
0.56228638	0.00016150
0.56304932	0.00032188
0.56381226	0.00027802
0.56457520	0.00024001
0.56533813	0.00029718
0.56610107	0.00042326
0.56686401	0.00050454
0.56762695	0.00040551
0.56838989	0.00016429
0.56915283	0.00008106
0.56991577	0.00019300
0.57067871	0.00022531
0.57144165	0.00026229
0.57220459	0.00027973
0.57296753	0.00027951
0.57373047	0.00023850
0.57449341	0.00047653
0.57525635	0.00067653
0.57601929	0.00079792
0.57678223	0.00080547
0.57754517	0.00060659
0.57830811	0.00031783
0.57907104	0.00017228
0.57983398	0.00012438
0.58059692	0.00022677
0.58135986	0.00128523
0.58212280	0.00275616
0.58288574	0.00325698
0.58364868	0.00334911
0.58441162	0.00301511
0.58517456	0.00154552
0.58593750	0.00032215
0.58670044	0.00035072
0.58746338	0.00051770
0.58822632	0.00063630
0.58898926	0.00051264
0.58975220	0.00041961
0.59051514	0.00044145
0.59127808	0.00039483
0.59204102	0.00033691
0.59280396	0.00026105
0.59356689	0.00036576
0.59432983	0.00050547
0.59509277	0.00056838
0.59585571	0.00058371
0.59661865	0.00042476
0.59738159	0.00019681
0.59814453	0.00018351
0.59890747	0.00023306
0.59967041	0.00008727
0.60043335	0.00009569
0.60119629	0.00009978
0.60195923	0.00044860
0.60272217	0.00076022
0.60348511	0.00093904
0.60424805	0.00096991
0.60501099	0.00075801
0.60577393	0.00045513
0.60653687	0.00027030
0.60729980	0.00034278
0.60806274	0.00047125
0.60882568	0.00055761
0.60958862	0.00061676
0.61035156	0.00071019
0.61111450	0.00086207
0.61187744	0.00083968
0.61264038	0.00064203
0.61340332	0.00058797
0.61416626	0.00045590
0.61492920	0.00012878
0.61569214	0.00005132
0.61645508	0.00013569
0.61721802	0.00013793
0.61798096	0.00003029
0.61874390	0.00024143
0.61950684	0.00044658
0.62026978	0.00058959
0.62103271	0.00062146
0.62179565	0.00050877
0.62255859	0.00039290
0.62332153	0.00038128
0.62408447	0.00050033
0.62484741	0.00056397
0.62561035	0.00042925
0.62637329	0.00025060
0.62713623	0.00023800
0.62789917	0.00041966
0.62866211	0.00046931
0.62942505	0.00047029
0.63018799	0.00053258
0.63095093	0.00051895
0.63171387	0.00042923
0.63247681	0.00039086
0.63323975	0.00029591
0.63400269	0.00028124
0.63476563	0.00021211
0.63552856	0.00009183
0.63629150	0.00021756
0.63705444	0.00015841
0.63781738	0.00027034
0.63858032	0.00076809
0.63934326	0.00114603
0.64010620	0.00126174
0.64086914	0.00105126
0.64163208	0.00033868
0.64239502	0.00040192
0.64315796	0.00072191
0.64392090	0.00072422
0.64468384	0.00058716
0.64544678	0.00033589
0.64620972	0.00019998
0.64697266	0.00018718
0.64773560	0.00014610
0.64849854	0.00018736
0.64926147	0.00019722
0.65002441	0.00033690
0.65078735	0.00061158
0.65155029	0.00063757
0.65231323	0.00064539
0.65307617	0.00066375
0.65383911	0.00060034
0.65460205	0.00049822
0.65536499	0.00047303
0.65612793	0.00051092
0.65689087	0.00050496
0.65765381	0.00046939
0.65841675	0.00053777
0.65917969	0.00040332
0.65994263	0.00026843
0.66070557	0.00007670
0.66146851	0.00006463
0.66223145	0.00022518
0.66299438	0.00022651
0.66375732	0.00356823
0.66452026	0.03094454
0.66528320	0.08277260
0.66604614	0.11044000
0.66680908	0.11235020
0.66757202	0.10561830
0.66833496	0.06472647
0.66909790	0.01735786
0.66986084	0.00131165
0.67062378	0.00007098
0.67138672	0.00014421
0.67214966	0.00031993
0.67291260	0.00053131
0.67367554	0.00061086
0.67443848	0.00055245
0.67520142	0.00047676
0.67596436	0.00038945
0.67672729	0.00032890
0.67749023	0.00025919
0.67825317	0.00027517
0.67901611	0.00039262
0.67977905	0.00055068
0.68054199	0.00053884
0.68130493	0.00043135
0.68206787	0.00042993
0.68283081	0.00043456
0.68359375	0.00033743
0.68435669	0.00028863
0.68511963	0.00029103
0.68588257	0.00024486
0.68664551	0.00017007
0.68740845	0.00007975
0.68817139	0.00018201
0.68893433	0.00032859
0.68969727	0.00043763
0.69046021	0.00050687
0.69122314	0.00055260
0.69198608	0.00049291
0.69274902	0.00030095
0.69351196	0.00013841
0.69427490	0.00018408
0.69503784	0.00027569
0.69580078	0.00033744
0.69656372	0.00039753
0.69732666	0.00044328
0.69808960	0.00036499
0.69885254	0.00030473
0.69961548	0.00034763
0.70037842	0.00034974
0.70114136	0.00040931
0.70190430	0.00064869
0.70266724	0.00079516
0.70343018	0.00067542
0.70419312	0.00052772
0.70495605	0.00041485
0.70571899	0.00030060
0.70648193	0.00019342
0.70724487	0.00055360
0.70800781	0.00081178
0.70877075	0.00081950
0.70953369	0.00062140
0.71029663	0.00031643
0.71105957	0.00011021
0.71182251	0.00013501
0.71258545	0.00032915
0.71334839	0.00044542
0.71411133	0.00044079
0.71487427	0.00047221
0.71563721	0.00044896
0.71640015	0.00044777
0.71716309	0.00052469
0.71792603	0.00053496
0.71868896	0.00042749
0.71945190	0.00029121
0.72021484	0.00008059
0.72097778	0.00008945
0.72174072	0.00016041
0.72250366	0.00036203
0.72326660	0.00053782
0.72402954	0.00060042
0.72479248	0.00069724
0.72555542	0.00069825
0.72631836	0.00054548
0.72708130	0.00041222
0.72784424	0.00034784
0.72860718	0.00033278
0.72937012	0.00039804
0.73013306	0.00038393
0.73089600	0.00024158
0.73165894	0.00021027
0.73242188	0.00036103
0.73318481	0.00047877
0.73394775	0.00042869
0.73471069	0.00027931
0.73547363	0.00015880
0.73623657	0.00008112
0.73699951	0.00015657
0.73776245	0.00031564
0.73852539	0.00036610
0.73928833	0.00041271
0.74005127	0.00046176
0.74081421	0.00041527
0.74157715	0.00027880
0.74234009	0.00006094
0.74310303	0.00030903
0.74386597	0.00040603
0.74462891	0.00039965
0.74539185	0.00039406
0.74615479	0.00023849
0.74691772	0.00009407
0.74768066	0.00007556
0.74844360	0.00033607
0.74920654	0.00052734
0.74996948	0.00067179
0.75073242	0.00070500
0.75149536	0.00036606
0.75225830	0.00015036
0.75302124	0.00039688
0.75378418	0.00058652
0.75454712	0.00057705
0.75531006	0.00043727
0.75607300	0.00033949
0.75683594	0.00027319
0.75759888	0.00012345
0.75836182	0.00021350
0.75912476	0.00028074
0.75988770	0.00022333
0.76065063	0.00008605
0.76141357	0.00031936
0.76217651	0.00046582
0.76293945	0.00047597
0.76370239	0.00046000
0.76446533	0.00045993
0.76522827	0.00042260
0.76599121	0.00032912
0.76675415	0.00030120
0.76751709	0.00038577
0.76828003	0.00052774
0.76904297	0.00043421
0.76980591	0.00009707
0.77056885	0.00020674
0.77133179	0.00046541
0.77209473	0.00069916
0.77285767	0.00078069
0.77362061	0.00063982
0.77438354	0.00040972
0.77514648	0.00024001
0.77590942	0.00012007
0.77667236	0.00002598
0.77743530	0.00018330
0.77819824	0.00025565
0.77896118	0.00014933
0.77972412	0.00020473
0.78048706	0.00043362
0.78125000	0.00063977
0.78201294	0.00084550
0.78277588	0.00094860
0.78353882	0.00097157
0.78430176	0.00097353
0.78506470	0.00094018
0.78582764	0.00095763
0.78659058	0.00095145
0.78735352	0.00089832
0.78811646	0.00086780
0.78887939	0.00076902
0.78964233	0.00057067
0.79040527	0.00029650
0.79116821	0.00016127
0.79193115	0.00027504
0.79269409	0.00037227
0.79345703	0.00049325
0.79421997	0.00056643
0.79498291	0.00057176
0.79574585	0.00056218
0.79650879	0.00050319
0.79727173	0.00042482
0.79803467	0.00047032
0.79879761	0.00041479
0.79956055	0.00020805
0.80032349	0.00010787
0.80108643	0.00037841
0.80184937	0.00049936
0.80261230	0.00033403
0.80337524	0.00015193
0.80413818	0.00007928
0.80490112	0.00008853
0.80566406	0.00009467
0.80642700	0.00019090
0.80718994	0.00017740
0.80795288	0.00021088
0.80871582	0.00021798
0.80947876	0.00042981
0.81024170	0.00076919
0.81100464	0.00083651
0.81176758	0.00076001
0.81253052	0.00061105
0.81329346	0.00033317
0.81405640	0.00009136
0.81481934	0.00026235
0.81558228	0.00036064
0.81634521	0.00040529
0.81710815	0.00043602
0.81787109	0.00032800
0.81863403	0.00022857
0.81939697	0.00024535
0.82015991	0.00038482
0.82092285	0.00036931
0.82168579	0.00023761
0.82244873	0.00014702
0.82321167	0.00035686
0.82397461	0.00041330
0.82473755	0.00038791
0.82550049	0.00035028
0.82626343	0.00031180
0.82702637	0.00033750
0.82778931	0.00034199
0.82855225	0.00040456
0.82931519	0.00055474
0.83007813	0.00072895
0.83084106	0.00067441
0.83160400	0.00051135
0.83236694	0.00077767
0.83312988	0.00083197
0.83389282	0.00093258
0.83465576	0.00082272
0.83541870	0.00062314
0.83618164	0.00059095
0.83694458	0.00034400
0.83770752	0.00011135
0.83847046	0.00016867
0.83923340	0.00050441
0.83999634	0.00072346
0.84075928	0.00073308
0.84152222	0.00054195
0.84228516	0.00037768
0.84304810	0.00035646
0.84381104	0.00050295
0.84457397	0.00070208
0.84533691	0.00082657
0.84609985	0.00089226
0.84686279	0.00092222
0.84762573	0.00087124
0.84838867	0.00070483
0.84915161	0.00053715
0.84991455	0.00042288
0.85067749	0.00036618
0.85144043	0.00035878
0.85220337	0.00040080
0.85296631	0.00047920
0.85372925	0.00051980
0.85449219	0.00044186
0.85525513	0.00038733
0.85601807	0.00031643
0.85678101	0.00025686
0.85754395	0.00023450
0.85830688	0.00018696
0.85906982	0.00010998
0.85983276	0.00021178
0.86059570	0.00027554
0.86135864	0.00032627
0.86212158	0.00053123
0.86288452	0.00065402
0.86364746	0.00069754
0.86441040	0.00059828
0.86517334	0.00033177
0.86593628	0.00015437
0.86669922	0.00024296
0.86746216	0.00038704
0.86822510	0.00037402
0.86898804	0.00035981
0.86975098	0.00049875
0.87051392	0.00047661
0.87127686	0.00038074
0.87203979	0.00054535
0.87280273	0.00065226
0.87356567	0.00067856
0.87432861	0.00055796
0.87509155	0.00030933
0.87585449	0.00019992
0.87661743	0.00029261
0.87738037	0.00041443
0.87814331	0.00051262
0.87890625	0.00054511
0.87966919	0.00037984
0.88043213	0.00011855
0.88119507	0.00029681
0.88195801	0.00051890
0.88272095	0.00065932
0.88348389	0.00057239
0.88424683	0.00039619
0.88500977	0.00022046
0.88577271	0.00015889
0.88653564	0.00047898
0.88729858	0.00056594
0.88806152	0.00056995
0.88882446	0.00053947
0.88958740	0.00043366
0.89035034	0.00035669
0.89111328	0.00031379
0.89187622	0.00039815
0.89263916	0.00040041
0.89340210	0.00020234
0.89416504	0.00028477
0.89492798	0.00069161
0.89569092	0.00083698
0.89645386	0.00075034
0.89721680	0.00052587
0.89797974	0.00037620
0.89874268	0.00032826
0.89950562	0.00030825
0.90026855	0.00028337
0.90103149	0.00033257
0.90179443	0.00040344
0.90255737	0.00043757
0.90332031	0.00033638
0.90408325	0.00015543
0.90484619	0.00012449
0.90560913	0.00022789
0.90637207	0.00035505
0.90713501	0.00034469
0.90789795	0.00025705
0.90866089	0.00021946
0.90942383	0.00008133
0.91018677	0.00005316
0.91094971	0.00013112
0.91171265	0.00024863
0.91247559	0.00014978
0.91323853	0.00013394
0.91400146	0.00070718
0.91476440	0.00263247
0.91552734	0.00485063
0.91629028	0.00530238
0.91705322	0.00507936
0.91781616	0.00410419
0.91857910	0.00161573
0.91934204	0.00012008
0.92010498	0.00013016
0.92086792	0.00012691
0.92163086	0.00028120
0.92239380	0.00034930
0.92315674	0.00034615
0.92391968	0.00049499
0.92468262	0.00070594
0.92544556	0.00073705
0.92620850	0.00049421
0.92697144	0.00006746
0.92773438	0.00037026
0.92849731	0.00065109
0.92926025	0.00076410
0.93002319	0.00070468
0.93078613	0.00053290
0.93154907	0.00032571
0.93231201	0.00016377
0.93307495	0.00007484
0.93383789	0.00037043
0.93460083	0.00044057
0.93536377	0.00026298
0.93612671	0.00017552
0.93688965	0.00029820
0.93765259	0.00052539
0.93841553	0.00067731
0.93917847	0.00060114
0.93994141	0.00041959
0.94070435	0.00034523
0.94146729	0.00032026
0.94223022	0.00032488
0.94299316	0.00041717
0.94375610	0.00053079
0.94451904	0.00049770
0.94528198	0.00045811
0.94604492	0.00042038
0.94680786	0.00033044
0.94757080	0.00026753
0.94833374	0.00028088
0.94909668	0.00027425
0.94985962	0.00021937
0.95062256	0.00033522
0.95138550	0.00047728
0.95214844	0.00047846
0.95291138	0.00036175
0.95367432	0.00019934
0.95443726	0.00011851
0.95520020	0.00013420
0.95596313	0.00026464
0.95672607	0.00033416
0.95748901	0.00024184
0.95825195	0.00032427
0.95901489	0.00045677
0.95977783	0.00058408
0.96054077	0.00068169
0.96130371	0.00056410
0.96206665	0.00040966
0.96282959	0.00022852
0.96359253	0.00007015
0.96435547	0.00014772
0.96511841	0.00023899
0.96588135	0.00030449
0.96664429	0.00045552
0.96740723	0.00055224
0.96817017	0.00052179
0.96893311	0.00041972
0.96969604	0.00032667
0.97045898	0.00029592
0.97122192	0.00028726
0.97198486	0.00035208
0.97274780	0.00033378
0.97351074	0.00031938
0.97427368	0.00043474
0.97503662	0.00057039
0.97579956	0.00069763
0.97656250	0.00083432
0.97732544	0.00077075
0.97808838	0.00057176
0.97885132	0.00037613
0.97961426	0.00019152
0.98037720	0.00008056
0.98114014	0.00003695
0.98190308	0.00006386
0.98266602	0.00021919
0.98342896	0.00029263
0.98419189	0.00041545
0.98495483	0.00048433
0.98571777	0.00059517
0.98648071	0.00060925
0.98724365	0.00041828
0.98800659	0.00041515
0.98876953	0.00050813
0.98953247	0.00063221
0.99029541	0.00076178
0.99105835	0.00089333
0.99182129	0.00085362
0.99258423	0.00077813
0.99334717	0.00074228
0.99411011	0.00082645
0.99487305	0.00068202
0.99563599	0.00065392
0.99639893	0.00052740
0.99716187	0.00317999
0.99792480	0.02612214
0.99868774	0.06506193
0.99945068	0.08319950
1.00021362	0.08395152
1.00097656	0.07707157
1.00173950	0.04404431
1.00250244	0.01002702
1.00326538	0.00037201
1.00402832	0.00088271
1.00479126	0.00074232
1.00555420	0.00069502
1.00631714	0.00064380
1.00708008	0.00054631
1.00784302	0.00046918
1.00860596	0.00048151
1.00936890	0.00061743
1.01013184	0.00067336
1.01089478	0.00056152
1.01165771	0.00042374
1.01242065	0.00025790
1.01318359	0.00014385
1.01394653	0.00008469
1.01470947	0.00021697
1.01547241	0.00037530
1.01623535	0.00048172
1.01699829	0.00058216
1.01776123	0.00063975
1.01852417	0.00058187
1.01928711	0.00039915
1.02005005	0.00013387
1.02081299	0.00023912
1.02157593	0.00050247
1.02233887	0.00055940
1.02310181	0.00044427
1.02386475	0.00013257
1.02462769	0.00019232
1.02539063	0.00034729
1.02615356	0.00036526
1.02691650	0.00036543
1.02767944	0.00025171
1.02844238	0.00023510
1.02920532	0.00041187
1.02996826	0.00045416
1.03073120	0.00046149
1.03149414	0.00057168
1.03225708	0.00053717
1.03302002	0.00039826
1.03378296	0.00033922
1.03454590	0.00031745
1.03530884	0.00023887
1.03607178	0.00033748
1.03683472	0.00036206
1.03759766	0.00032517
1.03836060	0.00028118
1.03912354	0.00013024
1.03988647	0.00020759
1.04064941	0.00040115
1.04141235	0.00066943
1.04217529	0.00072607
1.04293823	0.00043439
1.04370117	0.00005078
1.04446411	0.00023370
1.04522705	0.00035193
1.04598999	0.00022129
1.04675293	0.00003879
1.04751587	0.00015352
1.04827881	0.00013996
1.04904175	0.00008715
1.04980469	0.00000094
1.05056763	0.00012454
1.05133057	0.00027910
1.05209351	0.00038131
1.05285645	0.00040476
1.05361938	0.00035174
1.05438232	0.00041565
1.05514526	0.00048958
1.05590820	0.00061266
1.05667114	0.00077821
1.05743408	0.00083901
1.05819702	0.00075471
1.05895996	0.00070776
1.05972290	0.00057577
1.06048584	0.00034621
1.06124878	0.00033867
1.06201172	0.00053501
1.06277466	0.00072848
1.06353760	0.00078200
1.06430054	0.00071811
1.06506348	0.00060509
1.06582642	0.00034992
1.06658936	0.00010425
1.06735229	0.00025020
1.06811523	0.00036427
1.06887817	0.00047644
1.06964111	0.00062464
1.07040405	0.00064439
1.07116699	0.00050924
1.07192993	0.00033705
1.07269287	0.00018167
1.07345581	0.00004601
1.07421875	0.00008095
1.07498169	0.00014655
1.07574463	0.00010857
1.07650757	0.00006172
1.07727051	0.00013251
1.07803345	0.00020597
1.07879639	0.00038634
1.07955933	0.00065621
1.08032227	0.00084702
1.08108521	0.00078600
1.08184814	0.00056379
1.08261108	0.00034277
1.08337402	0.00028258
1.08413696	0.00049643
1.08489990	0.00051459
1.08566284	0.00037236
1.08642578	0.00032210
1.08718872	0.00035017
1.08795166	0.00022515
1.08871460	0.00014748
1.08947754	0.00004002
1.09024048	0.00027471
1.09100342	0.00055617
1.09176636	0.00064187
1.09252930	0.00067308
1.09329224	0.00064537
1.09405518	0.00063963
1.09481812	0.00056311
1.09558105	0.00048014
1.09634399	0.00049457
1.09710693	0.00050862
1.09786987	0.00049159
1.09863281	0.00033229
1.09939575	0.00016073
1.10015869	0.00027430
1.10092163	0.00054233
1.10168457	0.00064106
1.10244751	0.00047557
1.10321045	0.00029401
1.10397339	0.00016924
1.10473633	0.00012294
1.10549927	0.00022052
1.10626221	0.00037053
1.10702515	0.00050769
1.10778809	0.00052165
1.10855103	0.00039801
1.10931396	0.00024390
1.11007690	0.00018993
1.11083984	0.00018576
1.11160278	0.00022210
1.11236572	0.00042225
1.11312866	0.00066608
1.11389160	0.00073037
1.11465454	0.00068836
1.11541748	0.00060888
1.11618042	0.00053122
1.11694336	0.00060992
1.11770630	0.00077174
1.11846924	0.00083361
1.11923218	0.00085629
1.11999512	0.00073231
1.12075806	0.00060877
1.12152100	0.00057420
1.12228394	0.00045939
1.12304688	0.00020620
1.12380981	0.00025368
1.12457275	0.00048300
1.12533569	0.00053370
1.12609863	0.00045054
1.12686157	0.00024802
1.12762451	0.00024442
1.12838745	0.00033035
1.12915039	0.00028560
1.12991333	0.00029285
1.13067627	0.00024951
1.13143921	0.00024639
1.13220215	0.00036228
1.13296509	0.00054609
1.13372803	0.00065627
1.13449097	0.00059054
1.13525391	0.00047920
1.13601685	0.00043272
1.13677979	0.00043719
1.13754272	0.00044435
1.13830566	0.00045051
1.13906860	0.00057375
1.13983154	0.00079249
1.14059448	0.00074071
1.14135742	0.00050906
1.14212036	0.00034964
1.14288330	0.00032593
1.14364624	0.00056954
1.14440918	0.00069969
1.14517212	0.00074957
1.14593506	0.00076778
1.14669800	0.00066894
1.14746094	0.00056665
1.14822388	0.00049827
1.14898682	0.00053481
1.14974976	0.00067713
1.15051270	0.00074441
1.15127563	0.00065005
1.15203857	0.00050873
1.15280151	0.00034317
1.15356445	0.00015777
1.15432739	0.00024573
1.15509033	0.00049136
1.15585327	0.00064866
1.15661621	0.00071434
1.15737915	0.00074010
1.15814209	0.00063557
1.15890503	0.00042578
1.15966797	0.00033162
1.16043091	0.00034392
1.16119385	0.00041924
1.16195679	0.00038911
1.16271973	0.00026437
1.16348267	0.00027449
1.16424561	0.00037560
1.16500854	0.00070012
1.16577148	0.00104026
1.16653442	0.00115429
1.16729736	0.00122290
1.16806030	0.00098141
1.16882324	0.00064207
1.16958618	0.00056450
1.17034912	0.00051485
1.17111206	0.00054449
1.17187500	0.00053514
1.17263794	0.00029988
1.17340088	0.00008702
1.17416382	0.00032852
1.17492676	0.00041933
1.17568970	0.00036326
1.17645264	0.00022840
1.17721558	0.00008930
1.17797852	0.00017474
1.17874146	0.00035351
1.17950439	0.00053529
1.18026733	0.00057130
1.18103027	0.00039476
1.18179321	0.00023744
1.18255615	0.00014284
1.18331909	0.00015895
1.18408203	0.00025189
1.18484497	0.00032069
1.18560791	0.00040953
1.18637085	0.00050179
1.18713379	0.00045768
1.18789673	0.00029852
1.18865967	0.00029482
1.18942261	0.00047103
1.19018555	0.00073974
1.19094849	0.00096933
1.19171143	0.00106549
1.19247437	0.00100610
1.19323730	0.00091148
1.19400024	0.00094705
1.19476318	0.00100398
1.19552612	0.00079851
1.19628906	0.00040706
1.19705200	0.00019860
1.19781494	0.00065781
1.19857788	0.00098531
1.19934082	0.00102430
1.20010376	0.00078255
1.20086670	0.00040593
1.20162964	0.00025820
1.20239258	0.00043151
1.20315552	0.00062008
1.20391846	0.00069402
1.20468140	0.00057302
1.20544434	0.00025497
1.20620728	0.00010158
1.20697021	0.00032932
1.20773315	0.00050622
1.20849609	0.00061537
1.20925903	0.00062549
1.21002197	0.00073312
1.21078491	0.00072147
1.21154785	0.00053329
1.21231079	0.00049665
1.21307373	0.00047403
1.21383667	0.00024719
1.21459961	0.00013933
1.21536255	0.00025481
1.21612549	0.00031480
1.21688843	0.00038515
1.21765137	0.00034917
1.21841431	0.00030670
1.21917725	0.00072215
1.21994019	0.00105662
1.22070313	0.00111514
1.22146606	0.00093746
1.22222900	0.00065420
1.22299194	0.00033419
1.22375488	0.00023085
1.22451782	0.00025408
1.22528076	0.00012957
1.22604370	0.00013225
1.22680664	0.00021682
1.22756958	0.00024598
1.22833252	0.00028206
1.22909546	0.00042296
1.22985840	0.00058360
1.23062134	0.00074532
1.23138428	0.00084623
1.23214722	0.00074067
1.23291016	0.00060974
1.23367310	0.00053376
1.23443604	0.00034627
1.23519897	0.00012616
1.23596191	0.00013087
1.23672485	0.00017471
1.23748779	0.00014336
1.23825073	0.00026796
1.23901367	0.00034976
1.23977661	0.00024458
1.24053955	0.00025131
1.24130249	0.00039035
1.24206543	0.00043043
1.24282837	0.00043707
1.24359131	0.00051098
1.24435425	0.00042464
1.24511719	0.00007871
1.24588013	0.00031945
1.24664307	0.00066508
1.24740601	0.00051493
1.24816895	0.00253459
1.24893188	0.00530466
1.24969482	0.00623673
1.25045776	0.00647547
1.25122070	0.00542047
1.25198364	0.00263061
1.25274658	0.00085651
1.25350952	0.00042008
1.25427246	0.00025858
1.25503540	0.00053215
1.25579834	0.00066712
1.25656128	0.00057921
1.25732422	0.00052174
1.25808716	0.00038414
1.25885010	0.00022424
1.25961304	0.00027832
1.26037598	0.00035281
1.26113892	0.00037904
1.26190186	0.00041448
1.26266479	0.00044915
1.26342773	0.00047778
1.26419067	0.00046182
1.26495361	0.00037132
1.26571655	0.00036684
1.26647949	0.00053819
1.26724243	0.00060950
1.26800537	0.00044699
1.26876831	0.00025891
1.26953125	0.00013528
1.27029419	0.00021672
1.27105713	0.00023791
1.27182007	0.00027474
1.27258301	0.00045621
1.27334595	0.00047132
1.27410889	0.00035347
1.27487183	0.00020410
1.27563477	0.00002788
1.27639771	0.00013566
1.27716064	0.00017453
1.27792358	0.00016284
1.27868652	0.00026611
1.27944946	0.00045185
1.28021240	0.00061260
1.28097534	0.00060003
1.28173828	0.00031780
1.28250122	0.00000764
1.28326416	0.00022960
1.28402710	0.00041358
1.28479004	0.00040249
1.28555298	0.00033011
1.28631592	0.00033705
1.28707886	0.00033161
1.28784180	0.00035061
1.28860474	0.00040701
1.28936768	0.00039242
1.29013062	0.00025305
1.29089355	0.00027586
1.29165649	0.00045661
1.29241943	0.00052737
1.29318237	0.00047401
1.29394531	0.00027957
1.29470825	0.00027153
1.29547119	0.00015241
1.29623413	0.00015330
1.29699707	0.00025911
1.29776001	0.00022807
1.29852295	0.00014618
1.29928589	0.00005751
1.30004883	0.00021468
1.30081177	0.00022524
1.30157471	0.00023821
1.30233765	0.00028353
1.30310059	0.00033526
1.30386353	0.00046352
1.30462646	0.00057101
1.30538940	0.00055585
1.30615234	0.00047324
1.30691528	0.00035879
1.30767822	0.00012439
1.30844116	0.00015843
1.30920410	0.00035717
1.30996704	0.00068009
1.31072998	0.00094640
1.31149292	0.00099825
1.31225586	0.00081894
1.31301880	0.00051008
1.31378174	0.00015657
1.31454468	0.00011681
1.31530762	0.00021805
1.31607056	0.00029261
1.31683350	0.00041258
1.31759644	0.00043964
1.31835938	0.00032330
1.31912231	0.00017939
1.31988525	0.00016096
1.32064819	0.00041833
1.32141113	0.00058120
1.32217407	0.00066426
1.32293701	0.00071708
1.32369995	0.00075465
1.32446289	0.00089205
1.32522583	0.00091507
1.32598877	0.00072147
1.32675171	0.00064147
1.32751465	0.00050784
1.32827759	0.00056707
1.32904053	0.00061346
1.32980347	0.00059262
1.33056641	0.00334833
1.33132935	0.02176949
1.33209229	0.04975246
1.33285522	0.06095453
1.33361816	0.06129424
1.33438110	0.05505897
1.33514404	0.02970662
1.33590698	0.00657184
1.33666992	0.00061795
1.33743286	0.00028160
1.33819580	0.00024888
1.33895874	0.00021596
1.33972168	0.00010834
1.34048462	0.00011621
1.34124756	0.00046494
1.34201050	0.00082642
1.34277344	0.00084585
1.34353638	0.00063794
1.34429932	0.00046220
1.34506226	0.00032592
1.34582520	0.00028322
1.34658813	0.00027438
1.34735107	0.00020916
1.34811401	0.00006927
1.34887695	0.00009862
1.34963989	0.00013558
1.35040283	0.00008692
1.35116577	0.00011767
1.35192871	0.00016293
1.35269165	0.00032339
1.35345459	0.00050149
1.35421753	0.00057622
1.35498047	0.00057818
1.35574341	0.00046062
1.35650635	0.00051407
1.35726929	0.00065293
1.35803223	0.00071568
1.35879517	0.00076563
1.35955811	0.00081885
1.36032104	0.00078228
1.36108398	0.00070362
1.36184692	0.00053346
1.36260986	0.00032597
1.36337280	0.00028449
1.36413574	0.00037076
1.36489868	0.00037923
1.36566162	0.00039007
1.36642456	0.00038833
1.36718750	0.00029588
1.36795044	0.00028289
1.36871338	0.00039263
1.36947632	0.00049305
1.37023926	0.00051598
1.37100220	0.00054706
1.37176514	0.00053399
1.37252808	0.00042926
1.37329102	0.00034203
1.37405396	0.00025354
1.37481689	0.00035289
1.37557983	0.00052494
1.37634277	0.00046875
1.37710571	0.00022894
1.37786865	0.00028030
1.37863159	0.00059198
1.37939453	0.00082466
1.38015747	0.00085755
1.38092041	0.00078911
1.38168335	0.00068105
1.38244629	0.00047841
1.38320923	0.00015118
1.38397217	0.00016549
1.38473511	0.00033708
1.38549805	0.00049413
1.38626099	0.00054131
1.38702393	0.00047738
1.38778687	0.00057567
1.38854980	0.00074923
1.38931274	0.00074653
1.39007568	0.00060201
1.39083862	0.00046813
1.39160156	0.00027402
1.39236450	0.00012382
1.39312744	0.00039941
1.39389038	0.00049626
1.39465332	0.00060855
1.39541626	0.00081186
1.39617920	0.00093821
1.39694214	0.00096143
1.39770508	0.00086763
1.39846802	0.00066861
1.39923096	0.00042964
1.39999390	0.00020699
1.40075684	0.00016419
1.40151978	0.00023114
1.40228271	0.00032312
1.40304565	0.00042486
1.40380859	0.00047673
1.40457153	0.00034052
1.40533447	0.00010426
1.40609741	0.00024339
1.40686035	0.00035527
1.40762329	0.00031410
1.40838623	0.00024309
1.40914917	0.00039337
1.40991211	0.00057370
1.41067505	0.00057766
1.41143799	0.00054037
1.41220093	0.00050932
1.41296387	0.00059042
1.41372681	0.00074852
1.41448975	0.00110876
1.41525269	0.00161399
1.41601563	0.00182451
1.41677856	0.00179620
1.41754150	0.00169491
1.41830444	0.00123966
1.41906738	0.00068131
1.41983032	0.00045294
1.42059326	0.00040232
1.42135620	0.00025510
1.42211914	0.00024667
1.42288208	0.00044521
1.42364502	0.00054593
1.42440796	0.00048109
1.42517090	0.00033477
1.42593384	0.00033286
1.42669678	0.00041079
1.42745972	0.00029245
1.42822266	0.00027877
1.42898560	0.00037725
1.42974854	0.00035935
1.43051147	0.00019520
1.43127441	0.00017845
1.43203735	0.00012983
1.43280029	0.00021617
1.43356323	0.00030867
1.43432617	0.00029809
1.43508911	0.00010437
1.43585205	0.00021960
1.43661499	0.00029570
1.43737793	0.00034346
1.43814087	0.00026214
1.43890381	0.00021583
1.43966675	0.00036274
1.44042969	0.00047353
1.44119263	0.00046756
1.44195557	0.00037465
1.44271851	0.00030002
1.44348145	0.00026687
1.44424438	0.00019817
1.44500732	0.00010138
1.44577026	0.00011743
1.44653320	0.00012738
1.44729614	0.00015715
1.44805908	0.00013187
1.44882202	0.00008885
1.44958496	0.00012333
1.45034790	0.00025679
1.45111084	0.00040972
1.45187378	0.00050008
1.45263672	0.00052255
1.45339966	0.00041523
1.45416260	0.00020367
1.45492554	0.00014985
1.45568848	0.00024309
1.45645142	0.00032934
1.45721436	0.00028758
1.45797729	0.00022334
1.45874023	0.00021351
1.45950317	0.00024522
1.46026611	0.00037878
1.46102905	0.00056567
1.46179199	0.00072015
1.46255493	0.00069411
1.46331787	0.00040946
1.46408081	0.00010855
1.46484375	0.00010630
1.46560669	0.00028326
1.46636963	0.00060277
1.46713257	0.00079848
1.46789551	0.00085283
1.46865845	0.00088087
1.46942139	0.00063602
1.47018433	0.00015394
1.47094727	0.00039286
1.47171021	0.00073261
1.47247314	0.00097242
1.47323608	0.00098987
1.47399902	0.00084977
1.47476196	0.00072244
1.47552490	0.00063058
1.47628784	0.00053855
1.47705078	0.00040609
1.47781372	0.00035809
1.47857666	0.00049172
1.47933960	0.00046759
1.48010254	0.00034794
1.48086548	0.00028346
1.48162842	0.00027664
1.48239136	0.00021691
1.48315430	0.00023936
1.48391724	0.00027167
1.48468018	0.00020949
1.48544312	0.00032781
1.48620605	0.00031068
1.48696899	0.00033632
1.48773193	0.00043153
1.48849487	0.00043271
1.48925781	0.00036090
1.49002075	0.00018298
1.49078369	0.00033603
1.49154663	0.00051268
1.49230957	0.00057337
1.49307251	0.00050998
1.49383545	0.00040067
1.49459839	0.00048218
1.49536133	0.00044891
1.49612427	0.00028018
1.49688721	0.00015570
1.49765015	0.00037092
1.49841309	0.00103624
1.49917603	0.00148025
1.49993896	0.00158971
1.50070190	0.00166340
1.50146484	0.00135261
1.50222778	0.00087488
1.50299072	0.00074324
1.50375366	0.00064737
1.50451660	0.00052302
1.50527954	0.00035570
1.50604248	0.00025885
1.50680542	0.00026127
1.50756836	0.00020857
1.50833130	0.00019361
1.50909424	0.00010630
1.50985718	0.00013186
1.51062012	0.00029552
1.51138306	0.00023859
1.51214600	0.00020733
1.51290894	0.00035288
1.51367188	0.00061730
1.51443481	0.00076801
1.51519775	0.00067891
1.51596069	0.00042524
1.51672363	0.00023207
1.51748657	0.00045682
1.51824951	0.00062312
1.51901245	0.00060050
1.51977539	0.00048929
1.52053833	0.00034456
1.52130127	0.00026328
1.52206421	0.00032063
1.52282715	0.00035634
1.52359009	0.00047566
1.52435303	0.00068393
1.52511597	0.00083261
1.52587891	0.00085612
1.52664185	0.00079780
1.52740479	0.00073581
1.52816772	0.00064103
1.52893066	0.00049126
1.52969360	0.00039638
1.53045654	0.00035718
1.53121948	0.00030911
1.53198242	0.00038534
1.53274536	0.00047975
1.53350830	0.00056014
1.53427124	0.00069356
1.53503418	0.00086295
1.53579712	0.00091923
1.53656006	0.00081358
1.53732300	0.00075962
1.53808594	0.00068971
1.53884888	0.00064654
1.53961182	0.00069481
1.54037476	0.00065632
1.54113770	0.00060501
1.54190063	0.00051591
1.54266357	0.00039481
1.54342651	0.00054562
1.54418945	0.00065158
1.54495239	0.00067243
1.54571533	0.00064147
1.54647827	0.00052246
1.54724121	0.00040165
1.54800415	0.00039736
1.54876709	0.00043615
1.54953003	0.00040745
1.55029297	0.00038367
1.55105591	0.00040107
1.55181885	0.00033013
1.55258179	0.00018529
1.55334473	0.00012460
1.55410767	0.00022921
1.55487061	0.00035152
1.55563354	0.00043967
1.55639648	0.00052051
1.55715942	0.00057685
1.55792236	0.00045240
1.55868530	0.00039229
1.55944824	0.00036354
1.56021118	0.00025606
1.56097412	0.00027590
1.56173706	0.00045246
1.56250000	0.00050623
1.56326294	0.00041149
1.56402588	0.00024968
1.56478882	0.00009517
1.56555176	0.00016893
1.56631470	0.00024257
1.56707764	0.00024469
1.56784058	0.00006090
1.56860352	0.00035121
1.56936646	0.00062282
1.57012939	0.00067312
1.57089233	0.00059384
1.57165527	0.00050817
1.57241821	0.00036974
1.57318115	0.00032126
1.57394409	0.00035478
1.57470703	0.00029545
1.57546997	0.00020590
1.57623291	0.00019695
1.57699585	0.00022822
1.57775879	0.00017470
1.57852173	0.00016048
1.57928467	0.00019194
1.58004761	0.00040954
1.58081055	0.00116506
1.58157349	0.00379918
1.58233643	0.00652898
1.58309937	0.00714662
1.58386230	0.00725806
1.58462524	0.00589879
1.58538818	0.00259951
1.58615112	0.00062859
1.58691406	0.00053607
1.58767700	0.00070257
1.58843994	0.00072736
1.58920288	0.00056049
1.58996582	0.00028371
1.59072876	0.00004273
1.59149170	0.00026236
1.59225464	0.00038925
1.59301758	0.00029705
1.59378052	0.00030006
1.59454346	0.00037902
1.59530640	0.00045793
1.59606934	0.00051676
1.59683228	0.00047711
1.59759521	0.00045398
1.59835815	0.00050638
1.59912109	0.00048796
1.59988403	0.00050093
1.60064697	0.00042751
1.60140991	0.00030897
1.60217285	0.00033881
1.60293579	0.00028956
1.60369873	0.00020942
1.60446167	0.00034969
1.60522461	0.00045089
1.60598755	0.00046512
1.60675049	0.00036412
1.60751343	0.00007270
1.60827637	0.00026354
1.60903931	0.00037166
1.60980225	0.00029461
1.61056519	0.00013497
1.61132813	0.00030763
1.61209106	0.00057123
1.61285400	0.00067131
1.61361694	0.00068131
1.61437988	0.00061494
1.61514282	0.00056607
1.61590576	0.00065366
1.61666870	0.00069917
1.61743164	0.00054722
1.61819458	0.00043426
1.61895752	0.00045997
1.61972046	0.00048346
1.62048340	0.00058730
1.62124634	0.00085509
1.62200928	0.00097037
1.62277222	0.00082242
1.62353516	0.00058661
1.62429810	0.00041657
1.62506104	0.00037755
1.62582397	0.00050668
1.62658691	0.00065027
1.62734985	0.00065926
1.62811279	0.00063967
1.62887573	0.00054515
1.62963867	0.00043568
1.63040161	0.00044722
1.63116455	0.00040581
1.63192749	0.00040193
1.63269043	0.00054045
1.63345337	0.00056517
1.63421631	0.00051195
1.63497925	0.00047644
1.63574219	0.00045639
1.63650513	0.00047081
1.63726807	0.00045217
1.63803101	0.00036349
1.63879395	0.00032368
1.63955688	0.00031480
1.64031982	0.00035908
1.64108276	0.00027460
1.64184570	0.00028258
1.64260864	0.00044290
1.64337158	0.00046363
1.64413452	0.00045476
1.64489746	0.00029026
1.64566040	0.00003836
1.64642334	0.00018950
1.64718628	0.00010860
1.64794922	0.00024576
1.64871216	0.00039616
1.64947510	0.00048657
1.65023804	0.00044517
1.65100098	0.00021843
1.65176392	0.00022372
1.65252686	0.00060827
1.65328979	0.00083062
1.65405273	0.00081238
1.65481567	0.00067894
1.65557861	0.00044535
1.65634155	0.00018606
1.65710449	0.00009930
1.65786743	0.00022863
1.65863037	0.00027288
1.65939331	0.00027360
1.66015625	0.00038128
1.66091919	0.00051221
1.66168213	0.00033488
1.66244507	0.00018465
1.66320801	0.00029748
1.66397095	0.00358733
1.66473389	0.01930966
1.66549683	0.04039086
1.66625977	0.04751228
1.66702271	0.04757112
1.66778564	0.04148329
1.66854858	0.02076325
1.66931152	0.00383249
1.67007446	0.00013273
1.67083740	0.00023572
1.67160034	0.00030306
1.67236328	0.00042414
1.67312622	0.00028588
1.67388916	0.00009804
1.67465210	0.00005651
1.67541504	0.00011814
1.67617798	0.00009224
1.67694092	0.00037369
1.67770386	0.00066600
1.67846680	0.00070154
1.67922974	0.00052759
1.67999268	0.00035588
1.68075562	0.00026062
1.68151855	0.00026859
1.68228149	0.00033144
1.68304443	0.00039566
1.68380737	0.00041403
1.68457031	0.00038712
1.68533325	0.00036587
1.68609619	0.00040743
1.68685913	0.00036785
1.68762207	0.00024622
1.68838501	0.00010960
1.68914795	0.00005618
1.68991089	0.00003483
1.69067383	0.00004988
1.69143677	0.00009260
1.69219971	0.00014589
1.69296265	0.00032378
1.69372559	0.00049481
1.69448853	0.00055442
1.69525146	0.00051298
1.69601440	0.00035813
1.69677734	0.00022021
1.69754028	0.00005965
1.69830322	0.00019719
1.69906616	0.00026892
1.69982910	0.00018967
1.70059204	0.00030265
1.70135498	0.00050408
1.70211792	0.00055435
1.70288086	0.00040406
1.70364380	0.00029137
1.70440674	0.00042065
1.70516968	0.00048871
1.70593262	0.00050269
1.70669556	0.00052201
1.70745850	0.00056958
1.70822144	0.00066033
1.70898438	0.00064361
1.70974731	0.00051940
1.71051025	0.00039206
1.71127319	0.00018468
1.71203613	0.00018443
1.71279907	0.00047074
1.71356201	0.00054506
1.71432495	0.00051787
1.71508789	0.00040403
1.71585083	0.00030096
1.71661377	0.00030468
1.71737671	0.00014731
1.71813965	0.00028902
1.71890259	0.00043505
1.71966553	0.00061464
1.72042847	0.00070268
1.72119141	0.00064047
1.72195435	0.00051808
1.72271729	0.00033953
1.72348022	0.00033832
1.72424316	0.00043524
1.72500610	0.00056435
1.72576904	0.00056486
1.72653198	0.00048980
1.72729492	0.00044465
1.72805786	0.00037759
1.72882080	0.00035927
1.72958374	0.00042249
1.73034668	0.00041788
1.73110962	0.00028215
1.73187256	0.00015888
1.73263550	0.00018298
1.73339844	0.00013878
1.73416138	0.00035074
1.73492432	0.00056611
1.73568726	0.00073776
1.73645020	0.00079522
1.73721313	0.00075207
1.73797607	0.00064002
1.73873901	0.00054126
1.73950195	0.00045165
1.74026489	0.00041323
1.74102783	0.00041278
1.74179077	0.00028013
1.74255371	0.00016701
1.74331665	0.00007900
1.74407959	0.00024925
1.74484253	0.00028994
1.74560547	0.00021787
1.74636841	0.00019232
1.74713135	0.00014167
1.74789429	0.00091889
1.74865723	0.00231056
1.74942017	0.00308264
1.75018311	0.00318635
1.75094604	0.00294607
1.75170898	0.00192116
1.75247192	0.00080930
1.75323486	0.00039096
1.75399780	0.00013656
1.75476074	0.00031488
1.75552368	0.00052341
1.75628662	0.00046605
1.75704956	0.00020860
1.75781250	0.00027928
1.75857544	0.00054490
1.75933838	0.00055577
1.76010132	0.00041980
1.76086426	0.00025778
1.76162720	0.00031206
1.76239014	0.00034837
1.76315308	0.00031843
1.76391602	0.00033615
1.76467896	0.00042362
1.76544189	0.00050820
1.76620483	0.00066452
1.76696777	0.00074368
1.76773071	0.00066516
1.76849365	0.00055814
1.76925659	0.00036468
1.77001953	0.00007881
1.77078247	0.00019741
1.77154541	0.00045144
1.77230835	0.00061777
1.77307129	0.00073859
1.77383423	0.00074871
1.77459717	0.00060592
1.77536011	0.00041214
1.77612305	0.00025434
1.77688599	0.00036165
1.77764893	0.00052102
1.77841187	0.00060010
1.77917480	0.00048307
1.77993774	0.00019736
1.78070068	0.00013030
1.78146362	0.00016873
1.78222656	0.00027219
1.78298950	0.00043885
1.78375244	0.00068612
1.78451538	0.00072413
1.78527832	0.00068854
1.78604126	0.00077914
1.78680420	0.00084937
1.78756714	0.00093700
1.78833008	0.00099495
1.78909302	0.00091849
1.78985596	0.00076887
1.79061890	0.00067259
1.79138184	0.00068478
1.79214478	0.00061930
1.79290771	0.00057540
1.79367065	0.00056940
1.79443359	0.00057623
1.79519653	0.00060535
1.79595947	0.00049219
1.79672241	0.00022660
1.79748535	0.00007830
1.79824829	0.00027909
1.79901123	0.00043956
1.79977417	0.00055980
1.80053711	0.00060923
1.80130005	0.00067479
1.80206299	0.00067819
1.80282593	0.00055792
1.80358887	0.00033937
1.80435181	0.00025686
1.80511475	0.00036488
1.80587769	0.00055407
1.80664063	0.00066019
1.80740356	0.00056716
1.80816650	0.00036743
1.80892944	0.00026959
1.80969238	0.00041490
1.81045532	0.00050142
1.81121826	0.00057508
1.81198120	0.00057046
1.81274414	0.00053103
1.81350708	0.00057538
1.81427002	0.00066328
1.81503296	0.00078723
1.81579590	0.00075765
1.81655884	0.00054552
1.81732178	0.00035856
1.81808472	0.00011952
1.81884766	0.00020052
1.81961060	0.00031601
1.82037354	0.00021465
1.82113647	0.00008412
1.82189941	0.00013803
1.82266235	0.00029856
1.82342529	0.00037227
1.82418823	0.00036012
1.82495117	0.00029775
1.82571411	0.00025820
1.82647705	0.00024932
1.82723999	0.00025161
1.82800293	0.00015535
1.82876587	0.00014087
1.82952881	0.00021750
1.83029175	0.00033879
1.83105469	0.00054443
1.83181763	0.00169361
1.83258057	0.00259362
1.83334351	0.00281440
1.83410645	0.00281842
1.83486938	0.00199932
1.83563232	0.00087547
1.83639526	0.00052371
1.83715820	0.00045254
1.83792114	0.00034526
1.83868408	0.00021769
1.83944702	0.00003831
1.84020996	0.00022639
1.84097290	0.00031980
1.84173584	0.00020284
1.84249878	0.00007437
1.84326172	0.00010699
1.84402466	0.00037124
1.84478760	0.00053639
1.84555054	0.00054753
1.84631348	0.00055722
1.84707642	0.00050699
1.84783936	0.00053573
1.84860229	0.00066941
1.84936523	0.00068533
1.85012817	0.00063338
1.85089111	0.00057298
1.85165405	0.00060737
1.85241699	0.00060331
1.85317993	0.00048514
1.85394287	0.00035271
1.85470581	0.00031495
1.85546875	0.00044861
1.85623169	0.00038058
1.85699463	0.00012992
1.85775757	0.00007625
1.85852051	0.00013314
1.85928345	0.00024870
1.86004639	0.00016857
1.86080933	0.00014318
1.86157227	0.00029703
1.86233521	0.00041700
1.86309814	0.00056028
1.86386108	0.00056740
1.86462402	0.00047063
1.86538696	0.00048407
1.86614990	0.00043867
1.86691284	0.00039292
1.86767578	0.00061520
1.86843872	0.00085418
1.86920166	0.00086803
1.86996460	0.00094036
1.87072754	0.00107091
1.87149048	0.00102445
1.87225342	0.00102126
1.87301636	0.00113160
1.87377930	0.00102268
1.87454224	0.00081813
1.87530518	0.00071593
1.87606812	0.00062022
1.87683105	0.00059617
1.87759399	0.00063286
1.87835693	0.00064992
1.87911987	0.00055971
1.87988281	0.00042376
1.88064575	0.00020437
1.88140869	0.00006831
1.88217163	0.00017040
1.88293457	0.00015391
1.88369751	0.00013615
1.88446045	0.00020899
1.88522339	0.00048630
1.88598633	0.00064085
1.88674927	0.00074970
1.88751221	0.00071538
1.88827515	0.00049015
1.88903809	0.00041307
1.88980103	0.00042354
1.89056396	0.00054009
1.89132690	0.00072972
1.89208984	0.00071773
1.89285278	0.00053226
1.89361572	0.00040291
1.89437866	0.00041329
1.89514160	0.00050731
1.89590454	0.00046084
1.89666748	0.00034517
1.89743042	0.00040945
1.89819336	0.00058270
1.89895630	0.00057279
1.89971924	0.00049052
1.90048218	0.00034346
1.90124512	0.00014954
1.90200806	0.00025359
1.90277100	0.00026783
1.90353394	0.00031474
1.90429688	0.00039159
1.90505981	0.00044452
1.90582275	0.00042859
1.90658569	0.00022865
1.90734863	0.00002345
1.90811157	0.00018994
1.90887451	0.00043660
1.90963745	0.00050788
1.91040039	0.00053861
1.91116333	0.00060006
1.91192627	0.00051124
1.91268921	0.00035938
1.91345215	0.00024887
1.91421509	0.00149513
1.91497803	0.00653189
1.91574097	0.01095121
1.91650391	0.01185112
1.91726685	0.01165440
1.91802979	0.00864280
1.91879272	0.00329708
1.91955566	0.00053473
1.92031860	0.00019869
1.92108154	0.00023702
1.92184448	0.00022602
1.92260742	0.00036955
1.92337036	0.00045799
1.92413330	0.00051017
1.92489624	0.00047134
1.92565918	0.00045479
1.92642212	0.00045977
1.92718506	0.00044575
1.92794800	0.00041867
1.92871094	0.00033893
1.92947388	0.00024484
1.93023682	0.00012345
1.93099976	0.00019149
1.93176270	0.00028393
1.93252563	0.00036620
1.93328857	0.00051525
1.93405151	0.00065195
1.93481445	0.00065311
1.93557739	0.00044142
1.93634033	0.00019786
1.93710327	0.00025344
1.93786621	0.00040005
1.93862915	0.00054153
1.93939209	0.00072043
1.94015503	0.00083671
1.94091797	0.00072330
1.94168091	0.00048425
1.94244385	0.00027079
1.94320679	0.00028342
1.94396973	0.00039569
1.94473267	0.00038502
1.94549561	0.00040123
1.94625854	0.00043508
1.94702148	0.00048247
1.94778442	0.00046544
1.94854736	0.00049215
1.94931030	0.00061065
1.95007324	0.00063207
1.95083618	0.00047471
1.95159912	0.00039973
1.95236206	0.00041310
1.95312500	0.00040010
1.95388794	0.00026544
1.95465088	0.00006864
1.95541382	0.00023933
1.95617676	0.00018575
1.95693970	0.00022254
1.95770264	0.00045622
1.95846558	0.00061125
1.95922852	0.00058371
1.95999146	0.00063281
1.96075439	0.00061110
1.96151733	0.00050042
1.96228027	0.00038606
1.96304321	0.00013199
1.96380615	0.00008499
1.96456909	0.00020558
1.96533203	0.00038357
1.96609497	0.00034777
1.96685791	0.00019469
1.96762085	0.00019064
1.96838379	0.00021272
1.96914673	0.00012371
1.96990967	0.00008946
1.97067261	0.00031973
1.97143555	0.00044684
1.97219849	0.00037560
1.97296143	0.00032166
1.97372437	0.00036459
1.97448730	0.00047598
1.97525024	0.00058551
1.97601318	0.00048072
1.97677612	0.00018207
1.97753906	0.00018092
1.97830200	0.00048205
1.97906494	0.00067056
1.97982788	0.00068364
1.98059082	0.00060874
1.98135376	0.00047599
1.98211670	0.00045711
1.98287964	0.00062347
1.98364258	0.00064515
1.98440552	0.00047957
1.98516846	0.00031420
1.98593140	0.00014768
1.98669434	0.00007080
1.98745728	0.00010523
1.98822021	0.00017135
1.98898315	0.00031141
1.98974609	0.00023006
1.99050903	0.00022062
1.99127197	0.00023970
1.99203491	0.00028848
1.99279785	0.00023246
1.99356079	0.00022045
1.99432373	0.00028248
1.99508667	0.00016873
1.99584961	0.00022279
1.99661255	0.00055762
1.99737549	0.00404259
1.99813843	0.01866216
1.99890137	0.03630376
1.99966431	0.04131460
2.00042725	0.04116353
2.00119019	0.03482753
2.00195313	0.01650840
2.00271606	0.00314029
2.00347900	0.00048458
2.00424194	0.00049591
2.00500488	0.00068500
2.00576782	0.00073221
2.00653076	0.00071565
2.00729370	0.00057584
2.00805664	0.00046044
2.00881958	0.00035201
2.00958252	0.00035268
2.01034546	0.00047075
2.01110840	0.00052716
2.01187134	0.00050673
2.01263428	0.00042308
2.01339722	0.00030710
2.01416016	0.00029074
2.01492310	0.00038604
2.01568604	0.00038172
2.01644897	0.00039144
2.01721191	0.00045171
2.01797485	0.00052509
2.01873779	0.00058186
2.01950073	0.00065698
2.02026367	0.00055409
2.02102661	0.00035533
2.02178955	0.00040039
2.02255249	0.00055826
2.02331543	0.00071435
2.02407837	0.00070286
2.02484131	0.00058354
2.02560425	0.00046579
2.02636719	0.00045401
2.02713013	0.00067139
2.02789307	0.00068661
2.02865601	0.00052556
2.02941895	0.00025071
2.03018188	0.00004690
2.03094482	0.00026196
2.03170776	0.00043610
2.03247070	0.00044954
2.03323364	0.00028295
2.03399658	0.00011677
2.03475952	0.00018344
2.03552246	0.00047512
2.03628540	0.00047597
2.03704834	0.00025765
2.03781128	0.00005085
2.03857422	0.00014957
2.03933716	0.00038165
2.04010010	0.00062589
2.04086304	0.00074291
2.04162598	0.00075751
2.04238892	0.00065036
2.04315186	0.00028963
2.04391479	0.00016610
2.04467773	0.00033074
2.04544067	0.00050844
2.04620361	0.00052827
2.04696655	0.00049820
2.04772949	0.00051006
2.04849243	0.00049605
2.04925537	0.00050117
2.05001831	0.00050706
2.05078125	0.00057848
2.05154419	0.00065034
2.05230713	0.00058792
2.05307007	0.00044976
2.05383301	0.00037746
2.05459595	0.00051310
2.05535889	0.00059434
2.05612183	0.00073960
2.05688477	0.00066836
2.05764771	0.00032596
2.05841064	0.00016318
2.05917358	0.00020160
2.05993652	0.00040889
2.06069946	0.00065803
2.06146240	0.00076000
2.06222534	0.00053743
2.06298828	0.00016673
2.06375122	0.00024458
2.06451416	0.00051517
2.06527710	0.00061597
2.06604004	0.00058569
2.06680298	0.00067946
2.06756592	0.00075450
2.06832886	0.00073151
2.06909180	0.00063343
2.06985474	0.00037190
2.07061768	0.00009921
2.07138062	0.00013823
2.07214355	0.00004850
2.07290649	0.00023308
2.07366943	0.00034164
2.07443237	0.00028280
2.07519531	0.00026332
2.07595825	0.00028841
2.07672119	0.00041267
2.07748413	0.00052992
2.07824707	0.00057448
2.07901001	0.00043482
2.07977295	0.00026612
2.08053589	0.00029013
2.08129883	0.00112638
2.08206177	0.00252728
2.08282471	0.00335312
2.08358765	0.00367704
2.08435059	0.00344698
2.08511353	0.00222076
2.08587646	0.00097273
2.08663940	0.00025874
2.08740234	0.00032547
2.08816528	0.00052468
2.08892822	0.00051151
2.08969116	0.00039501
2.09045410	0.00021554
2.09121704	0.00016817
2.09197998	0.00029376
2.09274292	0.00052983
2.09350586	0.00074356
2.09426880	0.00077923
2.09503174	0.00065204
2.09579468	0.00050504
2.09655762	0.00030667
2.09732056	0.00013910
2.09808350	0.00035098
2.09884644	0.00056737
2.09960938	0.00066587
2.10037231	0.00066927
2.10113525	0.00063673
2.10189819	0.00063954
2.10266113	0.00065475
2.10342407	0.00062415
2.10418701	0.00061811
2.10494995	0.00060546
2.10571289	0.00058981
2.10647583	0.00059185
2.10723877	0.00052216
2.10800171	0.00036617
2.10876465	0.00021234
2.10952759	0.00017974
2.11029053	0.00014911
2.11105347	0.00017079
2.11181641	0.00018236
2.11257935	0.00017279
2.11334229	0.00040986
2.11410522	0.00062815
2.11486816	0.00079128
2.11563110	0.00077704
2.11639404	0.00058611
2.11715698	0.00034928
2.11791992	0.00009647
2.11868286	0.00002358
2.11944580	0.00004395
2.12020874	0.00014026
2.12097168	0.00017272
2.12173462	0.00012847
2.12249756	0.00004549
2.12326050	0.00025162
2.12402344	0.00042565
2.12478638	0.00064437
2.12554932	0.00066168
2.12631226	0.00041565
2.12707520	0.00016151
2.12783813	0.00004506
2.12860107	0.00005499
2.12936401	0.00001673
2.13012695	0.00008427
2.13088989	0.00027767
2.13165283	0.00035682
2.13241577	0.00038189
2.13317871	0.00032181
2.13394165	0.00033882
2.13470459	0.00050076
2.13546753	0.00035825
2.13623047	0.00022565
2.13699341	0.00044272
2.13775635	0.00042477
2.13851929	0.00033856
2.13928223	0.00039172
2.14004517	0.00057677
2.14080811	0.00055264
2.14157104	0.00050124
2.14233398	0.00058481
2.14309692	0.00059821
2.14385986	0.00055739
2.14462280	0.00053455
2.14538574	0.00044743
2.14614868	0.00044564
2.14691162	0.00044700
2.14767456	0.00030969
2.14843750	0.00026485
2.14920044	0.00023272
2.14996338	0.00006243
2.15072632	0.00001553
2.15148926	0.00012973
2.15225220	0.00027619
2.15301514	0.00037876
2.15377808	0.00036507
2.15454102	0.00030727
2.15530396	0.00021608
2.15606689	0.00012749
2.15682983	0.00019128
2.15759277	0.00021725
2.15835571	0.00017905
2.15911865	0.00015000
2.15988159	0.00028126
2.16064453	0.00039815
2.16140747	0.00039136
2.16217041	0.00024512
2.16293335	0.00017590
2.16369629	0.00035559
2.16445923	0.00117066
2.16522217	0.00267753
2.16598511	0.00341369
2.16674805	0.00327576
2.16751099	0.00288834
2.16827393	0.00175671
2.16903687	0.00061435
2.16979980	0.00057165
2.17056274	0.00064177
2.17132568	0.00050430
2.17208862	0.00039988
2.17285156	0.00027573
2.17361450	0.00008374
2.17437744	0.00021540
2.17514038	0.00021402
2.17590332	0.00011821
2.17666626	0.00025785
2.17742920	0.00042261
2.17819214	0.00039177
2.17895508	0.00026474
2.17971802	0.00027907
2.18048096	0.00043085
2.18124390	0.00049331
2.18200684	0.00049659
2.18276978	0.00038794
2.18353271	0.00029580
2.18429565	0.00029047
2.18505859	0.00031136
2.18582153	0.00038398
2.18658447	0.00051606
2.18734741	0.00061911
2.18811035	0.00052920
2.18887329	0.00039378
2.18963623	0.00046147
2.19039917	0.00049070
2.19116211	0.00054122
2.19192505	0.00054186
2.19268799	0.00042030
2.19345093	0.00026977
2.19421387	0.00010957
2.19497681	0.00029222
2.19573975	0.00034221
2.19650269	0.00016539
2.19726563	0.00008516
2.19802856	0.00029293
2.19879150	0.00047968
2.19955444	0.00047522
2.20031738	0.00039435
2.20108032	0.00025619
2.20184326	0.00007018
2.20260620	0.00008238
2.20336914	0.00019061
2.20413208	0.00041491
2.20489502	0.00062516
2.20565796	0.00060931
2.20642090	0.00050541
2.20718384	0.00037190
2.20794678	0.00025674
2.20870972	0.00042803
2.20947266	0.00064604
2.21023560	0.00069873
2.21099854	0.00063097
2.21176147	0.00050230
2.21252441	0.00035516
2.21328735	0.00035469
2.21405029	0.00040219
2.21481323	0.00032526
2.21557617	0.00020162
2.21633911	0.00009876
2.21710205	0.00013895
2.21786499	0.00025439
2.21862793	0.00033472
2.21939087	0.00036423
2.22015381	0.00050809
2.22091675	0.00062323
2.22167969	0.00047519
2.22244263	0.00036576
2.22320557	0.00039913
2.22396851	0.00039552
2.22473145	0.00039765
2.22549438	0.00034369
2.22625732	0.00014500
2.22702026	0.00023590
2.22778320	0.00033853
2.22854614	0.00019351
2.22930908	0.00017184
2.23007202	0.00029216
2.23083496	0.00024274
2.23159790	0.00021566
2.23236084	0.00027797
2.23312378	0.00035281
2.23388672	0.00024122
2.23464966	0.00030259
2.23541260	0.00041277
2.23617554	0.00049351
2.23693848	0.00061499
2.23770142	0.00068328
2.23846436	0.00072209
2.23922729	0.00072476
2.23999023	0.00055372
2.24075317	0.00033297
2.24151611	0.00021762
2.24227905	0.00036467
2.24304199	0.00058865
2.24380493	0.00069026
2.24456787	0.00058286
2.24533081	0.00029004
2.24609375	0.00041733
2.24685669	0.00072139
2.24761963	0.00285268
2.24838257	0.00865099
2.24914551	0.01305284
2.24990845	0.01355973
2.25067139	0.01333944
2.25143433	0.00978546
2.25219727	0.00367201
2.25296021	0.00062338
2.25372314	0.00003315
2.25448608	0.00015838
2.25524902	0.00010941
2.25601196	0.00013088
2.25677490	0.00035713
2.25753784	0.00047884
2.25830078	0.00054449
2.25906372	0.00053370
2.25982666	0.00048274
2.26058960	0.00039869
2.26135254	0.00034074
2.26211548	0.00028666
2.26287842	0.00030085
2.26364136	0.00027115
2.26440430	0.00022467
2.26516724	0.00021466
2.26593018	0.00012624
2.26669312	0.00021978
2.26745605	0.00032833
2.26821899	0.00031471
2.26898193	0.00034365
2.26974487	0.00042364
2.27050781	0.00050733
2.27127075	0.00037936
2.27203369	0.00017726
2.27279663	0.00005875
2.27355957	0.00008525
2.27432251	0.00016922
2.27508545	0.00032584
2.27584839	0.00037240
2.27661133	0.00022784
2.27737427	0.00024535
2.27813721	0.00027040
2.27890015	0.00027398
2.27966309	0.00035474
2.28042603	0.00047462
2.28118896	0.00060320
2.28195190	0.00048496
2.28271484	0.00026085
2.28347778	0.00013223
2.28424072	0.00004760
2.28500366	0.00006519
2.28576660	0.00015565
2.28652954	0.00021436
2.28729248	0.00030218
2.28805542	0.00047790
2.28881836	0.00059079
2.28958130	0.00051457
2.29034424	0.00033473
2.29110718	0.00026124
2.29187012	0.00043059
2.29263306	0.00058920
2.29339600	0.00059060
2.29415894	0.00046981
2.29492188	0.00025278
2.29568481	0.00021476
2.29644775	0.00047443
2.29721069	0.00058858
2.29797363	0.00047184
2.29873657	0.00029262
2.29949951	0.00028640
2.30026245	0.00052422
2.30102539	0.00076013
2.30178833	0.00088921
2.30255127	0.00086658
2.30331421	0.00074437
2.30407715	0.00054459
2.30484009	0.00043374
2.30560303	0.00048398
2.30636597	0.00059143
2.30712891	0.00073132
2.30789185	0.00087489
2.30865479	0.00081459
2.30941772	0.00064031
2.31018066	0.00046271
2.31094360	0.00036718
2.31170654	0.00023847
2.31246948	0.00002828
2.31323242	0.00028811
2.31399536	0.00055969
2.31475830	0.00060117
2.31552124	0.00046611
2.31628418	0.00029385
2.31704712	0.00020688
2.31781006	0.00035724
2.31857300	0.00043006
2.31933594	0.00043452
2.32009888	0.00038904
2.32086182	0.00037354
2.32162476	0.00049017
2.32238770	0.00069494
2.32315063	0.00075942
2.32391357	0.00065509
2.32467651	0.00055772
2.32543945	0.00040360
2.32620239	0.00040601
2.32696533	0.00046751
2.32772827	0.00053761
2.32849121	0.00049365
2.32925415	0.00035974
2.33001709	0.00043683
2.33078003	0.00347988
2.33154297	0.01505901
2.33230591	0.02756021
2.33306885	0.03037521
2.33383179	0.02988516
2.33459473	0.02406471
2.33535767	0.01001778
2.33612061	0.00103643
2.33688354	0.00087504
2.33764648	0.00074767
2.33840942	0.00061367
2.33917236	0.00058698
2.33993530	0.00053763
2.34069824	0.00050465
2.34146118	0.00045909
2.34222412	0.00047149
2.34298706	0.00045928
2.34375000	0.00046577
2.34451294	0.00049678
2.34527588	0.00047786
2.34603882	0.00040245
2.34680176	0.00025323
2.34756470	0.00010791
2.34832764	0.00015258
2.34909058	0.00023474
2.34985352	0.00019060
2.35061646	0.00009002
2.35137939	0.00026157
2.35214233	0.00051144
2.35290527	0.00069248
2.35366821	0.00074912
2.35443115	0.00061933
2.35519409	0.00046225
2.35595703	0.00043704
2.35671997	0.00042002
2.35748291	0.00041753
2.35824585	0.00052837
2.35900879	0.00069684
2.35977173	0.00073155
2.36053467	0.00063293
2.36129761	0.00046877
2.36206055	0.00028190
2.36282349	0.00025571
2.36358643	0.00016946
2.36434937	0.00005964
2.36511230	0.00007697
2.36587524	0.00020757
2.36663818	0.00035498
2.36740112	0.00043526
2.36816406	0.00037886
2.36892700	0.00033301
2.36968994	0.00037078
2.37045288	0.00040625
2.37121582	0.00053501
2.37197876	0.00061458
2.37274170	0.00045773
2.37350464	0.00042832
2.37426758	0.00048010
2.37503052	0.00059658
2.37579346	0.00063150
2.37655640	0.00045287
2.37731934	0.00026514
2.37808228	0.00016559
2.37884521	0.00013077
2.37960815	0.00019039
2.38037109	0.00035820
2.38113403	0.00051519
2.38189697	0.00060492
2.38265991	0.00064471
2.38342285	0.00055729
2.38418579	0.00041183
2.38494873	0.00027228
2.38571167	0.00030205
2.38647461	0.00024150
2.38723755	0.00024488
2.38800049	0.00018687
2.38876343	0.00020811
2.38952637	0.00037240
2.39028931	0.00037691
2.39105225	0.00036558
2.39181519	0.00048022
2.39257813	0.00065570
2.39334106	0.00075176
2.39410400	0.00066781
2.39486694	0.00047510
2.39562988	0.00027300
2.39639282	0.00047389
2.39715576	0.00050448
2.39791870	0.00021066
2.39868164	0.00006031
2.39944458	0.00012162
2.40020752	0.00022936
2.40097046	0.00013262
2.40173340	0.00009892
2.40249634	0.00016848
2.40325928	0.00015990
2.40402222	0.00012107
2.40478516	0.00028591
2.40554810	0.00057302
2.40631104	0.00074030
2.40707397	0.00071541
2.40783691	0.00057916
2.40859985	0.00032723
2.40936279	0.00033622
2.41012573	0.00063115
2.41088867	0.00093645
2.41165161	0.00105389
2.41241455	0.00101703
2.41317749	0.00077426
2.41394043	0.00035356
2.41470337	0.00131868
2.41546631	0.00289196
2.41622925	0.00342348
2.41699219	0.00334927
2.41775513	0.00272565
2.41851807	0.00107130
2.41928101	0.00034070
2.42004395	0.00071109
2.42080688	0.00076253
2.42156982	0.00079693
2.42233276	0.00064267
2.42309570	0.00039120
2.42385864	0.00025459
2.42462158	0.00033007
2.42538452	0.00037732
2.42614746	0.00042992
2.42691040	0.00053156
2.42767334	0.00047202
2.42843628	0.00033800
2.42919922	0.00043040
2.42996216	0.00042003
2.43072510	0.00026224
2.43148804	0.00018629
2.43225098	0.00025241
2.43301392	0.00041385
2.43377686	0.00060525
2.43453979	0.00071812
2.43530273	0.00065867
2.43606567	0.00041984
2.43682861	0.00013803
2.43759155	0.00040857
2.43835449	0.00051104
2.43911743	0.00041636
2.43988037	0.00032585
2.44064331	0.00033038
2.44140625	0.00038846
2.44216919	0.00036384
2.44293213	0.00025661
2.44369507	0.00018414
2.44445801	0.00015805
2.44522095	0.00010213
2.44598389	0.00003732
2.44674683	0.00020357
2.44750977	0.00039398
2.44827271	0.00055663
2.44903564	0.00070501
2.44979858	0.00075542
2.45056152	0.00067482
2.45132446	0.00052445
2.45208740	0.00038119
2.45285034	0.00015686
2.45361328	0.00009600
2.45437622	0.00018979
2.45513916	0.00036650
2.45590210	0.00037465
2.45666504	0.00017606
2.45742798	0.00003915
2.45819092	0.00013646
2.45895386	0.00022129
2.45971680	0.00021168
2.46047974	0.00027817
2.46124268	0.00040429
2.46200562	0.00058335
2.46276855	0.00079270
2.46353149	0.00085507
2.46429443	0.00082221
2.46505737	0.00065186
2.46582031	0.00042016
2.46658325	0.00033356
2.46734619	0.00026120
2.46810913	0.00016555
2.46887207	0.00015188
2.46963501	0.00022489
2.47039795	0.00053477
2.47116089	0.00068671
2.47192383	0.00068407
2.47268677	0.00063465
2.47344971	0.00031675
2.47421265	0.00009102
2.47497559	0.00026796
2.47573853	0.00036134
2.47650146	0.00041516
2.47726440	0.00032359
2.47802734	0.00018124
2.47879028	0.00000915
2.47955322	0.00018495
2.48031616	0.00028028
2.48107910	0.00038952
2.48184204	0.00042970
2.48260498	0.00033943
2.48336792	0.00022835
2.48413086	0.00012479
2.48489380	0.00026886
2.48565674	0.00034052
2.48641968	0.00028542
2.48718262	0.00018871
2.48794556	0.00016532
2.48870850	0.00016425
2.48947144	0.00015696
2.49023438	0.00017822
2.49099731	0.00026824
2.49176025	0.00029385
2.49252319	0.00016492
2.49328613	0.00010664
2.49404907	0.00016117
2.49481201	0.00023878
2.49557495	0.00019823
2.49633789	0.00010399
2.49710083	0.00011860
2.49786377	0.00098943
2.49862671	0.00264565
2.49938965	0.00349598
2.50015259	0.00365241
2.50091553	0.00334953
2.50167847	0.00189533
2.50244141	0.00037029
2.50320435	0.00021259
2.50396729	0.00036205
2.50473022	0.00041355
2.50549316	0.00040404
2.50625610	0.00034207
2.50701904	0.00031093
2.50778198	0.00032110
2.50854492	0.00031994
2.50930786	0.00023800
2.51007080	0.00008119
2.51083374	0.00022474
2.51159668	0.00038451
2.51235962	0.00035143
2.51312256	0.00022958
2.51388550	0.00015812
2.51464844	0.00021167
2.51541138	0.00040184
2.51617432	0.00063103
2.51693726	0.00077532
2.51770020	0.00080249
2.51846313	0.00066077
2.51922607	0.00035308
2.51998901	0.00012693
2.52075195	0.00011474
2.52151489	0.00011386
2.52227783	0.00017211
2.52304077	0.00027178
2.52380371	0.00046180
2.52456665	0.00055289
2.52532959	0.00053499
2.52609253	0.00049223
2.52685547	0.00040749
2.52761841	0.00044086
2.52838135	0.00044819
2.52914429	0.00030504
2.52990723	0.00016015
2.53067017	0.00017980
2.53143311	0.00031690
2.53219604	0.00034782
2.53295898	0.00046456
2.53372192	0.00058144
2.53448486	0.00055250
2.53524780	0.00056581
2.53601074	0.00055846
2.53677368	0.00032155
2.53753662	0.00024997
2.53829956	0.00036610
2.53906250	0.00031419
2.53982544	0.00018696
2.54058838	0.00018627
2.54135132	0.00040877
2.54211426	0.00035424
2.54287720	0.00031700
2.54364014	0.00041866
2.54440308	0.00051136
2.54516602	0.00055899
2.54592896	0.00043158
2.54669189	0.00030865
2.54745483	0.00030270
2.54821777	0.00018477
2.54898071	0.00008593
2.54974365	0.00041869
2.55050659	0.00059808
2.55126953	0.00054932
2.55203247	0.00042758
2.55279541	0.00048875
2.55355835	0.00066620
2.55432129	0.00063459
2.55508423	0.00047257
2.55584717	0.00035484
2.55661011	0.00043088
2.55737305	0.00052950
2.55813599	0.00064780
2.55889893	0.00073758
2.55966187	0.00059584
2.56042480	0.00041902
2.56118774	0.00037125
2.56195068	0.00031723
2.56271362	0.00027852
2.56347656	0.00035363
2.56423950	0.00042614
2.56500244	0.00040929
2.56576538	0.00035528
2.56652832	0.00041031
2.56729126	0.00042963
2.56805420	0.00042741
2.56881714	0.00044442
2.56958008	0.00044721
2.57034302	0.00038242
2.57110596	0.00027969
2.57186890	0.00021801
2.57263184	0.00038524
2.57339478	0.00059725
2.57415771	0.00054418
2.57492065	0.00034736
2.57568359	0.00016300
2.57644653	0.00026249
2.57720947	0.00034034
2.57797241	0.00043108
2.57873535	0.00048899
2.57949829	0.00043835
2.58026123	0.00060576
2.58102417	0.00343796
2.58178711	0.01072743
2.58255005	0.01574699
2.58331299	0.01632920
2.58407593	0.01586299
2.58483887	0.01075495
2.58560181	0.00325673
2.58636475	0.00061665
2.58712769	0.00066597
2.58789063	0.00054236
2.58865356	0.00028728
2.58941650	0.00017694
2.59017944	0.00033872
2.59094238	0.00037995
2.59170532	0.00040549
2.59246826	0.00045377
2.59323120	0.00045772
2.59399414	0.00050162
2.59475708	0.00051324
2.59552002	0.00045757
2.59628296	0.00034832
2.59704590	0.00014902
2.59780884	0.00010694
2.59857178	0.00017241
2.59933472	0.00013693
2.60009766	0.00037013
2.60086060	0.00055180
2.60162354	0.00049926
2.60238647	0.00030970
2.60314941	0.00012244
2.60391235	0.00021119
2.60467529	0.00027822
2.60543823	0.00013614
2.60620117	0.00002467
2.60696411	0.00006124
2.60772705	0.00019028
2.60848999	0.00035937
2.60925293	0.00056203
2.61001587	0.00069143
2.61077881	0.00082560
2.61154175	0.00087066
2.61230469	0.00075816
2.61306763	0.00074633
2.61383057	0.00071431
2.61459351	0.00061953
2.61535645	0.00059154
2.61611938	0.00053890
2.61688232	0.00041924
2.61764526	0.00033844
2.61840820	0.00040454
2.61917114	0.00051352
2.61993408	0.00042327
2.62069702	0.00031901
2.62145996	0.00030039
2.62222290	0.00026200
2.62298584	0.00033894
2.62374878	0.00033544
2.62451172	0.00037229
2.62527466	0.00054908
2.62603760	0.00062538
2.62680054	0.00057283
2.62756348	0.00044989
2.62832642	0.00018588
2.62908936	0.00036322
2.62985229	0.00053365
2.63061523	0.00063590
2.63137817	0.00056949
2.63214111	0.00047775
2.63290405	0.00048964
2.63366699	0.00048021
2.63442993	0.00040220
2.63519287	0.00024073
2.63595581	0.00008598
2.63671875	0.00018170
2.63748169	0.00039184
2.63824463	0.00057570
2.63900757	0.00053468
2.63977051	0.00045957
2.64053345	0.00045394
2.64129639	0.00042639
2.64205933	0.00047074
2.64282227	0.00048498
2.64358521	0.00053511
2.64434814	0.00060214
2.64511108	0.00055727
2.64587402	0.00033305
2.64663696	0.00024262
2.64739990	0.00026940
2.64816284	0.00045283
2.64892578	0.00048565
2.64968872	0.00026571
2.65045166	0.00003819
2.65121460	0.00022822
2.65197754	0.00040794
2.65274048	0.00042915
2.65350342	0.00024479
2.65426636	0.00029748
2.65502930	0.00039921
2.65579224	0.00053396
2.65655518	0.00067889
2.65731812	0.00065004
2.65808105	0.00058279
2.65884399	0.00051448
2.65960693	0.00051082
2.66036987	0.00059085
2.66113281	0.00062840
2.66189575	0.00060115
2.66265869	0.00038517
2.66342163	0.00020817
2.66418457	0.00316866
2.66494751	0.01336041
2.66571045	0.02335562
2.66647339	0.02543967
2.66723633	0.02529037
2.66799927	0.01993077
2.66876221	0.00819528
2.66952515	0.00121086
2.67028809	0.00017403
2.67105103	0.00042016
2.67181396	0.00057112
2.67257690	0.00056502
2.67333984	0.00036048
2.67410278	0.00008107
2.67486572	0.00033020
2.67562866	0.00045068
2.67639160	0.00043485
2.67715454	0.00038422
2.67791748	0.00024283
2.67868042	0.00015141
2.67944336	0.00025449
2.68020630	0.00036400
2.68096924	0.00043663
2.68173218	0.00045526
2.68249512	0.00030135
2.68325806	0.00017198
2.68402100	0.00040749
2.68478394	0.00064717
2.68554688	0.00060335
2.68630981	0.00029893
2.68707275	0.00025166
2.68783569	0.00049645
2.68859863	0.00062820
2.68936157	0.00057827
2.69012451	0.00041101
2.69088745	0.00051756
2.69165039	0.00068901
2.69241333	0.00061542
2.69317627	0.00044491
2.69393921	0.00024293
2.69470215	0.00018953
2.69546509	0.00032807
2.69622803	0.00031584
2.69699097	0.00023290
2.69775391	0.00025621
2.69851685	0.00030371
2.69927979	0.00020906
2.70004272	0.00022997
2.70080566	0.00023682
2.70156860	0.00006154
2.70233154	0.00016293
2.70309448	0.00017526
2.70385742	0.00019783
2.70462036	0.00027963
2.70538330	0.00049323
2.70614624	0.00056777
2.70690918	0.00030132
2.70767212	0.00011987
2.70843506	0.00033430
2.70919800	0.00050302
2.70996094	0.00059364
2.71072388	0.00049443
2.71148682	0.00037249
2.71224976	0.00032153
2.71301270	0.00017787
2.71377563	0.00014864
2.71453857	0.00022228
2.71530151	0.00035624
2.71606445	0.00054215
2.71682739	0.00070190
2.71759033	0.00080727
2.71835327	0.00082888
2.71911621	0.00064911
2.71987915	0.00046420
2.72064209	0.00043325
2.72140503	0.00041310
2.72216797	0.00036906
2.72293091	0.00034980
2.72369385	0.00036305
2.72445679	0.00035905
2.72521973	0.00036428
2.72598267	0.00046595
2.72674561	0.00056393
2.72750854	0.00051721
2.72827148	0.00042203
2.72903442	0.00046405
2.72979736	0.00056784
2.73056030	0.00062181
2.73132324	0.00064335
2.73208618	0.00060398
2.73284912	0.00060484
2.73361206	0.00074855
2.73437500	0.00082117
2.73513794	0.00072531
2.73590088	0.00053516
2.73666382	0.00033650
2.73742676	0.00026726
2.73818970	0.00041346
2.73895264	0.00060497
2.73971558	0.00071415
2.74047852	0.00068397
2.74124146	0.00056557
2.74200439	0.00051317
2.74276733	0.00037180
2.74353027	0.00008803
2.74429321	0.00040579
2.74505615	0.00061110
2.74581909	0.00070668
2.74658203	0.00050794
2.74734497	0.00028122
2.74810791	0.00150393
2.74887085	0.00302961
2.74963379	0.00349145
2.75039673	0.00346797
2.75115967	0.00286302
2.75192261	0.00128827
2.75268555	0.00038139
2.75344849	0.00045810
2.75421143	0.00062546
2.75497437	0.00078037
2.75573730	0.00087517
2.75650024	0.00078277
2.75726318	0.00061392
2.75802612	0.00044923
2.75878906	0.00026609
2.75955200	0.00018394
2.76031494	0.00026049
2.76107788	0.00028663
2.76184082	0.00024406
2.76260376	0.00034724
2.76336670	0.00050803
2.76412964	0.00055902
2.76489258	0.00049217
2.76565552	0.00037310
2.76641846	0.00024915
2.76718140	0.00011405
2.76794434	0.00010392
2.76870728	0.00010874
2.76947021	0.00004784
2.77023315	0.00020128
2.77099609	0.00030241
2.77175903	0.00047289
2.77252197	0.00058115
2.77328491	0.00045919
2.77404785	0.00030921
2.77481079	0.00022107
2.77557373	0.00004281
2.77633667	0.00041802
2.77709961	0.00071621
2.77786255	0.00082417
2.77862549	0.00070540
2.77938843	0.00049635
2.78015137	0.00033950
2.78091431	0.00033302
2.78167725	0.00050768
2.78244019	0.00054156
2.78320313	0.00039109
2.78396606	0.00014915
2.78472900	0.00027512
2.78549194	0.00043802
2.78625488	0.00048544
2.78701782	0.00038910
2.78778076	0.00017867
2.78854370	0.00001658
2.78930664	0.00008416
2.79006958	0.00019276
2.79083252	0.00011973
2.79159546	0.00018656
2.79235840	0.00038304
2.79312134	0.00041327
2.79388428	0.00038330
2.79464722	0.00040285
2.79541016	0.00025756
2.79617310	0.00016838
2.79693604	0.00022819
2.79769897	0.00029655
2.79846191	0.00036556
2.79922485	0.00049860
2.79998779	0.00057120
2.80075073	0.00060337
2.80151367	0.00067364
2.80227661	0.00068088
2.80303955	0.00062216
2.80380249	0.00052758
2.80456543	0.00038533
2.80532837	0.00040228
2.80609131	0.00050074
2.80685425	0.00042495
2.80761719	0.00030295
2.80838013	0.00020221
2.80914307	0.00009436
2.80990601	0.00007170
2.81066895	0.00021478
2.81143188	0.00030948
2.81219482	0.00031458
2.81295776	0.00029292
2.81372070	0.00034206
2.81448364	0.00047314
2.81524658	0.00045784
2.81600952	0.00047410
2.81677246	0.00045407
2.81753540	0.00051422
2.81829834	0.00056860
2.81906128	0.00033451
2.81982422	0.00023004
2.82058716	0.00024556
2.82135010	0.00021651
2.82211304	0.00030081
2.82287598	0.00038094
2.82363892	0.00037549
2.82440186	0.00041906
2.82516479	0.00044308
2.82592773	0.00040548
2.82669067	0.00029300
2.82745361	0.00013949
2.82821655	0.00015784
2.82897949	0.00029622
2.82974243	0.00023565
2.83050537	0.00028441
2.83126831	0.00170611
2.83203125	0.00377407
2.83279419	0.00465202
2.83355713	0.00449905
2.83432007	0.00377311
2.83508301	0.00188755
2.83584595	0.00028383
2.83660889	0.00051560
2.83737183	0.00057757
2.83813477	0.00056068
2.83889771	0.00054079
2.83966064	0.00049020
2.84042358	0.00050503
2.84118652	0.00049579
2.84194946	0.00051544
2.84271240	0.00050321
2.84347534	0.00049361
2.84423828	0.00049788
2.84500122	0.00044760
2.84576416	0.00039293
2.84652710	0.00028846
2.84729004	0.00021071
2.84805298	0.00014989
2.84881592	0.00025224
2.84957886	0.00051653
2.85034180	0.00067475
2.85110474	0.00079339
2.85186768	0.00072403
2.85263062	0.00046900
2.85339355	0.00034371
2.85415649	0.00025120
2.85491943	0.00013436
2.85568237	0.00013790
2.85644531	0.00023891
2.85720825	0.00038197
2.85797119	0.00038978
2.85873413	0.00024898
2.85949707	0.00012767
2.86026001	0.00019896
2.86102295	0.00026571
2.86178589	0.00030824
2.86254883	0.00047528
2.86331177	0.00074687
2.86407471	0.00091052
2.86483765	0.00080192
2.86560059	0.00061237
2.86636353	0.00045189
2.86712646	0.00035165
2.86788940	0.00043803
2.86865234	0.00056979
2.86941528	0.00065950
2.87017822	0.00062563
2.87094116	0.00050034
2.87170410	0.00038977
2.87246704	0.00036412
2.87322998	0.00045166
2.87399292	0.00059886
2.87475586	0.00067336
2.87551880	0.00054875
2.87628174	0.00029520
2.87704468	0.00017705
2.87780762	0.00017208
2.87857056	0.00023268
2.87933350	0.00034436
2.88009644	0.00047999
2.88085938	0.00051598
2.88162231	0.00049863
2.88238525	0.00047071
2.88314819	0.00047305
2.88391113	0.00047013
2.88467407	0.00055768
2.88543701	0.00068017
2.88619995	0.00070682
2.88696289	0.00064773
2.88772583	0.00047249
2.88848877	0.00016140
2.88925171	0.00026068
2.89001465	0.00060359
2.89077759	0.00076707
2.89154053	0.00085550
2.89230347	0.00075776
2.89306641	0.00049715
2.89382935	0.00032853
2.89459229	0.00021211
2.89535522	0.00013861
2.89611816	0.00025533
2.89688110	0.00030889
2.89764404	0.00038027
2.89840698	0.00044639
2.89916992	0.00022706
2.89993286	0.00016500
2.90069580	0.00023691
2.90145874	0.00030163
2.90222168	0.00042451
2.90298462	0.00042051
2.90374756	0.00030034
2.90451050	0.00045942
2.90527344	0.00055675
2.90603638	0.00047319
2.90679932	0.00038824
2.90756226	0.00028143
2.90832520	0.00029978
2.90908813	0.00020154
2.90985107	0.00011429
2.91061401	0.00016309
2.91137695	0.00018258
2.91213989	0.00021496
2.91290283	0.00012728
2.91366577	0.00041750
2.91442871	0.00430189
2.91519165	0.01255610
2.91595459	0.01758347
2.91671753	0.01806473
2.91748047	0.01742218
2.91824341	0.01153974
2.91900635	0.00386405
2.91976929	0.00106738
2.92053223	0.00081567
2.92129517	0.00072503
2.92205811	0.00050852
2.92282104	0.00018617
2.92358398	0.00008120
2.92434692	0.00023682
2.92510986	0.00032346
2.92587280	0.00024733
2.92663574	0.00012838
2.92739868	0.00013914
2.92816162	0.00018252
2.92892456	0.00028781
2.92968750	0.00052175
2.93045044	0.00071170
2.93121338	0.00071352
2.93197632	0.00060522
2.93273926	0.00048883
2.93350220	0.00032388
2.93426514	0.00017978
2.93502808	0.00011616
2.93579102	0.00021108
2.93655396	0.00030623
2.93731689	0.00045104
2.93807983	0.00067487
2.93884277	0.00063051
2.93960571	0.00038700
2.94036865	0.00026560
2.94113159	0.00035285
2.94189453	0.00045261
2.94265747	0.00040450
2.94342041	0.00025977
2.94418335	0.00020406
2.94494629	0.00018792
2.94570923	0.00013268
2.94647217	0.00020231
2.94723511	0.00032053
2.94799805	0.00039070
2.94876099	0.00046308
2.94952393	0.00056144
2.95028687	0.00057371
2.95104980	0.00047629
2.95181274	0.00034976
2.95257568	0.00023043
2.95333862	0.00014892
2.95410156	0.00018972
2.95486450	0.00023672
2.95562744	0.00023103
2.95639038	0.00034165
2.95715332	0.00047927
2.95791626	0.00052960
2.95867920	0.00037311
2.95944214	0.00006471
2.96020508	0.00021109
2.96096802	0.00041243
2.96173096	0.00048118
2.96249390	0.00049967
2.96325684	0.00055545
2.96401978	0.00040313
2.96478271	0.00016422
2.96554565	0.00007231
2.96630859	0.00030642
2.96707153	0.00050154
2.96783447	0.00064282
2.96859741	0.00062227
2.96936035	0.00048209
2.97012329	0.00040273
2.97088623	0.00036985
2.97164917	0.00043372
2.97241211	0.00049018
2.97317505	0.00035887
2.97393799	0.00020308
2.97470093	0.00038113
2.97546387	0.00062253
2.97622681	0.00075534
2.97698975	0.00068520
2.97775269	0.00058088
2.97851563	0.00060743
2.97927856	0.00059156
2.98004150	0.00057343
2.98080444	0.00053230
2.98156738	0.00044675
2.98233032	0.00036490
2.98309326	0.00021094
2.98385620	0.00004721
2.98461914	0.00009720
2.98538208	0.00007915
2.98614502	0.00014671
2.98690796	0.00034250
2.98767090	0.00052154
2.98843384	0.00051254
2.98919678	0.00044890
2.98995972	0.00045443
2.99072266	0.00044328
2.99148560	0.00056690
2.99224854	0.00074627
2.99301147	0.00074682
2.99377441	0.00058764
2.99453735	0.00040471
2.99530029	0.00042729
2.99606323	0.00071588
2.99682617	0.00070587
2.99758911	0.00292854
2.99835205	0.01240765
2.99911499	0.02066133
2.99987793	0.02212912
3.00064087	0.02192533
3.00140381	0.01646721
3.00216675	0.00606501
3.00292969	0.00068937
3.00369263	0.00003404
3.00445557	0.00011484
3.00521851	0.00018573
3.00598145	0.00021925
3.00674438	0.00032033
3.00750732	0.00035502
3.00827026	0.00031619
3.00903320	0.00026982
3.00979614	0.00023695
3.01055908	0.00037339
3.01132202	0.00050397
3.01208496	0.00054093
3.01284790	0.00063047
3.01361084	0.00064880
3.01437378	0.00064988
3.01513672	0.00067135
3.01589966	0.00068790
3.01666260	0.00072191
3.01742554	0.00062288
3.01818848	0.00055184
3.01895142	0.00055342
3.01971436	0.00042904
3.02047729	0.00043020
3.02124023	0.00054644
3.02200317	0.00045233
3.02276611	0.00035650
3.02352905	0.00041734
3.02429199	0.00034411
3.02505493	0.00021283
3.02581787	0.00028974
3.02658081	0.00054214
3.02734375	0.00069751
3.02810669	0.00062785
3.02886963	0.00042731
3.02963257	0.00020259
3.03039551	0.00015350
3.03115845	0.00010074
3.03192139	0.00008380
3.03268433	0.00014998
3.03344727	0.00016195
3.03421021	0.00019830
3.03497314	0.00040418
3.03573608	0.00059382
3.03649902	0.00077581
3.03726196	0.00106626
3.03802490	0.00124342
3.03878784	0.00130506
3.03955078	0.00134809
3.04031372	0.00117195
3.04107666	0.00090853
3.04183960	0.00072185
3.04260254	0.00048594
3.04336548	0.00057662
3.04412842	0.00073493
3.04489136	0.00077371
3.04565430	0.00080402
3.04641724	0.00061961
3.04718018	0.00026040
3.04794312	0.00015599
3.04870605	0.00022931
3.04946899	0.00019517
3.05023193	0.00015808
3.05099487	0.00026671
3.05175781	0.00036405
3.05252075	0.00037884
3.05328369	0.00041034
3.05404663	0.00061539
3.05480957	0.00074094
3.05557251	0.00073866
3.05633545	0.00060349
3.05709839	0.00040280
3.05786133	0.00045213
3.05862427	0.00050922
3.05938721	0.00044308
3.06015015	0.00034793
3.06091309	0.00034237
3.06167603	0.00037741
3.06243896	0.00048157
3.06320190	0.00071678
3.06396484	0.00085006
3.06472778	0.00074539
3.06549072	0.00049665
3.06625366	0.00040865
3.06701660	0.00063029
3.06777954	0.00066740
3.06854248	0.00044027
3.06930542	0.00020027
3.07006836	0.00025780
3.07083130	0.00041072
3.07159424	0.00046572
3.07235718	0.00042843
3.07312012	0.00033378
3.07388306	0.00030279
3.07464600	0.00047587
3.07540894	0.00065925
3.07617188	0.00074819
3.07693481	0.00076162
3.07769775	0.00064749
3.07846069	0.00043235
3.07922363	0.00031788
3.07998657	0.00027149
3.08074951	0.00067530
3.08151245	0.00234151
3.08227539	0.00425783
3.08303833	0.00477556
3.08380127	0.00465993
3.08456421	0.00384542
3.08532715	0.00184477
3.08609009	0.00043236
3.08685303	0.00025073
3.08761597	0.00049656
3.08837891	0.00058897
3.08914185	0.00046191
3.08990479	0.00031668
3.09066772	0.00021814
3.09143066	0.00021880
3.09219360	0.00022003
3.09295654	0.00028010
3.09371948	0.00026857
3.09448242	0.00013092
3.09524536	0.00011580
3.09600830	0.00013138
3.09677124	0.00033676
3.09753418	0.00053399
3.09829712	0.00065988
3.09906006	0.00049971
3.09982300	0.00032296
3.10058594	0.00036668
3.10134888	0.00050628
3.10211182	0.00058688
3.10287476	0.00066964
3.10363770	0.00067050
3.10440063	0.00052626
3.10516357	0.00045029
3.10592651	0.00041120
3.10668945	0.00041807
3.10745239	0.00039814
3.10821533	0.00039816
3.10897827	0.00038002
3.10974121	0.00028088
3.11050415	0.00014908
3.11126709	0.00021859
3.11203003	0.00040895
3.11279297	0.00070438
3.11355591	0.00083148
3.11431885	0.00075710
3.11508179	0.00060901
3.11584473	0.00043925
3.11660767	0.00020967
3.11737061	0.00005396
3.11813354	0.00023114
3.11889648	0.00048272
3.11965942	0.00061562
3.12042236	0.00067747
3.12118530	0.00068112
3.12194824	0.00060214
3.12271118	0.00052153
3.12347412	0.00053470
3.12423706	0.00046661
