Частота	Канал A
(kГц)	(В)

0.00000000	0.25164650
0.01192093	0.17392830
0.02384186	0.11702030
0.03576279	0.03447741
0.04768372	0.00082895
0.05960464	0.00333076
0.07152557	0.00203179
0.08344650	0.00191130
0.09536743	0.00175966
0.10728836	0.00104541
0.11920929	0.00091117
0.13113022	0.00086655
0.14305115	0.00129336
0.15497208	0.00192995
0.16689301	0.00189291
0.17881393	0.00204362
0.19073486	0.00210836
0.20265579	0.00131371
0.21457672	0.00019325
0.22649765	0.00081147
0.23841858	0.00193785
0.25033951	0.00324723
0.26226044	0.00382222
0.27418137	0.00406136
0.28610229	0.00550439
0.29802322	0.00601809
0.30994415	0.00558851
0.32186508	0.00671376
0.33378601	0.00677939
0.34570694	0.00588122
0.35762787	0.00676144
0.36954880	0.00637713
0.38146973	0.00513733
0.39339066	0.00493568
0.40531158	0.00402525
0.41723251	0.00255284
0.42915344	0.00181377
0.44107437	0.00103514
0.45299530	0.00027336
0.46491623	0.00117443
0.47683716	0.00137427
0.48875809	0.00201416
0.50067902	0.00268656
0.51259995	0.00247560
0.52452087	0.00210793
0.53644180	0.00195546
0.54836273	0.00105954
0.56028366	0.00037706
0.57220459	0.00109261
0.58412552	0.00191323
0.59604645	0.00349608
0.60796738	0.00439810
0.61988831	0.00496606
0.63180923	0.00713189
0.64373016	0.00808280
0.65565109	0.00758868
0.66757202	0.00851559
0.67949295	0.00770059
0.69141388	0.00603657
0.70333481	0.00614661
0.71525574	0.00544779
0.72717667	0.00410537
0.73909760	0.00363688
0.75101852	0.00253948
0.76293945	0.00111262
0.77486038	0.00044354
0.78678131	0.00011977
0.79870224	0.00083252
0.81062317	0.00136734
0.82254410	0.00154883
0.83446503	0.00168559
0.84638596	0.00189874
0.85830688	0.00150513
0.87022781	0.00106305
0.88214874	0.00048481
0.89406967	0.00031602
0.90599060	0.00155132
0.91791153	0.00233545
0.92983246	0.00348049
0.94175339	0.00548619
0.95367432	0.00097315
0.96559525	0.04718326
0.97751617	0.14455710
0.98943710	0.20258680
1.00135803	0.20846980
1.01327896	0.19769880
1.02519989	0.12458140
1.03712082	0.03245136
1.04904175	0.00216407
1.06096268	0.00453570
1.07288361	0.00365901
1.08480453	0.00324413
1.09672546	0.00202284
1.10864639	0.00047739
1.12056732	0.00054748
1.13248825	0.00119669
1.14440918	0.00199265
1.15633011	0.00241195
1.16825104	0.00234334
1.18017197	0.00241652
1.19209290	0.00242407
1.20401382	0.00175839
1.21593475	0.00090990
1.22785568	0.00067410
1.23977661	0.00100280
1.25169754	0.00219998
1.26361847	0.00273717
1.27553940	0.00326787
1.28746033	0.00525377
1.29938126	0.00591797
1.31130219	0.00536990
1.32322311	0.00570502
1.33514404	0.00479096
1.34706497	0.00355782
1.35898590	0.00394584
1.37090683	0.00369884
1.38282776	0.00357741
1.39474869	0.00392157
1.40666962	0.00326623
1.41859055	0.00260197
1.43051147	0.00245540
1.44243240	0.00169419
1.45435333	0.00052923
1.46627426	0.00046704
1.47819519	0.00116523
1.49011612	0.00224874
1.50203705	0.00286589
1.51395798	0.00274249
1.52587891	0.00250441
1.53779984	0.00202454
1.54972076	0.00071902
1.56164169	0.00050919
1.57356262	0.00123269
1.58548355	0.00225916
1.59740448	0.00394400
1.60932541	0.00474851
1.62124634	0.00596131
1.63316727	0.00906800
1.64508820	0.01005202
1.65700912	0.00911209
1.66893005	0.00927494
1.68085098	0.00729049
1.69277191	0.00488604
1.70469284	0.00480895
1.71661377	0.00441779
1.72853470	0.00387210
1.74045563	0.00392840
1.75237656	0.00301885
1.76429749	0.00190706
1.77621841	0.00125359
1.78813934	0.00036305
1.80006027	0.00104141
1.81198120	0.00167905
1.82390213	0.00179263
1.83582306	0.00192358
1.84774399	0.00178813
1.85966492	0.00115684
1.87158585	0.00103070
1.88350677	0.00086516
1.89542770	0.00014063
1.90734863	0.00099454
1.91926956	0.00162341
1.93119049	0.00292549
1.94311142	0.00450627
1.95503235	0.00298234
1.96695328	0.05742518
1.97887421	0.15401660
1.99079514	0.20310510
2.00271606	0.20677290
2.01463699	0.19165170
2.02655792	0.11281880
2.03847885	0.02663622
2.05039978	0.00139967
2.06232071	0.00273675
2.07424164	0.00229182
2.08616257	0.00245255
2.09808350	0.00175165
2.11000443	0.00078860
2.12192535	0.00037393
2.13384628	0.00103969
2.14576721	0.00196443
2.15768814	0.00223943
2.16960907	0.00191563
2.18153000	0.00168991
2.19345093	0.00154094
2.20537186	0.00095780
2.21729279	0.00048315
2.22921371	0.00044504
2.24113464	0.00105806
2.25305557	0.00220036
2.26497650	0.00280045
2.27689743	0.00385169
2.28881836	0.00628838
2.30073929	0.00699078
2.31266022	0.00588989
2.32458115	0.00504899
2.33650208	0.00313960
2.34842300	0.00148170
2.36034393	0.00183046
2.37226486	0.00259141
2.38418579	0.00375447
2.39610672	0.00463511
2.40802765	0.00405860
2.41994858	0.00332283
2.43186951	0.00283013
2.44379044	0.00168645
2.45571136	0.00065835
2.46763229	0.00026324
2.47955322	0.00039963
2.49147415	0.00103290
2.50339508	0.00144829
2.51531601	0.00141114
2.52723694	0.00143144
2.53915787	0.00137676
2.55107880	0.00055455
2.56299973	0.00022295
2.57492065	0.00071672
2.58684158	0.00178883
2.59876251	0.00344929
2.61068344	0.00435959
2.62260437	0.00659689
2.63452530	0.01073721
2.64644623	0.01182673
2.65836716	0.01099526
2.67028809	0.01059701
2.68220901	0.00724815
2.69412994	0.00409879
2.70605087	0.00362050
2.71797180	0.00324058
2.72989273	0.00315651
2.74181366	0.00348628
2.75373459	0.00294440
2.76565552	0.00247779
2.77757645	0.00201752
2.78949738	0.00113916
2.80141830	0.00042836
2.81333923	0.00078141
2.82526016	0.00126135
2.83718109	0.00179943
2.84910202	0.00214844
2.86102295	0.00183184
2.87294388	0.00176802
2.88486481	0.00141895
2.89678574	0.00063514
2.90870667	0.00115127
2.92062759	0.00175524
2.93254852	0.00327453
2.94446945	0.00479244
2.95639038	0.00529473
2.96831131	0.06572837
2.98023224	0.15963010
2.99215317	0.20012780
3.00407410	0.20244760
3.01599503	0.18230270
3.02791595	0.09868996
3.03983688	0.01909701
3.05175781	0.00326743
3.06367874	0.00386685
3.07559967	0.00307037
3.08752060	0.00262009
3.09944153	0.00124286
3.11136246	0.00025949
3.12328339	0.00017484
3.13520432	0.00065183
3.14712524	0.00139843
3.15904617	0.00151623
3.17096710	0.00149989
3.18288803	0.00189157
3.19480896	0.00196694
3.20672989	0.00134877
3.21865082	0.00096393
3.23057175	0.00047547
3.24249268	0.00099121
3.25441360	0.00232820
3.26633453	0.00334073
3.27825546	0.00526301
3.29017639	0.00792133
3.30209732	0.00814306
3.31401825	0.00619175
3.32593918	0.00377476
3.33786011	0.00087981
3.34978104	0.00133739
3.36170197	0.00091974
3.37362289	0.00059466
3.38554382	0.00246703
3.39746475	0.00315814
3.40938568	0.00239739
3.42130661	0.00208158
3.43322754	0.00202403
3.44514847	0.00116207
3.45706940	0.00050910
3.46899033	0.00032894
3.48091125	0.00090754
3.49283218	0.00183398
3.50475311	0.00214749
3.51667404	0.00226501
3.52859497	0.00256500
3.54051590	0.00241089
3.55243683	0.00156007
3.56435776	0.00073108
3.57627869	0.00031403
3.58819962	0.00178672
3.60012054	0.00363653
3.61204147	0.00486742
3.62396240	0.00797386
3.63588333	0.01257737
3.64780426	0.01322307
3.65972519	0.01190105
3.67164612	0.01043930
3.68356705	0.00599206
3.69548798	0.00285269
3.70740891	0.00252456
3.71932983	0.00251465
3.73125076	0.00294444
3.74317169	0.00303775
3.75509262	0.00192148
3.76701355	0.00109447
3.77893448	0.00051728
3.79085541	0.00075058
3.80277634	0.00153672
3.81469727	0.00166646
3.82661819	0.00186623
3.83853912	0.00225287
3.85046005	0.00224879
3.86238098	0.00170814
3.87430191	0.00152882
3.88622284	0.00094115
3.89814377	0.00050521
3.91006470	0.00137732
3.92198563	0.00190629
3.93390656	0.00342444
3.94582748	0.00448751
3.95774841	0.00867755
3.96966934	0.07385632
3.98159027	0.16236890
3.99351120	0.19434320
4.00543213	0.19568180
4.01735306	0.17054740
4.02927399	0.08532742
4.04119492	0.01463686
4.05311584	0.00217150
4.06503677	0.00238981
4.07695770	0.00217934
4.08887863	0.00210881
4.10079956	0.00110603
4.11272049	0.00060722
4.12464142	0.00032960
4.13656235	0.00041814
4.14848328	0.00114462
4.16040421	0.00131885
4.17232513	0.00174660
4.18424606	0.00255227
4.19616699	0.00281213
4.20808792	0.00237765
4.22000885	0.00206966
4.23192978	0.00123887
4.24385071	0.00026313
4.25577164	0.00154980
4.26769257	0.00238836
4.27961349	0.00456554
4.29153442	0.00724010
4.30345535	0.00695636
4.31537628	0.00434024
4.32729721	0.00123241
4.33921814	0.00228209
4.35113907	0.00406640
4.36306000	0.00308541
4.37498093	0.00061135
4.38690186	0.00177653
4.39882278	0.00243060
4.41074371	0.00191116
4.42266464	0.00185083
4.43458557	0.00179637
4.44650650	0.00118179
4.45842743	0.00079288
4.47034836	0.00080239
4.48226929	0.00109178
4.49419022	0.00156593
4.50611115	0.00176378
4.51803207	0.00175706
4.52995300	0.00198171
4.54187393	0.00184332
4.55379486	0.00127416
4.56571579	0.00104890
4.57763672	0.00062312
4.58955765	0.00083562
4.60147858	0.00246093
4.61339951	0.00416444
4.62532043	0.00840491
4.63724136	0.01356322
4.64916229	0.01417582
4.66108322	0.01288449
4.67300415	0.01076347
4.68492508	0.00568120
4.69684601	0.00242907
4.70876694	0.00226986
4.72068787	0.00273535
4.73260880	0.00344388
4.74452972	0.00337880
4.75645065	0.00240434
4.76837158	0.00186717
4.78029251	0.00138047
4.79221344	0.00041223
4.80413437	0.00047501
4.81605530	0.00078457
4.82797623	0.00111740
4.83989716	0.00159315
4.85181808	0.00155512
4.86373901	0.00122065
4.87565994	0.00143943
4.88758087	0.00129772
4.89950180	0.00090330
4.91142273	0.00073047
4.92334366	0.00096153
4.93526459	0.00279031
4.94718552	0.00423084
4.95910645	0.01161666
4.97102737	0.08024416
4.98294830	0.16232760
4.99486923	0.18768350
5.00679016	0.18893920
5.01871109	0.15895930
5.03063202	0.07392474
5.04255295	0.01183522
5.05447388	0.00116223
5.06639481	0.00150562
5.07831573	0.00184775
5.09023666	0.00216628
5.10215759	0.00131079
5.11407852	0.00098044
5.12599945	0.00067271
5.13792038	0.00053351
5.14984131	0.00087600
5.16176224	0.00099510
5.17368317	0.00121816
5.18560410	0.00164445
5.19752502	0.00182558
5.20944595	0.00173666
5.22136688	0.00190919
5.23328781	0.00128071
5.24520874	0.00021626
5.25712967	0.00146849
5.26905060	0.00269661
5.28097153	0.00532451
5.29289246	0.00785030
5.30481339	0.00720453
5.31673431	0.00406231
5.32865524	0.00144055
5.34057617	0.00373959
5.35249710	0.00497582
5.36441803	0.00369627
5.37633896	0.00051780
5.38825989	0.00235560
5.40018082	0.00303234
5.41210175	0.00259043
5.42402267	0.00263818
5.43594360	0.00240435
5.44786453	0.00166324
5.45978546	0.00107518
5.47170639	0.00061410
5.48362732	0.00016010
5.49554825	0.00111700
5.50746918	0.00166149
5.51939011	0.00195866
5.53131104	0.00231190
5.54323196	0.00217698
5.55515289	0.00170876
5.56707382	0.00131350
5.57899475	0.00031620
5.59091568	0.00160314
5.60283661	0.00328337
5.61475754	0.00504601
5.62667847	0.00977151
5.63859940	0.01443500
5.65052032	0.01418555
5.66244125	0.01271219
5.67436218	0.00985038
5.68628311	0.00390359
5.69820404	0.00068118
5.71012497	0.00089264
5.72204590	0.00156944
5.73396683	0.00235139
5.74588776	0.00235521
5.75780869	0.00171009
5.76972961	0.00165980
5.78165054	0.00156174
5.79357147	0.00094734
5.80549240	0.00035490
5.81741333	0.00014578
5.82933426	0.00112899
5.84125519	0.00199154
5.85317612	0.00199017
5.86509705	0.00186161
5.87701797	0.00207990
5.88893890	0.00161409
5.90085983	0.00097694
5.91278076	0.00064908
5.92470169	0.00016163
5.93662262	0.00188420
5.94854355	0.00257496
5.96046448	0.01682452
5.97238541	0.08765896
5.98430634	0.16127260
5.99622726	0.17962440
6.00814819	0.17950440
6.02006912	0.14377580
6.03199005	0.06008106
6.04391098	0.00699980
6.05583191	0.00311022
6.06775284	0.00353349
6.07967377	0.00374672
6.09159470	0.00354014
6.10351563	0.00259728
6.11543655	0.00219624
6.12735748	0.00141820
6.13927841	0.00033881
6.15119934	0.00068195
6.16312027	0.00102743
6.17504120	0.00157511
6.18696213	0.00202751
6.19888306	0.00197412
6.21080399	0.00182683
6.22272491	0.00193698
6.23464584	0.00126216
6.24656677	0.00074216
6.25848770	0.00105055
6.27040863	0.00181763
6.28232956	0.00433960
6.29425049	0.00678501
6.30617142	0.00614065
6.31809235	0.00272074
6.33001328	0.00158662
6.34193420	0.00528349
6.35385513	0.00720053
6.36577606	0.00563221
6.37769699	0.00147044
6.38961792	0.00194050
6.40153885	0.00325218
6.41345978	0.00367266
6.42538071	0.00400487
6.43730164	0.00351270
6.44922256	0.00239515
6.46114349	0.00166669
6.47306442	0.00114822
6.48498535	0.00056097
6.49690628	0.00112376
6.50882721	0.00146495
6.52074814	0.00209743
6.53266907	0.00279092
6.54459000	0.00259678
6.55651093	0.00234029
6.56843185	0.00234773
6.58035278	0.00135322
6.59227371	0.00054899
6.60419464	0.00209995
6.61611557	0.00441343
6.62803650	0.01022844
6.63995743	0.01519774
6.65187836	0.01466844
6.66379929	0.01271560
6.67572021	0.00893411
6.68764114	0.00288433
6.69956207	0.00120092
6.71148300	0.00132667
6.72340393	0.00248145
6.73532486	0.00380188
6.74724579	0.00372676
6.75916672	0.00286894
6.77108765	0.00239700
6.78300858	0.00164405
6.79492950	0.00063842
6.80685043	0.00028229
6.81877136	0.00054466
6.83069229	0.00143021
6.84261322	0.00219970
6.85453415	0.00253878
6.86645508	0.00283408
6.87837601	0.00311851
6.89029694	0.00275137
6.90221786	0.00202182
6.91413879	0.00127282
6.92605972	0.00009769
6.93798065	0.00225204
6.94990158	0.00242120
6.96182251	0.02048106
6.97374344	0.09173994
6.98566437	0.15626550
6.99758530	0.16969640
7.00950623	0.16877640
7.02142715	0.12878700
7.03334808	0.04938438
7.04526901	0.00505727
7.05718994	0.00203084
7.06911087	0.00278668
7.08103180	0.00338727
7.09295273	0.00313426
7.10487366	0.00229180
7.11679459	0.00214530
7.12871552	0.00174010
7.14063644	0.00108158
7.15255737	0.00043616
7.16447830	0.00006155
7.17639923	0.00071662
7.18832016	0.00135837
7.20024109	0.00148277
7.21216202	0.00162540
7.22408295	0.00201114
7.23600388	0.00147370
7.24792480	0.00056162
7.25984573	0.00029313
7.27176666	0.00160035
7.28368759	0.00467120
7.29560852	0.00687625
7.30752945	0.00540451
7.31945038	0.00105461
7.33137131	0.00393619
7.34329224	0.00744256
7.35521317	0.00868527
7.36713409	0.00632901
7.37905502	0.00173404
7.39097595	0.00126251
7.40289688	0.00173561
7.41481781	0.00188278
7.42673874	0.00254865
7.43865967	0.00245528
7.45058060	0.00173253
7.46250153	0.00127189
7.47442245	0.00064049
7.48634338	0.00044233
7.49826431	0.00105473
7.51018524	0.00120799
7.52210617	0.00174178
7.53402710	0.00240773
7.54594803	0.00235239
7.55786896	0.00207510
7.56978989	0.00174871
7.58171082	0.00072575
7.59363174	0.00115437
7.60555267	0.00226864
7.61747360	0.00455209
7.62939453	0.01064685
7.64131546	0.01543558
7.65323639	0.01478469
7.66515732	0.01269375
7.67707825	0.00811906
7.68899918	0.00154223
7.70092010	0.00128542
7.71284103	0.00034142
7.72476196	0.00149938
7.73668289	0.00270795
7.74860382	0.00254844
7.76052475	0.00245585
7.77244568	0.00281796
7.78436661	0.00259120
7.79628754	0.00204189
7.80820847	0.00172678
7.82012939	0.00099028
7.83205032	0.00023677
7.84397125	0.00108502
7.85589218	0.00162762
7.86781311	0.00221324
7.87973404	0.00252805
7.89165497	0.00206497
7.90357590	0.00139862
7.91549683	0.00094160
7.92741776	0.00059051
7.93933868	0.00227143
7.95125961	0.00132483
7.96318054	0.02488643
7.97510147	0.09460592
7.98702240	0.14958120
7.99894333	0.15913290
8.01086426	0.15706930
8.02278519	0.11361830
8.03470612	0.03997013
8.04662704	0.00389547
8.05854797	0.00152634
8.07046890	0.00257856
8.08238983	0.00332265
8.09431076	0.00304012
8.10623169	0.00245999
8.11815262	0.00235939
8.13007355	0.00152341
8.14199448	0.00044274
8.15391541	0.00092963
8.16583633	0.00162258
8.17775726	0.00237998
8.18967819	0.00268192
8.20159912	0.00257791
8.21352005	0.00254773
8.22544098	0.00251104
8.23736191	0.00168547
8.24928284	0.00090771
8.26120377	0.00038767
8.27312469	0.00135835
8.28504562	0.00421360
8.29696655	0.00601405
8.30888748	0.00425274
8.32080841	0.00105446
8.33272934	0.00526210
8.34465027	0.00831568
8.35657120	0.00940169
8.36849213	0.00653758
8.38041306	0.00180509
8.39233398	0.00064343
8.40425491	0.00095028
8.41617584	0.00126279
8.42809677	0.00196736
8.44001770	0.00186187
8.45193863	0.00160903
8.46385956	0.00165440
8.47578049	0.00124859
8.48770142	0.00057247
8.49962234	0.00026044
8.51154327	0.00024903
8.52346420	0.00097877
8.53538513	0.00150829
8.54730606	0.00162589
8.55922699	0.00192135
8.57114792	0.00172023
8.58306885	0.00071709
8.59498978	0.00081111
8.60691071	0.00182133
8.61883163	0.00483642
8.63075256	0.01111991
8.64267349	0.01522653
8.65459442	0.01418560
8.66651535	0.01162740
8.67843628	0.00635808
8.69035721	0.00059099
8.70227814	0.00276273
8.71419907	0.00151811
8.72612000	0.00117416
8.73804092	0.00260853
8.74996185	0.00271353
8.76188278	0.00269438
8.77380371	0.00293253
8.78572464	0.00259844
8.79764557	0.00197043
8.80956650	0.00154702
8.82148743	0.00077793
8.83340836	0.00050226
8.84532928	0.00126198
8.85725021	0.00164961
8.86917114	0.00202979
8.88109207	0.00215792
8.89301300	0.00180994
8.90493393	0.00160944
8.91685486	0.00165841
8.92877579	0.00076658
8.94069672	0.00102757
8.95261765	0.00115572
8.96453857	0.02950539
8.97645950	0.09588571
8.98838043	0.14103610
9.00030136	0.14739780
9.01222229	0.14372530
9.02414322	0.09807194
9.03606415	0.03184243
9.04798508	0.00389574
9.05990601	0.00065187
9.07182693	0.00141964
9.08374786	0.00243334
9.09566879	0.00240548
9.10758972	0.00219452
9.11951065	0.00228115
9.13143158	0.00165130
9.14335251	0.00065170
9.15527344	0.00020673
9.16719437	0.00079036
9.17911530	0.00184278
9.19103622	0.00240853
9.20295715	0.00230351
9.21487808	0.00244999
9.22679901	0.00248818
9.23871994	0.00165411
9.25064087	0.00115862
9.26256180	0.00087625
9.27448273	0.00128794
9.28640366	0.00431907
9.29832458	0.00583234
9.31024551	0.00339522
9.32216644	0.00214556
9.33408737	0.00713962
9.34600830	0.01044858
9.35792923	0.01127659
9.36985016	0.00742269
9.38177109	0.00186115
9.39369202	0.00095183
9.40561295	0.00180680
9.41753387	0.00253694
9.42945480	0.00315507
9.44137573	0.00283294
9.45329666	0.00246098
9.46521759	0.00230946
9.47713852	0.00178017
9.48905945	0.00098173
9.50098038	0.00047227
9.51290131	0.00014156
9.52482224	0.00092816
9.53674316	0.00168110
9.54866409	0.00191290
9.56058502	0.00244358
9.57250595	0.00263215
9.58442688	0.00176238
9.59634781	0.00077185
9.60826874	0.00033911
9.62018967	0.00402984
9.63211060	0.01089268
9.64403152	0.01454697
9.65595245	0.01320926
9.66787338	0.01024482
9.67979431	0.00447446
9.69171524	0.00190819
9.70363617	0.00409671
9.71555710	0.00272918
9.72747803	0.00085395
9.73939896	0.00087268
9.75131989	0.00088512
9.76324081	0.00137406
9.77516174	0.00200197
9.78708267	0.00192776
9.79900360	0.00173593
9.81092453	0.00166630
9.82284546	0.00129290
9.83476639	0.00081502
9.84668732	0.00063984
9.85860825	0.00083161
9.87052917	0.00145967
9.88245010	0.00181258
9.89437103	0.00165166
9.90629196	0.00183985
9.91821289	0.00217083
9.93013382	0.00123001
9.94205475	0.00022363
9.95397568	0.00248237
9.96589661	0.03224048
9.97781754	0.09348692
9.98973846	0.12953780
10.00165939	0.13427220
10.01358032	0.12901580
10.02550125	0.08258287
10.03742218	0.02444198
10.04934311	0.00267847
10.06126404	0.00068130
10.07318497	0.00203659
10.08510590	0.00265184
10.09702682	0.00236314
10.10894775	0.00226465
10.12086868	0.00234833
10.13278961	0.00194449
10.14471054	0.00139476
10.15663147	0.00094863
10.16855240	0.00018586
10.18047333	0.00085314
10.19239426	0.00160414
10.20431519	0.00211097
10.21623611	0.00288198
10.22815704	0.00335135
10.24007797	0.00294924
10.25199890	0.00250653
10.26391983	0.00180326
10.27584076	0.00089143
10.28776169	0.00316363
10.29968262	0.00436286
10.31160355	0.00206708
10.32352448	0.00406529
10.33544540	0.00822452
10.34736633	0.01106238
10.35928726	0.01191462
10.37120819	0.00791334
10.38312912	0.00260318
10.39505005	0.00016673
10.40697098	0.00125969
10.41889191	0.00255280
10.43081284	0.00317972
10.44273376	0.00264225
10.45465469	0.00196782
10.46657562	0.00146989
10.47849655	0.00071764
10.49041748	0.00006546
10.50233841	0.00017067
10.51425934	0.00049875
10.52618027	0.00125828
10.53810120	0.00185019
10.55002213	0.00218794
10.56194305	0.00291814
10.57386398	0.00326000
10.58578491	0.00261304
10.59770584	0.00183912
10.60962677	0.00072523
10.62154770	0.00380655
10.63346863	0.01049113
10.64538956	0.01365549
10.65731049	0.01211581
10.66923141	0.00849536
10.68115234	0.00229122
10.69307327	0.00404643
10.70499420	0.00577308
10.71691513	0.00380614
10.72883606	0.00099862
10.74075699	0.00057330
10.75267792	0.00122187
10.76459885	0.00195383
10.77651978	0.00230705
10.78844070	0.00209020
10.80036163	0.00192104
10.81228256	0.00166519
10.82420349	0.00084457
10.83612442	0.00088563
10.84804535	0.00183269
10.85996628	0.00266041
10.87188721	0.00350442
10.88380814	0.00348370
10.89572906	0.00292874
10.90764999	0.00271437
10.91957092	0.00225467
10.93149185	0.00079108
10.94341278	0.00100780
10.95533371	0.00318530
10.96725464	0.03442035
10.97917557	0.09025622
10.99109650	0.11818150
11.00301743	0.12117980
11.01493835	0.11372270
11.02685928	0.06798197
11.03878021	0.01845143
11.05070114	0.00267765
11.06262207	0.00086408
11.07454300	0.00142847
11.08646393	0.00217366
11.09838486	0.00218264
11.11030579	0.00249733
11.12222672	0.00257384
11.13414764	0.00185400
11.14606857	0.00105376
11.15798950	0.00052822
11.16991043	0.00046833
11.18183136	0.00130176
11.19375229	0.00160793
11.20567322	0.00190192
11.21759415	0.00254190
11.22951508	0.00267795
11.24143600	0.00247340
11.25335693	0.00259978
11.26527786	0.00228470
11.27719879	0.00078825
11.28911972	0.00232593
11.30104065	0.00331384
11.31296158	0.00056502
11.32488251	0.00507854
11.33680344	0.00915455
11.34872437	0.01178101
11.36064529	0.01209070
11.37256622	0.00745402
11.38448715	0.00242696
11.39640808	0.00055618
11.40832901	0.00052670
11.42024994	0.00160270
11.43217087	0.00198460
11.44409180	0.00164465
11.45601273	0.00159831
11.46793365	0.00151984
11.47985458	0.00097159
11.49177551	0.00055913
11.50369644	0.00054789
11.51561737	0.00079507
11.52753830	0.00140258
11.53945923	0.00162627
11.55138016	0.00186316
11.56330109	0.00253819
11.57522202	0.00241022
11.58714294	0.00165091
11.59906387	0.00140380
11.61098480	0.00069769
11.62290573	0.00360781
11.63482666	0.00951781
11.64674759	0.01193601
11.65866852	0.01035295
11.67058945	0.00684036
11.68251038	0.00072153
11.69443130	0.00503173
11.70635223	0.00634317
11.71827316	0.00392218
11.73019409	0.00107715
11.74211502	0.00072114
11.75403595	0.00167383
11.76595688	0.00275284
11.77787781	0.00303765
11.78979874	0.00249658
11.80171967	0.00209099
11.81364059	0.00174817
11.82556152	0.00102642
11.83748245	0.00098901
11.84940338	0.00111617
11.86132431	0.00160959
11.87324524	0.00251566
11.88516617	0.00267276
11.89708710	0.00243941
11.90900803	0.00250296
11.92092896	0.00222344
11.93284988	0.00100222
11.94477081	0.00059990
11.95669174	0.00490301
11.96861267	0.03583520
11.98053360	0.08402222
11.99245453	0.10425810
12.00437546	0.10642450
12.01629639	0.09766845
12.02821732	0.05516581
12.04013824	0.01525636
12.05205917	0.00428584
12.06398010	0.00218141
12.07590103	0.00047767
12.08782196	0.00118632
12.09974289	0.00175433
12.11166382	0.00262008
12.12358475	0.00292369
12.13550568	0.00259618
12.14742661	0.00234406
12.15934753	0.00209869
12.17126846	0.00151674
12.18318939	0.00100038
12.19511032	0.00068047
12.20703125	0.00072654
12.21895218	0.00168153
12.23087311	0.00210822
12.24279404	0.00205315
12.25471497	0.00229754
12.26663589	0.00180883
12.27855682	0.00044123
12.29047775	0.00170899
12.30239868	0.00190948
12.31431961	0.00140651
12.32624054	0.00686641
12.33816147	0.01027236
12.35008240	0.01232401
12.36200333	0.01222243
12.37392426	0.00760136
12.38584518	0.00298362
12.39776611	0.00113513
12.40968704	0.00024588
12.42160797	0.00180266
12.43352890	0.00248411
12.44544983	0.00227286
12.45737076	0.00221455
12.46929169	0.00193058
12.48121262	0.00115716
12.49313354	0.00081198
12.50505447	0.00074506
12.51697540	0.00112322
12.52889633	0.00176460
12.54081726	0.00206667
12.55273819	0.00250752
12.56465912	0.00331540
12.57658005	0.00333230
12.58850098	0.00264803
12.60042191	0.00235347
12.61234283	0.00106163
12.62426376	0.00333706
12.63618469	0.00835350
12.64810562	0.00982332
12.66002655	0.00799841
12.67194748	0.00424886
12.68386841	0.00107480
12.69578934	0.00519085
12.70771027	0.00555004
12.71963120	0.00296231
12.73155212	0.00082657
12.74347305	0.00091939
12.75539398	0.00148737
12.76731491	0.00243643
12.77923584	0.00282509
12.79115677	0.00248976
12.80307770	0.00234830
12.81499863	0.00205693
12.82691956	0.00131795
12.83884048	0.00088185
12.85076141	0.00049625
12.86268234	0.00050643
12.87460327	0.00136403
12.88652420	0.00177064
12.89844513	0.00225786
12.91036606	0.00267857
12.92228699	0.00239549
12.93420792	0.00161602
12.94612885	0.00130213
12.95804977	0.00683961
12.96997070	0.03661081
12.98189163	0.07705691
12.99381256	0.09105220
13.00573349	0.09273352
13.01765442	0.08246259
13.02957535	0.04343511
13.04149628	0.01183006
13.05341721	0.00422550
13.06533813	0.00230540
13.07725906	0.00103772
13.08917999	0.00111872
13.10110092	0.00147111
13.11302185	0.00234301
13.12494278	0.00287976
13.13686371	0.00290207
13.14878464	0.00294777
13.16070557	0.00268905
13.17262650	0.00164084
13.18454742	0.00085527
13.19646835	0.00062757
13.20838928	0.00073848
13.22031021	0.00148465
13.23223114	0.00170582
13.24415207	0.00192841
13.25607300	0.00248524
13.26799393	0.00200813
13.27991486	0.00040318
13.29183578	0.00103658
13.30375671	0.00102687
13.31567764	0.00266076
13.32759857	0.00806729
13.33951950	0.01110427
13.35144043	0.01297445
13.36336136	0.01210056
13.37528229	0.00694784
13.38720322	0.00287806
13.39912415	0.00134278
13.41104507	0.00026348
13.42296600	0.00088884
13.43488693	0.00145571
13.44680786	0.00179211
13.45872879	0.00233118
13.47064972	0.00243052
13.48257065	0.00178945
13.49449158	0.00115317
13.50641251	0.00048147
13.51833344	0.00070640
13.53025436	0.00185283
13.54217529	0.00238478
13.55409622	0.00294099
13.56601715	0.00392227
13.57793808	0.00410534
13.58985901	0.00372396
13.60177994	0.00368544
13.61370087	0.00231044
13.62562180	0.00246230
13.63754272	0.00732330
13.64946365	0.00858615
13.66138458	0.00670665
13.67330551	0.00293476
13.68522644	0.00223304
13.69714737	0.00616234
13.70906830	0.00636173
13.72098923	0.00362154
13.73291016	0.00140676
13.74483109	0.00072857
13.75675201	0.00067789
13.76867294	0.00153585
13.78059387	0.00178380
13.79251480	0.00181512
13.80443573	0.00203584
13.81635666	0.00176374
13.82827759	0.00091439
13.84019852	0.00038141
13.85211945	0.00049863
13.86404037	0.00115838
13.87596130	0.00184881
13.88788223	0.00211273
13.89980316	0.00269601
13.91172409	0.00341369
13.92364502	0.00310880
13.93556595	0.00244514
13.94748688	0.00261722
13.95940781	0.00860097
13.97132874	0.03587902
13.98324966	0.06846345
13.99517059	0.07789630
14.00709152	0.07914276
14.01901245	0.06772541
14.03093338	0.03326637
14.04285431	0.00884166
14.05477524	0.00323299
14.06669617	0.00106635
14.07861710	0.00073698
14.09053802	0.00110718
14.10245895	0.00156572
14.11437988	0.00245347
14.12630081	0.00251384
14.13822174	0.00204962
14.15014267	0.00174255
14.16206360	0.00116595
14.17398453	0.00051918
14.18590546	0.00121218
14.19782639	0.00172367
14.20974731	0.00227209
14.22166824	0.00281511
14.23358917	0.00272180
14.24551010	0.00272131
14.25743103	0.00309760
14.26935196	0.00250832
14.28127289	0.00110752
14.29319382	0.00007644
14.30511475	0.00028716
14.31703568	0.00412998
14.32895660	0.00898837
14.34087753	0.01123660
14.35279846	0.01287280
14.36471939	0.01168975
14.37664032	0.00666245
14.38856125	0.00348127
14.40048218	0.00241654
14.41240311	0.00100670
14.42432404	0.00030802
14.43624496	0.00114686
14.44816589	0.00196911
14.46008682	0.00269206
14.47200775	0.00262773
14.48392868	0.00210529
14.49584961	0.00162571
14.50777054	0.00097302
14.51969147	0.00052020
14.53161240	0.00126370
14.54353333	0.00186185
14.55545425	0.00259119
14.56737518	0.00344044
14.57929611	0.00337392
14.59121704	0.00326002
14.60313797	0.00360986
14.61505890	0.00223183
14.62697983	0.00170256
14.63890076	0.00562479
14.65082169	0.00669122
14.66274261	0.00463844
14.67466354	0.00090782
14.68658447	0.00427459
14.69850540	0.00774155
14.71042633	0.00738947
14.72234726	0.00427117
14.73426819	0.00217169
14.74618912	0.00165247
14.75811005	0.00138993
14.77003098	0.00155086
14.78195190	0.00158273
14.79387283	0.00184095
14.80579376	0.00259946
14.81771469	0.00269543
14.82963562	0.00213408
14.84155655	0.00164131
14.85347748	0.00093454
14.86539841	0.00035670
14.87731934	0.00137985
14.88924026	0.00206005
14.90116119	0.00289947
14.91308212	0.00369351
14.92500305	0.00349025
14.93692398	0.00295741
14.94884491	0.00317252
14.96076584	0.00921687
14.97268677	0.03276292
14.98460770	0.05703617
14.99652863	0.06223270
15.00844955	0.06303146
15.02037048	0.05200416
15.03229141	0.02405966
15.04421234	0.00727231
15.05613327	0.00405866
15.06805420	0.00210725
15.07997513	0.00078712
15.09189606	0.00065203
15.10381699	0.00102560
15.11573792	0.00162150
15.12765884	0.00183876
15.13957977	0.00179765
15.15150070	0.00181889
15.16342163	0.00145455
15.17534256	0.00050418
15.18726349	0.00047642
15.19918442	0.00084503
15.21110535	0.00147235
15.22302628	0.00228855
15.23494720	0.00281259
15.24686813	0.00373603
15.25878906	0.00467189
15.27070999	0.00423258
15.28263092	0.00298989
15.29455185	0.00192418
15.30647278	0.00185870
15.31839371	0.00506337
15.33031464	0.00873575
15.34223557	0.01010062
15.35415649	0.01128698
15.36607742	0.00976481
15.37799835	0.00517457
15.38991928	0.00280532
15.40184021	0.00205746
15.41376114	0.00093615
15.42568207	0.00088368
15.43760300	0.00102682
15.44952393	0.00142819
15.46144485	0.00208671
15.47336578	0.00206480
15.48528671	0.00192223
15.49720764	0.00217521
15.50912857	0.00182761
15.52104950	0.00090351
15.53297043	0.00076528
15.54489136	0.00120272
15.55681229	0.00219095
15.56873322	0.00297983
15.58065414	0.00304075
15.59257507	0.00349253
15.60449600	0.00401967
15.61641693	0.00261394
15.62833786	0.00050017
15.64025879	0.00310228
15.65217972	0.00375671
15.66410065	0.00176364
15.67602158	0.00173063
15.68794250	0.00489800
15.69986343	0.00715098
15.71178436	0.00641883
15.72370529	0.00362852
15.73562622	0.00200361
15.74754715	0.00113702
15.75946808	0.00078543
15.77138901	0.00197321
15.78330994	0.00245261
15.79523087	0.00267737
15.80715179	0.00287590
15.81907272	0.00232983
15.83099365	0.00156220
15.84291458	0.00137715
15.85483551	0.00099794
15.86675644	0.00056761
15.87867737	0.00096874
15.89059830	0.00143210
15.90251923	0.00240248
15.91444016	0.00309310
15.92636108	0.00292625
15.93828201	0.00306448
15.95020294	0.00377740
15.96212387	0.00961122
15.97404480	0.02907638
15.98596573	0.04633243
15.99788666	0.04927795
16.00980759	0.05024170
16.02172852	0.04025673
16.03364944	0.01858040
16.04557037	0.00712658
16.05749130	0.00455732
16.06941223	0.00241018
16.08133316	0.00119962
16.09325409	0.00060497
16.10517502	0.00012145
16.11709595	0.00088615
16.12901688	0.00105771
16.14093781	0.00124104
16.15285873	0.00181133
16.16477966	0.00180990
16.17670059	0.00138147
16.18862152	0.00131054
16.20054245	0.00082700
16.21246338	0.00089285
16.22438431	0.00183347
16.23630524	0.00251936
16.24822617	0.00350830
16.26014709	0.00408259
16.27206802	0.00341644
16.28398895	0.00282021
16.29590988	0.00263101
16.30783081	0.00318087
16.31975174	0.00653032
16.33167267	0.00950433
16.34359360	0.01023141
16.35551453	0.01111920
16.36743546	0.00947125
16.37935638	0.00559903
16.39127731	0.00381352
16.40319824	0.00294561
16.41511917	0.00156079
16.42704010	0.00055450
16.43896103	0.00037780
16.45088196	0.00089250
16.46280289	0.00177222
16.47472382	0.00198813
16.48664474	0.00191087
16.49856567	0.00181653
16.51048660	0.00130009
16.52240753	0.00063787
16.53432846	0.00035401
16.54624939	0.00035413
16.55817032	0.00108391
16.57009125	0.00191151
16.58201218	0.00235738
16.59393311	0.00326620
16.60585403	0.00391462
16.61777496	0.00276428
16.62969589	0.00070496
16.64161682	0.00109872
16.65353775	0.00157730
16.66545868	0.00037668
16.67737961	0.00292464
16.68930054	0.00514137
16.70122147	0.00689131
16.71314240	0.00605687
16.72506332	0.00377783
16.73698425	0.00265629
16.74890518	0.00173973
16.76082611	0.00045765
16.77274704	0.00063369
16.78466797	0.00102205
16.79658890	0.00128585
16.80850983	0.00157435
16.82043076	0.00151253
16.83235168	0.00137246
16.84427261	0.00148290
16.85619354	0.00125325
16.86811447	0.00034120
16.88003540	0.00094151
16.89195633	0.00194503
16.90387726	0.00339978
16.91579819	0.00443892
16.92771912	0.00455556
16.93964005	0.00493951
16.95156097	0.00553844
16.96348190	0.01033901
16.97540283	0.02489408
16.98732376	0.03587004
16.99924469	0.03702382
17.01116562	0.03733960
17.02308655	0.02856524
17.03500748	0.01308475
17.04692841	0.00631734
17.05884933	0.00455860
17.07077026	0.00240279
17.08269119	0.00090192
17.09461212	0.00028900
17.10653305	0.00166845
17.11845398	0.00253786
17.13037491	0.00248105
17.14229584	0.00265324
17.15421677	0.00292129
17.16613770	0.00236721
17.17805862	0.00161134
17.18997955	0.00131399
17.20190048	0.00064707
17.21382141	0.00063211
17.22574234	0.00151362
17.23766327	0.00225352
17.24958420	0.00363789
17.26150513	0.00479344
17.27342606	0.00466665
17.28534698	0.00467020
17.29726791	0.00456149
17.30918884	0.00466436
17.32110977	0.00727350
17.33303070	0.00910757
17.34495163	0.00920261
17.35687256	0.01001415
17.36879349	0.00852123
17.38071442	0.00539393
17.39263535	0.00407958
17.40455627	0.00292932
17.41647720	0.00126159
17.42839813	0.00020893
17.44031906	0.00041118
17.45223999	0.00120138
17.46416092	0.00181829
17.47608185	0.00188867
17.48800278	0.00214830
17.49992371	0.00246954
17.51184464	0.00217948
17.52376556	0.00170638
17.53568649	0.00141482
17.54760742	0.00062105
17.55952835	0.00066976
17.57144928	0.00145378
17.58337021	0.00217757
17.59529114	0.00354611
17.60721207	0.00405710
17.61913300	0.00310331
17.63105392	0.00224246
17.64297485	0.00120096
17.65489578	0.00085861
17.66681671	0.00266868
17.67873764	0.00425789
17.69065857	0.00520739
17.70257950	0.00629146
17.71450043	0.00532087
17.72642136	0.00354160
17.73834229	0.00296416
17.75026321	0.00212058
17.76218414	0.00087402
17.77410507	0.00086026
17.78602600	0.00152468
17.79794693	0.00224421
17.80986786	0.00257169
17.82178879	0.00228657
17.83370972	0.00201819
17.84563065	0.00165396
17.85755157	0.00070076
17.86947250	0.00059287
17.88139343	0.00136118
17.89331436	0.00204850
17.90523529	0.00283604
17.91715622	0.00310723
17.92907715	0.00305295
17.94099808	0.00388186
17.95291901	0.00466011
17.96483994	0.00800994
17.97676086	0.01735769
17.98868179	0.02315937
18.00060272	0.02357619
18.01252365	0.02446138
18.02444458	0.01884861
18.03636551	0.00991051
18.04828644	0.00682533
18.06020737	0.00543608
18.07212830	0.00353514
18.08404922	0.00241608
18.09597015	0.00119270
18.10789108	0.00037612
18.11981201	0.00120233
18.13173294	0.00143679
18.14365387	0.00194848
18.15557480	0.00251327
18.16749573	0.00254512
18.17941666	0.00241001
18.19133759	0.00211104
18.20325851	0.00109181
18.21517944	0.00024353
18.22710037	0.00113814
18.23902130	0.00183037
18.25094223	0.00299536
18.26286316	0.00355975
18.27478409	0.00344079
18.28670502	0.00419050
18.29862595	0.00440388
18.31054688	0.00455572
18.32246780	0.00693526
18.33438873	0.00814433
18.34630966	0.00812777
18.35823059	0.00894543
18.37015152	0.00755588
18.38207245	0.00523077
18.39399338	0.00442221
18.40591431	0.00325865
18.41783524	0.00180424
18.42975616	0.00105856
18.44167709	0.00031100
18.45359802	0.00098508
18.46551895	0.00178551
18.47743988	0.00199636
18.48936081	0.00230503
18.50128174	0.00238752
18.51320267	0.00197489
18.52512360	0.00171174
18.53704453	0.00157627
18.54896545	0.00084054
18.56088638	0.00050432
18.57280731	0.00156736
18.58472824	0.00256618
18.59664917	0.00404898
18.60857010	0.00473428
18.62049103	0.00436167
18.63241196	0.00467325
18.64433289	0.00450931
18.65625381	0.00433107
18.66817474	0.00587947
18.68009567	0.00640062
18.69201660	0.00629182
18.70393753	0.00683787
18.71585846	0.00554367
18.72777939	0.00361755
18.73970032	0.00264695
18.75162125	0.00121755
18.76354218	0.00057045
18.77546310	0.00148773
18.78738403	0.00191676
18.79930496	0.00226624
18.81122589	0.00222875
18.82314682	0.00174568
18.83506775	0.00150967
18.84698868	0.00149088
18.85890961	0.00123949
18.87083054	0.00091694
18.88275146	0.00069655
18.89467239	0.00069018
18.90659332	0.00193301
18.91851425	0.00278862
18.93043518	0.00308275
18.94235611	0.00419833
18.95427704	0.00473190
18.96619797	0.00599563
18.97811890	0.01029959
18.99003983	0.01230311
19.00196075	0.01223121
19.01388168	0.01302762
19.02580261	0.01036942
19.03772354	0.00676993
19.04964447	0.00565972
19.06156540	0.00401288
19.07348633	0.00234277
19.08540726	0.00157186
19.09732819	0.00055043
19.10924911	0.00063068
19.12117004	0.00136639
19.13309097	0.00179377
19.14501190	0.00244030
19.15693283	0.00276201
19.16885376	0.00230150
19.18077469	0.00195976
19.19269562	0.00173526
19.20461655	0.00090420
19.21653748	0.00035827
19.22845840	0.00107291
19.24037933	0.00212976
19.25230026	0.00353470
19.26422119	0.00407043
19.27614212	0.00431553
19.28806305	0.00548029
19.29998398	0.00561239
19.31190491	0.00560607
19.32382584	0.00708611
19.33574677	0.00679617
19.34766769	0.00606380
19.35958862	0.00673879
19.37150955	0.00563302
19.38343048	0.00419350
19.39535141	0.00410437
19.40727234	0.00317212
19.41919327	0.00173361
19.43111420	0.00102762
19.44303513	0.00064398
19.45495605	0.00123337
19.46687698	0.00176783
19.47879791	0.00197841
19.49071884	0.00225406
19.50263977	0.00226829
19.51456070	0.00180874
19.52648163	0.00150762
19.53840256	0.00128955
19.55032349	0.00054294
19.56224442	0.00099456
19.57416534	0.00178577
19.58608627	0.00301600
19.59800720	0.00506923
19.60992813	0.00598251
19.62184906	0.00635005
19.63376999	0.00792832
19.64569092	0.00785068
19.65761185	0.00695926
19.66953278	0.00757750
19.68145370	0.00664690
19.69337463	0.00529539
19.70529556	0.00524585
19.71721649	0.00407715
19.72913742	0.00280054
19.74105835	0.00246191
19.75297928	0.00164213
19.76490021	0.00080512
19.77682114	0.00067433
19.78874207	0.00070248
19.80066299	0.00153375
19.81258392	0.00199027
19.82450485	0.00199461
19.83642578	0.00226252
19.84834671	0.00227122
19.86026764	0.00162868
19.87218857	0.00104548
19.88410950	0.00062203
19.89603043	0.00047852
19.90795135	0.00184450
19.91987228	0.00253247
19.93179321	0.00337274
19.94371414	0.00512930
19.95563507	0.00548065
19.96755600	0.00446205
19.97947693	0.00373904
19.99139786	0.00234402
20.00331879	0.00157732
20.01523972	0.00246777
20.02716064	0.00312829
20.03908157	0.00392528
20.05100250	0.00449767
20.06292343	0.00333133
20.07484436	0.00213343
20.08676529	0.00179403
20.09868622	0.00105656
20.11060715	0.00056555
20.12252808	0.00078653
20.13444901	0.00073548
20.14636993	0.00120949
20.15829086	0.00153379
20.17021179	0.00145753
20.18213272	0.00160800
20.19405365	0.00172117
20.20597458	0.00120267
20.21789551	0.00049022
20.22981644	0.00030961
20.24173737	0.00138489
20.25365829	0.00287922
20.26557922	0.00359122
20.27750015	0.00454451
20.28942108	0.00636002
20.30134201	0.00634172
20.31326294	0.00587425
20.32518387	0.00646443
20.33710480	0.00530572
20.34902573	0.00449283
20.36094666	0.00527497
20.37286758	0.00481804
20.38478851	0.00444591
20.39670944	0.00440637
20.40863037	0.00304873
20.42055130	0.00178042
20.43247223	0.00133337
20.44439316	0.00081966
20.45631409	0.00029770
20.46823502	0.00018268
20.48015594	0.00023170
20.49207687	0.00123047
20.50399780	0.00194080
20.51591873	0.00178788
20.52783966	0.00160329
20.53976059	0.00123619
20.55168152	0.00062761
20.56360245	0.00101518
20.57552338	0.00148162
20.58744431	0.00236965
20.59936523	0.00380697
20.61128616	0.00447626
20.62320709	0.00588551
20.63512802	0.00875613
20.64704895	0.00920500
20.65896988	0.00902704
20.67089081	0.00976452
20.68281174	0.00792155
20.69473267	0.00638409
20.70665359	0.00647476
20.71857452	0.00526231
20.73049545	0.00424233
20.74241638	0.00380323
20.75433731	0.00248592
20.76625824	0.00133475
20.77817917	0.00105125
20.79010010	0.00058017
20.80202103	0.00055762
20.81394196	0.00110623
20.82586288	0.00125693
20.83778381	0.00170536
20.84970474	0.00181666
20.86162567	0.00122962
20.87354660	0.00078753
20.88546753	0.00034849
20.89738846	0.00073425
20.90930939	0.00194508
20.92123032	0.00273037
20.93315125	0.00392076
20.94507217	0.00574014
20.95699310	0.00546030
20.96891403	0.00187918
20.98083496	0.00427074
20.99275589	0.00758736
21.00467682	0.00851350
21.01659775	0.00684813
21.02851868	0.00207746
21.04043961	0.00293797
21.05236053	0.00458649
21.06428146	0.00390925
21.07620239	0.00337931
21.08812332	0.00305070
21.10004425	0.00191145
21.11196518	0.00083881
21.12388611	0.00055861
21.13580704	0.00110898
21.14772797	0.00197902
21.15964890	0.00228955
21.17156982	0.00204870
21.18349075	0.00176210
21.19541168	0.00124296
21.20733261	0.00058833
21.21925354	0.00081063
21.23117447	0.00104428
21.24309540	0.00183987
21.25501633	0.00307187
21.26693726	0.00369669
21.27885818	0.00499643
21.29077911	0.00719665
21.30270004	0.00730189
21.31462097	0.00657161
21.32654190	0.00639227
21.33846283	0.00454194
21.35038376	0.00317940
21.36230469	0.00325016
21.37422562	0.00288289
21.38614655	0.00293572
21.39806747	0.00314229
21.40998840	0.00228863
21.42190933	0.00146972
21.43383026	0.00105233
21.44575119	0.00031950
21.45767212	0.00111968
21.46959305	0.00163807
21.48151398	0.00178466
21.49343491	0.00213959
21.50535583	0.00200683
21.51727676	0.00150878
21.52919769	0.00143293
21.54111862	0.00129800
21.55303955	0.00106826
21.56496048	0.00126452
21.57688141	0.00156191
21.58880234	0.00249797
21.60072327	0.00388732
21.61264420	0.00477520
21.62456512	0.00752692
21.63648605	0.01148845
21.64840698	0.01208037
21.66032791	0.01166570
21.67224884	0.01116278
21.68416977	0.00753679
21.69609070	0.00479706
21.70801163	0.00449106
21.71993256	0.00402123
21.73185349	0.00399784
21.74377441	0.00391558
21.75569534	0.00285976
21.76761627	0.00179624
21.77953720	0.00088165
21.79145813	0.00033535
21.80337906	0.00135795
21.81529999	0.00181693
21.82722092	0.00195395
21.83914185	0.00221212
21.85106277	0.00196096
21.86298370	0.00119367
21.87490463	0.00085640
21.88682556	0.00037731
21.89874649	0.00060644
21.91066742	0.00140745
21.92258835	0.00213530
21.93450928	0.00391857
21.94643021	0.00605949
21.95835114	0.00504596
21.97027206	0.00237418
21.98219299	0.01177583
21.99411392	0.01653823
22.00603485	0.01738792
22.01795578	0.01409707
22.02987671	0.00522213
22.04179764	0.00238641
22.05371857	0.00438832
22.06563950	0.00368390
22.07756042	0.00340284
22.08948135	0.00331431
22.10140228	0.00239528
22.11332321	0.00145881
22.12524414	0.00086516
22.13716507	0.00043329
22.14908600	0.00086450
22.16100693	0.00104986
22.17292786	0.00101501
22.18484879	0.00118744
22.19676971	0.00098972
22.20869064	0.00054572
22.22061157	0.00055876
22.23253250	0.00077390
22.24445343	0.00154473
22.25637436	0.00254215
22.26829529	0.00320788
22.28021622	0.00502682
22.29213715	0.00753961
22.30405807	0.00743565
22.31597900	0.00609882
22.32789993	0.00484180
22.33982086	0.00240151
22.35174179	0.00129454
22.36366272	0.00209201
22.37558365	0.00289238
22.38750458	0.00388965
22.39942551	0.00408505
22.41134644	0.00309376
22.42326736	0.00248759
22.43518829	0.00197739
22.44710922	0.00075628
22.45903015	0.00030148
22.47095108	0.00062077
22.48287201	0.00091131
22.49479294	0.00141937
22.50671387	0.00155944
22.51863480	0.00152865
22.53055573	0.00156909
22.54247665	0.00130118
22.55439758	0.00037974
22.56631851	0.00067124
22.57823944	0.00149239
22.59016037	0.00271578
22.60208130	0.00419021
22.61400223	0.00530505
22.62592316	0.00885773
22.63784409	0.01331531
22.64976501	0.01344809
22.66168594	0.01270341
22.67360687	0.01141045
22.68552780	0.00668963
22.69744873	0.00392908
22.70936966	0.00391326
22.72129059	0.00364004
22.73321152	0.00386107
22.74513245	0.00374262
22.75705338	0.00273977
22.76897430	0.00219591
22.78089523	0.00200396
22.79281616	0.00126736
22.80473709	0.00055489
22.81665802	0.00105095
22.82857895	0.00184009
22.84049988	0.00276219
22.85242081	0.00286300
22.86434174	0.00225274
22.87626266	0.00190102
22.88818359	0.00125657
22.90010452	0.00024190
22.91202545	0.00080007
22.92394638	0.00171956
22.93586731	0.00372204
22.94778824	0.00545451
22.95970917	0.00275576
22.97163010	0.00816072
22.98355103	0.02062592
22.99547195	0.02581320
23.00739288	0.02659524
23.01931381	0.02139266
23.03123474	0.00870018
23.04315567	0.00111409
23.05507660	0.00302369
23.06699753	0.00245134
23.07891846	0.00229586
23.09083939	0.00210438
23.10276031	0.00122367
23.11468124	0.00075263
23.12660217	0.00057236
23.13852310	0.00030029
23.15044403	0.00102551
23.16236496	0.00166463
23.17428589	0.00226251
23.18620682	0.00275152
23.19812775	0.00249531
23.21004868	0.00167174
23.22196960	0.00116126
23.23389053	0.00066318
23.24581146	0.00041057
23.25773239	0.00149264
23.26965332	0.00226375
23.28157425	0.00462408
23.29349518	0.00718906
23.30541611	0.00649612
23.31733704	0.00439878
23.32925797	0.00215352
23.34117889	0.00056028
23.35309982	0.00116084
23.36502075	0.00035114
23.37694168	0.00218183
23.38886261	0.00381300
23.40078354	0.00370573
23.41270447	0.00254123
23.42462540	0.00209777
23.43654633	0.00161801
23.44846725	0.00066507
23.46038818	0.00036616
23.47230911	0.00064047
23.48423004	0.00100173
23.49615097	0.00132841
23.50807190	0.00118110
23.51999283	0.00132330
23.53191376	0.00183225
23.54383469	0.00178147
23.55575562	0.00109050
23.56767654	0.00057083
23.57959747	0.00039749
23.59151840	0.00211507
23.60343933	0.00384550
23.61536026	0.00536402
23.62728119	0.01034170
23.63920212	0.01537466
23.65112305	0.01501968
23.66304398	0.01391020
23.67496490	0.01123927
23.68688583	0.00497640
23.69880676	0.00176826
23.71072769	0.00172574
23.72264862	0.00195143
23.73456955	0.00289187
23.74649048	0.00315537
23.75841141	0.00247730
23.77033234	0.00221024
23.78225327	0.00189749
23.79417419	0.00121354
23.80609512	0.00119551
23.81801605	0.00140957
23.82993698	0.00180558
23.84185791	0.00237668
23.85377884	0.00250144
23.86569977	0.00222206
23.87762070	0.00204762
23.88954163	0.00158539
23.90146255	0.00088672
23.91338348	0.00077375
23.92530441	0.00129257
23.93722534	0.00312279
23.94914627	0.00489109
23.96106720	0.00127228
23.97298813	0.01282340
23.98490906	0.02694566
23.99682999	0.03184368
24.00875092	0.03250498
24.02067184	0.02510181
24.03259277	0.00918815
24.04451370	0.00113771
24.05643463	0.00312851
24.06835556	0.00298407
24.08027649	0.00313542
24.09219742	0.00285787
24.10411835	0.00203158
24.11603928	0.00155000
24.12796021	0.00102990
24.13988113	0.00017363
24.15180206	0.00100821
24.16372299	0.00156139
24.17564392	0.00193182
24.18756485	0.00218947
24.19948578	0.00178346
24.21140671	0.00109753
24.22332764	0.00072884
24.23524857	0.00038935
24.24716949	0.00100398
24.25909042	0.00165581
24.27101135	0.00242907
24.28293228	0.00507329
24.29485321	0.00774787
24.30677414	0.00729660
24.31869507	0.00528218
24.33061600	0.00249836
24.34253693	0.00111534
24.35445786	0.00271494
24.36637878	0.00176890
24.37829971	0.00129382
24.39022064	0.00327394
24.40214157	0.00367329
24.41406250	0.00305268
24.42598343	0.00285702
24.43790436	0.00238567
24.44982529	0.00146837
24.46174622	0.00090592
24.47366714	0.00043123
24.48558807	0.00072687
24.49750900	0.00152548
24.50942993	0.00176071
24.52135086	0.00191697
24.53327179	0.00220748
24.54519272	0.00183311
24.55711365	0.00117772
24.56903458	0.00084970
24.58095551	0.00038571
24.59287643	0.00190158
24.60479736	0.00332320
24.61671829	0.00549090
24.62863922	0.01174906
24.64056015	0.01722464
24.65248108	0.01696214
24.66440201	0.01565243
24.67632294	0.01195939
24.68824387	0.00508858
24.70016479	0.00175441
24.71208572	0.00184184
24.72400665	0.00251848
24.73592758	0.00322424
24.74784851	0.00297901
24.75976944	0.00232623
24.77169037	0.00204479
24.78361130	0.00159200
24.79553223	0.00097023
24.80745316	0.00068774
24.81937408	0.00071357
24.83129501	0.00119554
24.84321594	0.00185469
24.85513687	0.00207028
24.86705780	0.00233334
24.87897873	0.00267021
24.89089966	0.00203420
24.90282059	0.00101155
24.91474152	0.00048573
24.92666245	0.00097610
24.93858337	0.00307591
24.95050430	0.00414772
24.96242523	0.00159099
24.97434616	0.01809969
24.98626709	0.03274647
24.99818802	0.03685618
25.01010895	0.03709903
25.02202988	0.02747374
25.03395081	0.00949810
25.04587173	0.00050345
25.05779266	0.00196419
25.06971359	0.00218027
25.08163452	0.00278192
25.09355545	0.00278484
25.10547638	0.00216725
25.11739731	0.00179195
25.12931824	0.00111491
25.14123917	0.00078062
25.15316010	0.00145013
25.16508102	0.00192718
25.17700195	0.00258733
25.18892288	0.00319361
25.20084381	0.00296876
25.21276474	0.00241177
25.22468567	0.00214952
25.23660660	0.00129071
25.24852753	0.00050286
25.26044846	0.00123180
25.27236938	0.00253122
25.28429031	0.00556365
25.29621124	0.00779708
25.30813217	0.00658872
25.32005310	0.00369091
25.33197403	0.00067941
25.34389496	0.00319328
25.35581589	0.00403803
25.36773682	0.00225043
25.37965775	0.00152277
25.39157867	0.00325394
25.40349960	0.00334110
25.41542053	0.00280861
25.42734146	0.00267117
25.43926239	0.00210526
25.45118332	0.00107681
25.46310425	0.00028975
25.47502518	0.00055601
25.48694611	0.00157978
25.49886703	0.00230898
25.51078796	0.00234284
25.52270889	0.00259478
25.53462982	0.00289383
25.54655075	0.00249818
25.55847168	0.00220639
25.57039261	0.00194315
25.58231354	0.00075708
25.59423447	0.00102571
25.60615540	0.00244609
25.61807632	0.00552534
25.62999725	0.01306010
25.64191818	0.01855093
25.65383911	0.01796164
25.66576004	0.01637629
25.67768097	0.01131114
25.68960190	0.00345451
25.70152283	0.00091547
25.71344376	0.00098655
25.72536469	0.00157159
25.73728561	0.00237382
25.74920654	0.00212913
25.76112747	0.00146003
25.77304840	0.00137956
25.78496933	0.00110705
25.79689026	0.00092037
25.80881119	0.00102721
25.82073212	0.00079447
25.83265305	0.00119702
25.84457397	0.00185692
25.85649490	0.00200541
25.86841583	0.00245881
25.88033676	0.00300977
25.89225769	0.00249337
25.90417862	0.00150452
25.91609955	0.00075547
25.92802048	0.00130687
25.93994141	0.00400798
25.95186234	0.00498281
25.96378326	0.00255826
25.97570419	0.02162909
25.98762512	0.03674563
25.99954605	0.04086797
26.01146698	0.04081160
26.02338791	0.02861326
26.03530884	0.00912945
26.04722977	0.00098806
26.05915070	0.00192416
26.07107162	0.00198611
26.08299255	0.00206607
26.09491348	0.00148298
26.10683441	0.00103484
26.11875534	0.00105101
26.13067627	0.00051724
26.14259720	0.00054242
26.15451813	0.00073571
26.16643906	0.00086375
26.17835999	0.00131042
26.19028091	0.00148374
26.20220184	0.00118226
26.21412277	0.00107965
26.22604370	0.00115753
26.23796463	0.00054702
26.24988556	0.00072296
26.26180649	0.00139264
26.27372742	0.00297826
26.28564835	0.00656617
26.29756927	0.00879455
26.30949020	0.00713608
26.32141113	0.00358998
26.33333206	0.00054975
26.34525299	0.00427278
26.35717392	0.00552119
26.36909485	0.00349365
26.38101578	0.00036608
26.39293671	0.00222246
26.40485764	0.00260350
26.41677856	0.00282651
26.42869949	0.00313658
26.44062042	0.00240926
26.45254135	0.00132814
26.46446228	0.00064629
26.47638321	0.00010651
26.48830414	0.00104111
26.50022507	0.00164589
26.51214600	0.00193158
26.52406693	0.00248937
26.53598785	0.00290969
26.54790878	0.00249349
26.55982971	0.00212380
26.57175064	0.00194491
26.58367157	0.00089532
26.59559250	0.00074532
26.60751343	0.00178810
26.61943436	0.00536688
26.63135529	0.01373103
26.64327621	0.01893439
26.65519714	0.01795234
26.66711807	0.01596785
26.67903900	0.00994867
26.69095993	0.00205865
26.70288086	0.00105658
26.71480179	0.00052608
26.72672272	0.00197957
26.73864365	0.00325749
26.75056458	0.00311223
26.76248550	0.00264536
26.77440643	0.00230216
26.78632736	0.00138109
26.79824829	0.00031211
26.81016922	0.00026851
26.82209015	0.00064783
26.83401108	0.00125111
26.84593201	0.00156000
26.85785294	0.00157800
26.86977386	0.00188981
26.88169479	0.00191141
26.89361572	0.00133742
26.90553665	0.00081276
26.91745758	0.00040275
26.92937851	0.00083370
26.94129944	0.00302418
26.95322037	0.00370023
26.96514130	0.00522346
26.97706223	0.02561871
26.98898315	0.03966771
27.00090408	0.04301437
27.01282501	0.04257158
27.02474594	0.02842627
27.03666687	0.00815674
27.04858780	0.00075630
27.06050873	0.00207651
27.07242966	0.00284114
27.08435059	0.00355462
27.09627151	0.00313755
27.10819244	0.00237198
27.12011337	0.00182364
27.13203430	0.00095083
27.14395523	0.00016963
27.15587616	0.00098476
27.16779709	0.00136148
27.17971802	0.00197472
27.19163895	0.00247691
27.20355988	0.00232907
27.21548080	0.00254524
27.22740173	0.00278472
27.23932266	0.00186343
27.25124359	0.00094845
27.26316452	0.00065434
27.27508545	0.00217955
27.28700638	0.00607940
27.29892731	0.00813350
27.31084824	0.00629106
27.32276917	0.00245557
27.33469009	0.00229853
27.34661102	0.00605380
27.35853195	0.00723091
27.37045288	0.00475285
27.38237381	0.00100970
27.39429474	0.00143606
27.40621567	0.00193482
27.41813660	0.00243842
27.43005753	0.00306644
27.44197845	0.00267106
27.45389938	0.00200900
27.46582031	0.00163050
27.47774124	0.00093388
27.48966217	0.00015695
27.50158310	0.00090011
27.51350403	0.00136031
27.52542496	0.00213214
27.53734589	0.00268140
27.54926682	0.00253158
27.56118774	0.00248926
27.57310867	0.00238232
27.58502960	0.00135106
27.59695053	0.00058106
27.60887146	0.00181548
27.62079239	0.00642706
27.63271332	0.01513518
27.64463425	0.01944792
27.65655518	0.01780502
27.66847610	0.01497375
27.68039703	0.00787986
27.69231796	0.00035375
27.70423889	0.00221764
27.71615982	0.00084980
27.72808075	0.00106739
27.74000168	0.00231047
27.75192261	0.00243092
27.76384354	0.00258975
27.77576447	0.00279897
27.78768539	0.00198432
27.79960632	0.00080229
27.81152725	0.00021118
27.82344818	0.00075430
27.83536911	0.00152888
27.84729004	0.00173434
27.85921097	0.00184094
27.87113190	0.00245859
27.88305283	0.00283256
27.89497375	0.00252925
27.90689468	0.00226388
27.91881561	0.00194737
27.93073654	0.00052198
27.94265747	0.00183421
27.95457840	0.00173299
27.96649933	0.00872735
27.97842026	0.02966838
27.99034119	0.04234688
28.00226212	0.04523015
28.01418304	0.04401420
28.02610397	0.02806174
28.03802490	0.00825779
28.04994583	0.00089092
28.06186676	0.00169232
28.07378769	0.00303931
28.08570862	0.00384844
28.09762955	0.00347978
28.10955048	0.00289849
28.12147141	0.00240019
28.13339233	0.00131600
28.14531326	0.00020334
28.15723419	0.00026620
28.16915512	0.00082572
28.18107605	0.00169972
28.19299698	0.00209769
28.20491791	0.00219322
28.21683884	0.00272058
28.22875977	0.00289388
28.24068069	0.00214046
28.25260162	0.00146717
28.26452255	0.00076431
28.27644348	0.00212938
28.28836441	0.00590117
28.30028534	0.00761863
28.31220627	0.00547811
28.32412720	0.00116286
28.33604813	0.00337616
28.34796906	0.00669089
28.35988998	0.00730813
28.37181091	0.00435986
28.38373184	0.00056820
28.39565277	0.00112584
28.40757370	0.00136233
28.41949463	0.00181157
28.43141556	0.00218025
28.44333649	0.00172642
28.45525742	0.00144614
28.46717834	0.00135379
28.47909927	0.00089016
28.49102020	0.00069592
28.50294113	0.00099412
28.51486206	0.00153634
28.52678299	0.00221726
28.53870392	0.00246319
28.55062485	0.00231499
28.56254578	0.00244343
28.57446671	0.00213502
28.58638763	0.00099732
28.59830856	0.00049884
28.61022949	0.00175986
28.62215042	0.00701768
28.63407135	0.01577986
28.64599228	0.01947799
28.65791321	0.01790096
28.66983414	0.01463662
28.68175507	0.00678219
28.69367599	0.00134354
28.70559692	0.00329873
28.71751785	0.00154180
28.72943878	0.00077586
28.74135971	0.00203480
28.75328064	0.00234445
28.76520157	0.00270583
28.77712250	0.00278874
28.78904343	0.00207894
28.80096436	0.00139415
28.81288528	0.00096015
28.82480621	0.00026777
28.83672714	0.00072933
28.84864807	0.00146397
28.86056900	0.00200468
28.87248993	0.00279389
28.88441086	0.00315360
28.89633179	0.00261858
28.90825272	0.00207489
28.92017365	0.00159731
28.93209457	0.00065177
28.94401550	0.00180655
28.95593643	0.00069025
28.96785736	0.01169542
28.97977829	0.03288862
28.99169922	0.04368158
29.00362015	0.04592429
29.01554108	0.04335283
29.02746201	0.02562627
29.03938293	0.00698519
29.05130386	0.00128199
29.06322479	0.00122424
29.07514572	0.00215509
29.08706665	0.00290352
29.09898758	0.00280720
29.11090851	0.00268160
29.12282944	0.00248094
29.13475037	0.00157427
29.14667130	0.00062618
29.15859222	0.00012238
29.17051315	0.00085694
29.18243408	0.00191962
29.19435501	0.00229151
29.20627594	0.00237365
29.21819687	0.00263729
29.23011780	0.00219002
29.24203873	0.00114484
29.25395966	0.00051193
29.26588058	0.00070126
29.27780151	0.00303737
29.28972244	0.00620674
29.30164337	0.00700734
29.31356430	0.00385921
29.32548523	0.00132938
29.33740616	0.00586042
29.34932709	0.00898729
29.36124802	0.00915452
29.37316895	0.00533815
29.38508987	0.00131763
29.39701080	0.00034088
29.40893173	0.00114282
29.42085266	0.00217763
29.43277359	0.00284516
29.44469452	0.00255369
29.45661545	0.00214715
29.46853638	0.00159254
29.48045731	0.00086020
29.49237823	0.00124017
29.50429916	0.00156410
29.51622009	0.00208572
29.52814102	0.00265783
29.54006195	0.00267367
29.55198288	0.00226771
29.56390381	0.00243062
29.57582474	0.00252053
29.58774567	0.00176282
29.59966660	0.00084889
29.61158752	0.00080606
29.62350845	0.00681770
29.63542938	0.01566164
29.64735031	0.01871250
29.65927124	0.01655476
29.67119217	0.01257711
29.68311310	0.00479431
29.69503403	0.00195471
29.70695496	0.00309464
29.71887589	0.00103455
29.73079681	0.00135374
29.74271774	0.00195797
29.75463867	0.00200823
29.76655960	0.00261869
29.77848053	0.00283339
29.79040146	0.00217204
29.80232239	0.00142064
29.81424332	0.00071374
29.82616425	0.00065787
29.83808517	0.00152858
29.85000610	0.00193693
29.86192703	0.00228761
29.87384796	0.00291071
29.88576889	0.00291207
29.89768982	0.00247682
29.90961075	0.00230407
29.92153168	0.00173280
29.93345261	0.00022240
29.94537354	0.00151968
29.95729446	0.00042373
29.96921539	0.01399425
29.98113632	0.03445448
29.99305725	0.04369666
30.00497818	0.04612504
30.01689911	0.04253469
30.02882004	0.02401887
30.04074097	0.00708230
30.05266190	0.00193308
30.06458282	0.00040420
30.07650375	0.00147409
30.08842468	0.00224888
30.10034561	0.00218662
30.11226654	0.00236077
30.12418747	0.00229261
30.13610840	0.00161203
30.14802933	0.00090521
30.15995026	0.00040922
30.17187119	0.00073983
30.18379211	0.00165356
30.19571304	0.00224212
30.20763397	0.00265070
30.21955490	0.00342086
30.23147583	0.00358696
30.24339676	0.00293369
30.25531769	0.00241301
30.26723862	0.00136210
30.27915955	0.00142467
30.29108047	0.00457600
30.30300140	0.00530139
30.31492233	0.00234363
30.32684326	0.00285867
30.33876419	0.00675518
30.35068512	0.00952457
30.36260605	0.00920723
30.37452698	0.00479003
30.38644791	0.00073621
30.39836884	0.00097688
30.41028976	0.00176073
30.42221069	0.00269710
30.43413162	0.00284101
30.44605255	0.00237554
30.45797348	0.00246299
30.46989441	0.00223744
30.48181534	0.00127893
30.49373627	0.00047333
30.50565720	0.00018797
30.51757813	0.00107966
30.52949905	0.00190794
30.54141998	0.00217683
30.55334091	0.00235141
30.56526184	0.00290455
30.57718277	0.00282986
30.58910370	0.00209481
30.60102463	0.00126775
30.61294556	0.00106242
30.62486649	0.00778054
30.63678741	0.01618324
30.64870834	0.01868017
30.66062927	0.01682655
30.67255020	0.01260451
30.68447113	0.00441765
30.69639206	0.00218636
30.70831299	0.00317733
30.72023392	0.00128314
30.73215485	0.00066076
30.74407578	0.00119793
30.75599670	0.00142887
30.76791763	0.00186297
30.77983856	0.00196867
30.79175949	0.00145078
30.80368042	0.00115708
30.81560135	0.00081675
30.82752228	0.00063794
30.83944321	0.00135143
30.85136414	0.00177387
30.86328506	0.00230521
30.87520599	0.00285142
30.88712692	0.00288584
30.89904785	0.00292186
30.91096878	0.00312800
30.92288971	0.00262776
30.93481064	0.00123513
30.94673157	0.00041386
30.95865250	0.00196344
30.97057343	0.01552406
30.98249435	0.03408247
30.99441528	0.04110937
31.00633621	0.04301969
31.01825714	0.03860554
31.03017807	0.02061623
31.04209900	0.00612460
31.05401993	0.00211754
31.06594086	0.00037441
31.07786179	0.00152989
31.08978271	0.00232600
31.10170364	0.00234252
31.11362457	0.00259076
31.12554550	0.00231345
31.13746643	0.00156317
31.14938736	0.00114426
31.16130829	0.00077247
31.17322922	0.00051321
31.18515015	0.00111105
31.19707108	0.00152737
31.20899200	0.00206355
31.22091293	0.00283232
31.23283386	0.00273546
31.24475479	0.00225433
31.25667572	0.00216125
31.26859665	0.00126766
31.28051758	0.00118217
31.29243851	0.00352472
31.30435944	0.00359863
31.31628036	0.00066300
31.32820129	0.00484408
31.34012222	0.00834434
31.35204315	0.01076887
31.36396408	0.00989718
31.37588501	0.00507835
31.38780594	0.00132253
31.39972687	0.00022854
31.41164780	0.00083387
31.42356873	0.00159029
31.43548965	0.00178011
31.44741058	0.00171018
31.45933151	0.00210580
31.47125244	0.00215301
31.48317337	0.00151481
31.49509430	0.00099761
31.50701523	0.00084515
31.51893616	0.00069637
31.53085709	0.00066085
31.54277802	0.00078188
31.55469894	0.00124101
31.56661987	0.00214868
31.57854080	0.00231856
31.59046173	0.00189425
31.60238266	0.00154322
31.61430359	0.00070949
31.62622452	0.00718045
31.63814545	0.01434052
31.65006638	0.01594136
31.66198730	0.01397170
31.67390823	0.00947457
31.68582916	0.00191628
31.69775009	0.00326820
31.70967102	0.00336723
31.72159195	0.00095026
31.73351288	0.00091536
31.74543381	0.00137072
31.75735474	0.00170542
31.76927567	0.00236725
31.78119659	0.00252393
31.79311752	0.00231468
31.80503845	0.00248031
31.81695938	0.00232618
31.82888031	0.00159808
31.84080124	0.00104344
31.85272217	0.00052282
31.86464310	0.00048905
31.87656403	0.00130879
31.88848495	0.00143903
31.90040588	0.00170321
31.91232681	0.00228198
31.92424774	0.00196940
31.93616867	0.00107065
31.94808960	0.00078879
31.96001053	0.00388322
31.97193146	0.01797986
31.98385239	0.03452051
31.99577332	0.03967544
32.00769424	0.04096548
32.01961517	0.03502987
32.03153610	0.01723536
32.04345703	0.00492645
32.05537796	0.00211321
32.06729889	0.00099760
32.07921982	0.00103335
32.09114075	0.00129877
32.10306168	0.00142141
32.11498260	0.00201092
32.12690353	0.00238815
32.13882446	0.00226432
32.15074539	0.00222207
32.16266632	0.00206309
32.17458725	0.00126197
32.18650818	0.00043855
32.19842911	0.00026140
32.21035004	0.00106925
32.22227097	0.00197763
32.23419189	0.00214061
32.24611282	0.00214751
32.25803375	0.00229773
32.26995468	0.00126537
32.28187561	0.00102869
32.29379654	0.00294233
32.30571747	0.00281649
32.31763840	0.00084244
32.32955933	0.00553734
32.34148026	0.00855774
32.35340118	0.01071348
32.36532211	0.00981589
32.37724304	0.00548177
32.38916397	0.00248563
32.40108490	0.00135728
32.41300583	0.00033588
32.42492676	0.00115493
32.43684769	0.00155045
32.44876862	0.00168564
32.46068954	0.00203420
32.47261047	0.00197393
32.48453140	0.00154332
32.49645233	0.00119520
32.50837326	0.00064998
32.52029419	0.00036997
32.53221512	0.00123977
32.54413605	0.00163280
32.55605698	0.00217487
32.56797791	0.00295983
32.57989883	0.00283262
32.59181976	0.00251061
32.60374069	0.00238173
32.61566162	0.00026174
32.62758255	0.00671798
32.63950348	0.01302651
32.65142441	0.01398168
32.66334534	0.01155766
32.67526627	0.00638731
32.68718719	0.00130865
32.69910812	0.00629136
32.71102905	0.00621071
32.72294998	0.00356718
32.73487091	0.00165503
32.74679184	0.00088678
32.75871277	0.00048201
32.77063370	0.00144281
32.78255463	0.00200052
32.79447556	0.00212154
32.80639648	0.00240026
32.81831741	0.00196674
32.83023834	0.00089751
32.84215927	0.00052675
32.85408020	0.00093273
32.86600113	0.00163634
32.87792206	0.00219657
32.88984299	0.00234781
32.90176392	0.00270735
32.91368484	0.00322728
32.92560577	0.00274400
32.93752670	0.00158334
32.94944763	0.00111187
32.96136856	0.00450386
32.97328949	0.01815795
32.98521042	0.03203376
32.99713135	0.03573941
33.00905228	0.03720282
33.02097321	0.03089666
33.03289413	0.01504760
33.04481506	0.00581181
33.05673599	0.00370759
33.06865692	0.00215858
33.08057785	0.00119053
33.09249878	0.00100503
33.10441971	0.00095866
33.11634064	0.00142768
33.12826157	0.00173093
33.14018250	0.00180303
33.15210342	0.00194249
33.16402435	0.00151045
33.17594528	0.00054048
33.18786621	0.00078402
33.19978714	0.00137913
33.21170807	0.00212690
33.22362900	0.00254399
33.23554993	0.00238240
33.24747086	0.00256737
33.25939178	0.00290690
33.27131271	0.00208656
33.28323364	0.00067530
33.29515457	0.00123407
33.30707550	0.00104995
33.31899643	0.00298820
33.33091736	0.00717976
33.34283829	0.00956144
33.35475922	0.01130579
33.36668015	0.00985703
33.37860107	0.00534977
33.39052200	0.00265226
33.40244293	0.00138314
33.41436386	0.00040140
33.42628479	0.00164444
33.43820572	0.00200952
33.45012665	0.00222726
33.46204758	0.00256618
33.47396851	0.00209956
33.48588943	0.00134872
33.49781036	0.00104867
33.50973129	0.00059856
33.52165222	0.00085964
33.53357315	0.00141877
33.54549408	0.00180074
33.55741501	0.00249361
33.56933594	0.00306850
33.58125687	0.00268279
33.59317780	0.00245964
33.60509872	0.00233244
33.61701965	0.00045953
33.62894058	0.00598604
33.64086151	0.01092246
33.65278244	0.01148878
33.66470337	0.00910045
33.67662430	0.00440592
33.68854523	0.00188015
33.70046616	0.00561871
33.71238708	0.00496063
33.72430801	0.00223146
33.73622894	0.00053965
33.74814987	0.00017473
33.76007080	0.00123565
33.77199173	0.00219557
33.78391266	0.00228107
33.79583359	0.00230529
33.80775452	0.00252846
33.81967545	0.00216178
33.83159637	0.00155222
33.84351730	0.00115096
33.85543823	0.00053993
33.86735916	0.00078244
33.87928009	0.00166939
33.89120102	0.00217936
33.90312195	0.00297490
33.91504288	0.00356220
33.92696381	0.00303651
33.93888474	0.00257231
33.95080566	0.00249235
33.96272659	0.00592495
33.97464752	0.01847558
33.98656845	0.02965772
33.99848938	0.03215447
34.01041031	0.03338614
34.02233124	0.02668567
34.03425217	0.01240143
34.04617310	0.00481823
34.05809402	0.00255001
34.07001495	0.00061597
34.08193588	0.00126768
34.09385681	0.00183454
34.10577774	0.00245442
34.11769867	0.00289299
34.12961960	0.00259579
34.14154053	0.00232724
34.15346146	0.00228093
34.16538239	0.00187005
34.17730331	0.00106138
34.18922424	0.00033593
34.20114517	0.00060600
34.21306610	0.00184383
34.22498703	0.00299266
34.23690796	0.00327047
34.24882889	0.00346702
34.26074982	0.00353169
34.27267075	0.00225383
34.28459167	0.00043703
34.29651260	0.00085350
34.30843353	0.00033077
34.32035446	0.00398210
34.33227539	0.00768726
34.34419632	0.00961410
34.35611725	0.01100527
34.36803818	0.00919774
34.37995911	0.00501030
34.39188004	0.00296241
34.40380096	0.00213194
34.41572189	0.00080523
34.42764282	0.00080456
34.43956375	0.00121623
34.45148468	0.00171837
34.46340561	0.00214408
34.47532654	0.00178067
34.48724747	0.00116092
34.49916840	0.00084302
34.51108932	0.00035456
34.52301025	0.00076527
34.53493118	0.00127065
34.54685211	0.00156109
34.55877304	0.00224651
34.57069397	0.00271335
34.58261490	0.00260244
34.59453583	0.00299695
34.60645676	0.00324026
34.61837769	0.00112815
34.63029861	0.00378834
34.64221954	0.00750188
34.65414047	0.00783814
34.66606140	0.00560199
34.67798233	0.00131845
34.68990326	0.00384314
34.70182419	0.00671545
34.71374512	0.00582170
34.72566605	0.00328981
34.73758698	0.00184896
34.74950790	0.00094006
34.76142883	0.00035343
34.77334976	0.00142007
34.78527069	0.00193042
34.79719162	0.00252020
34.80911255	0.00314637
34.82103348	0.00309447
34.83295441	0.00261653
34.84487534	0.00212059
34.85679626	0.00132151
34.86871719	0.00048470
34.88063812	0.00132896
34.89255905	0.00207961
34.90447998	0.00316782
34.91640091	0.00387781
34.92832184	0.00343922
34.94024277	0.00326196
34.95216370	0.00331585
34.96408463	0.00664817
34.97600555	0.01756076
34.98792648	0.02582646
34.99984741	0.02718897
35.01176834	0.02808018
35.02368927	0.02162571
35.03561020	0.01010923
35.04753113	0.00497264
35.05945206	0.00315946
35.07137299	0.00119250
35.08329391	0.00025240
35.09521484	0.00033165
35.10713577	0.00129501
35.11905670	0.00223499
35.13097763	0.00254309
35.14289856	0.00283903
35.15481949	0.00301001
35.16674042	0.00226309
35.17866135	0.00128907
35.19058228	0.00095433
35.20250320	0.00080326
35.21442413	0.00162513
35.22634506	0.00255485
35.23826599	0.00320424
35.25018692	0.00431827
35.26210785	0.00487757
35.27402878	0.00391307
35.28594971	0.00284352
35.29787064	0.00197579
35.30979156	0.00219089
35.32171249	0.00529691
35.33363342	0.00783005
35.34555435	0.00889646
35.35747528	0.01013275
35.36939621	0.00838380
35.38131714	0.00495809
35.39323807	0.00361886
35.40515900	0.00271147
35.41707993	0.00114284
35.42900085	0.00034009
35.44092178	0.00106597
35.45284271	0.00208065
35.46476364	0.00288057
35.47668457	0.00286985
35.48860550	0.00260512
35.50052643	0.00224027
35.51244736	0.00130558
35.52436829	0.00022589
35.53628922	0.00076603
35.54821014	0.00136671
35.56013107	0.00205537
35.57205200	0.00236653
35.58397293	0.00238736
35.59589386	0.00295793
35.60781479	0.00320811
35.61973572	0.00144559
35.63165665	0.00224196
35.64357758	0.00501744
35.65549850	0.00498169
35.66741943	0.00245938
35.67934036	0.00138912
35.69126129	0.00532141
35.70318222	0.00747345
35.71510315	0.00627813
35.72702408	0.00364557
35.73894501	0.00209882
35.75086594	0.00096565
35.76278687	0.00055139
35.77470779	0.00164004
35.78662872	0.00183400
35.79854965	0.00201901
35.81047058	0.00236795
35.82239151	0.00208924
35.83431244	0.00165862
35.84623337	0.00158739
35.85815430	0.00112386
35.87007523	0.00074712
35.88199615	0.00119527
35.89391708	0.00167050
35.90583801	0.00272014
35.91775894	0.00333538
35.92967987	0.00290299
35.94160080	0.00302594
35.95352173	0.00338036
35.96544266	0.00652399
35.97736359	0.01549391
35.98928452	0.02123632
36.00120544	0.02201246
36.01312637	0.02273395
36.02504730	0.01700247
36.03696823	0.00837618
36.04888916	0.00523302
36.06081009	0.00377171
36.07273102	0.00205429
36.08465195	0.00129057
36.09657288	0.00082192
36.10849380	0.00068803
36.12041473	0.00098526
36.13233566	0.00084304
36.14425659	0.00095287
36.15617752	0.00109963
36.16809845	0.00062377
36.18001938	0.00022022
36.19194031	0.00051560
36.20386124	0.00084385
36.21578217	0.00158182
36.22770309	0.00202832
36.23962402	0.00240490
36.25154495	0.00357005
36.26346588	0.00413169
36.27538681	0.00353427
36.28730774	0.00322618
36.29922867	0.00262726
36.31114960	0.00293801
36.32307053	0.00586727
36.33499146	0.00775447
36.34691238	0.00856924
36.35883331	0.00954994
36.37075424	0.00744787
36.38267517	0.00413945
36.39459610	0.00265970
36.40651703	0.00134765
36.41843796	0.00026878
36.43035889	0.00107231
36.44227982	0.00147350
36.45420074	0.00213735
36.46612167	0.00253726
36.47804260	0.00221485
36.48996353	0.00202756
36.50188446	0.00206888
36.51380539	0.00157380
36.52572632	0.00096685
36.53764725	0.00049007
36.54956818	0.00058025
36.56148911	0.00190006
36.57341003	0.00257325
36.58533096	0.00298010
36.59725189	0.00390873
36.60917282	0.00390649
36.62109375	0.00195259
36.63301468	0.00072631
36.64493561	0.00272851
36.65685654	0.00290393
36.66877747	0.00087604
36.68069839	0.00213253
36.69261932	0.00514977
36.70454025	0.00701406
36.71646118	0.00590679
36.72838211	0.00389674
36.74030304	0.00301649
36.75222397	0.00193456
36.76414490	0.00045218
36.77606583	0.00052940
36.78798676	0.00091790
36.79990768	0.00161653
36.81182861	0.00209274
36.82374954	0.00191259
36.83567047	0.00171049
36.84759140	0.00151524
36.85951233	0.00082557
36.87143326	0.00083617
36.88335419	0.00155151
36.89527512	0.00222632
36.90719604	0.00324835
36.91911697	0.00360402
36.93103790	0.00341902
36.94295883	0.00406817
36.95487976	0.00433102
36.96680069	0.00700885
36.97872162	0.01392062
36.99064255	0.01713783
37.00256348	0.01750882
37.01448441	0.01828171
37.02640533	0.01344668
37.03832626	0.00726130
37.05024719	0.00521735
37.06216812	0.00341991
37.07408905	0.00140709
37.08600998	0.00034009
37.09793091	0.00070028
37.10985184	0.00186824
37.12177277	0.00248245
37.13369370	0.00259212
37.14561462	0.00270213
37.15753555	0.00257387
37.16945648	0.00182147
37.18137741	0.00112758
37.19329834	0.00081753
37.20521927	0.00053424
37.21714020	0.00153044
37.22906113	0.00227829
37.24098206	0.00302434
37.25290298	0.00426407
37.26482391	0.00437933
37.27674484	0.00373954
37.28866577	0.00412128
37.30058670	0.00398164
37.31250763	0.00451861
37.32442856	0.00721845
37.33634949	0.00809757
37.34827042	0.00799649
37.36019135	0.00846312
37.37211227	0.00651260
37.38403320	0.00422829
37.39595413	0.00350463
37.40787506	0.00233941
37.41979599	0.00108045
37.43171692	0.00072301
37.44363785	0.00104789
37.45555878	0.00177990
37.46747971	0.00214959
37.47940063	0.00209309
37.49132156	0.00214101
37.50324249	0.00205254
37.51516342	0.00141440
37.52708435	0.00077997
37.53900528	0.00031574
37.55092621	0.00089547
37.56284714	0.00224147
37.57476807	0.00307375
37.58668900	0.00383933
37.59860992	0.00502700
37.61053085	0.00494928
37.62245178	0.00359056
37.63437271	0.00258323
37.64629364	0.00137919
37.65821457	0.00129218
37.67013550	0.00325239
37.68205643	0.00477608
37.69397736	0.00601393
37.70589828	0.00684463
37.71781921	0.00537113
37.72974014	0.00352248
37.74166107	0.00252242
37.75358200	0.00119023
37.76550293	0.00082946
37.77742386	0.00135574
37.78934479	0.00152194
37.80126572	0.00195690
37.81318665	0.00247067
37.82510757	0.00251911
37.83702850	0.00262830
37.84894943	0.00263319
37.86087036	0.00173217
37.87279129	0.00049474
37.88471222	0.00027531
37.89663315	0.00106967
37.90855408	0.00222054
37.92047501	0.00268494
37.93239594	0.00289811
37.94431686	0.00395557
37.95623779	0.00443872
37.96815872	0.00634064
37.98007965	0.01072577
37.99200058	0.01210227
38.00392151	0.01222007
38.01584244	0.01305058
38.02776337	0.01014377
38.03968430	0.00692705
38.05160522	0.00612959
38.06352615	0.00450856
38.07544708	0.00258811
38.08736801	0.00147323
38.09928894	0.00052194
38.11120987	0.00079679
38.12313080	0.00125354
38.13505173	0.00161053
38.14697266	0.00241716
38.15889359	0.00289856
38.17081451	0.00265663
38.18273544	0.00221801
38.19465637	0.00145162
38.20657730	0.00084739
38.21849823	0.00159318
38.23041916	0.00210903
38.24234009	0.00283876
38.25426102	0.00404188
38.26618195	0.00458141
38.27810287	0.00495566
38.29002380	0.00603855
38.30194473	0.00598600
38.31386566	0.00634828
38.32578659	0.00814530
38.33770752	0.00788121
38.34962845	0.00739496
38.36154938	0.00761140
38.37347031	0.00556616
38.38539124	0.00377234
38.39731216	0.00340687
38.40923309	0.00231882
38.42115402	0.00115219
38.43307495	0.00077495
38.44499588	0.00119424
38.45691681	0.00199834
38.46883774	0.00230936
38.48075867	0.00212265
38.49267960	0.00225512
38.50460052	0.00212346
38.51652145	0.00133713
38.52844238	0.00090844
38.54036331	0.00063345
38.55228424	0.00088422
38.56420517	0.00184055
38.57612610	0.00244315
38.58804703	0.00336475
38.59996796	0.00479170
38.61188889	0.00498016
38.62380981	0.00467948
38.63573074	0.00524297
38.64765167	0.00477824
38.65957260	0.00494065
38.67149353	0.00650002
38.68341446	0.00642260
38.69533539	0.00636353
38.70725632	0.00650561
38.71917725	0.00475180
38.73109818	0.00310703
38.74301910	0.00219565
38.75494003	0.00078200
38.76686096	0.00054921
38.77878189	0.00115052
38.79070282	0.00154671
38.80262375	0.00204940
38.81454468	0.00213006
38.82646561	0.00190462
38.83838654	0.00205714
38.85030746	0.00207566
38.86222839	0.00138890
38.87414932	0.00066068
38.88607025	0.00047495
38.89799118	0.00126786
38.90991211	0.00245361
38.92183304	0.00280809
38.93375397	0.00348404
38.94567490	0.00490938
38.95759583	0.00509795
38.96951675	0.00566094
38.98143768	0.00709088
38.99335861	0.00645248
39.00527954	0.00618810
39.01720047	0.00668122
39.02912140	0.00506064
39.04104233	0.00411463
39.05296326	0.00419601
39.06488419	0.00309280
39.07680511	0.00230403
39.08872604	0.00207739
39.10064697	0.00115284
39.11256790	0.00029184
39.12448883	0.00098111
39.13640976	0.00155658
39.14833069	0.00234065
39.16025162	0.00264078
39.17217255	0.00232073
39.18409348	0.00214676
39.19601440	0.00179457
39.20793533	0.00089509
39.21985626	0.00049127
39.23177719	0.00082891
39.24369812	0.00199524
39.25561905	0.00353724
39.26753998	0.00401962
39.27946091	0.00483819
39.29138184	0.00638686
39.30330276	0.00602606
39.31522369	0.00583977
39.32714462	0.00674057
39.33906555	0.00576076
39.35098648	0.00535004
39.36290741	0.00592853
39.37482834	0.00494909
39.38674927	0.00443253
39.39867020	0.00427783
39.41059113	0.00294041
39.42251205	0.00182146
39.43443298	0.00124824
39.44635391	0.00039969
39.45827484	0.00099135
39.47019577	0.00162819
39.48211670	0.00202432
39.49403763	0.00262610
39.50595856	0.00271663
39.51787949	0.00197664
39.52980042	0.00144949
39.54172134	0.00103144
39.55364227	0.00018969
39.56556320	0.00119303
39.57748413	0.00165785
39.58940506	0.00264018
39.60132599	0.00408368
39.61324692	0.00456483
39.62516785	0.00599414
39.63708878	0.00846964
39.64900970	0.00851239
39.66093063	0.00862321
39.67285156	0.00921508
39.68477249	0.00717968
39.69669342	0.00600939
39.70861435	0.00600651
39.72053528	0.00448495
39.73245621	0.00340587
39.74437714	0.00284739
39.75629807	0.00150333
39.76821899	0.00044762
39.78013992	0.00047913
39.79206085	0.00101983
39.80398178	0.00182798
39.81590271	0.00217422
39.82782364	0.00192457
39.83974457	0.00177080
39.85166550	0.00150375
39.86358643	0.00080432
39.87550735	0.00051657
39.88742828	0.00029420
39.89934921	0.00072224
39.91127014	0.00197197
39.92319107	0.00296237
39.93511200	0.00470815
39.94703293	0.00665957
39.95895386	0.00634963
39.97087479	0.00482425
39.98279572	0.00336332
39.99471664	0.00131111
40.00663757	0.00072144
40.01855850	0.00184928
40.03047943	0.00283662
40.04240036	0.00398815
40.05432129	0.00428134
40.06624222	0.00316430
40.07816315	0.00248178
40.09008408	0.00208631
40.10200500	0.00100115
40.11392593	0.00034726
40.12584686	0.00097559
40.13776779	0.00167717
40.14968872	0.00243719
40.16160965	0.00247893
40.17353058	0.00224741
40.18545151	0.00243296
40.19737244	0.00226423
40.20929337	0.00144169
40.22121429	0.00080928
40.23313522	0.00028380
40.24505615	0.00138418
40.25697708	0.00278363
40.26889801	0.00336944
40.28081894	0.00478506
40.29273987	0.00674977
40.30466080	0.00657524
40.31658173	0.00640419
40.32850266	0.00655439
40.34042358	0.00500431
40.35234451	0.00460080
40.36426544	0.00501235
40.37618637	0.00430947
40.38810730	0.00405287
40.40002823	0.00357164
40.41194916	0.00218788
40.42387009	0.00139864
40.43579102	0.00096771
40.44771194	0.00036778
40.45963287	0.00085459
40.47155380	0.00119228
40.48347473	0.00158308
40.49539566	0.00211326
40.50731659	0.00229573
40.51923752	0.00220871
40.53115845	0.00229580
40.54307938	0.00195844
40.55500031	0.00085578
40.56692123	0.00036706
40.57884216	0.00111565
40.59076309	0.00251151
40.60268402	0.00403288
40.61460495	0.00496514
40.62652588	0.00819339
40.63844681	0.01219374
40.65036774	0.01236993
40.66228867	0.01225567
40.67420959	0.01146429
40.68613052	0.00722725
40.69805145	0.00469052
40.70997238	0.00414558
40.72189331	0.00328914
40.73381424	0.00324516
40.74573517	0.00317397
40.75765610	0.00223910
40.76957703	0.00116152
40.78149796	0.00023868
40.79341888	0.00083069
40.80533981	0.00162623
40.81726074	0.00164052
40.82918167	0.00156238
40.84110260	0.00176479
40.85302353	0.00173829
40.86494446	0.00149578
40.87686539	0.00153107
40.88878632	0.00132665
40.90070724	0.00072581
40.91262817	0.00136350
40.92454910	0.00207459
40.93647003	0.00368911
40.94839096	0.00562956
40.96031189	0.00507847
40.97223282	0.00240611
40.98415375	0.00073384
40.99607468	0.00294474
41.00799561	0.00354233
41.01991653	0.00202071
41.03183746	0.00090803
41.04375839	0.00336211
41.05567932	0.00402114
41.06760025	0.00319619
41.07952118	0.00262108
41.09144211	0.00208440
41.10336304	0.00090980
41.11528397	0.00046889
41.12720490	0.00056733
41.13912582	0.00056575
41.15104675	0.00099024
41.16296768	0.00100471
41.17488861	0.00117355
41.18680954	0.00171574
41.19873047	0.00175810
41.21065140	0.00112203
41.22257233	0.00052310
41.23449326	0.00049402
41.24641418	0.00216807
41.25833511	0.00359079
41.27025604	0.00417708
41.28217697	0.00593554
41.29409790	0.00786871
41.30601883	0.00732001
41.31793976	0.00676241
41.32986069	0.00596783
41.34178162	0.00350633
41.35370255	0.00265384
41.36562347	0.00305307
41.37754440	0.00307714
41.38946533	0.00361877
41.40138626	0.00360875
41.41330719	0.00253702
41.42522812	0.00184283
41.43714905	0.00142661
41.44906998	0.00055358
41.46099091	0.00055571
41.47291183	0.00089509
41.48483276	0.00143725
41.49675369	0.00212050
41.50867462	0.00209193
41.52059555	0.00186063
41.53251648	0.00195720
41.54443741	0.00154067
41.55635834	0.00050821
41.56827927	0.00025022
41.58020020	0.00126657
41.59212112	0.00324228
41.60404205	0.00495390
41.61596298	0.00621959
41.62788391	0.01080927
41.63980484	0.01530578
41.65172577	0.01469155
41.66364670	0.01406976
41.67556763	0.01223041
41.68748856	0.00670641
41.69940948	0.00404466
41.71133041	0.00394649
41.72325134	0.00335060
41.73517227	0.00333963
41.74709320	0.00310078
41.75901413	0.00208627
41.77093506	0.00132134
41.78285599	0.00073902
41.79477692	0.00043105
41.80669785	0.00152190
41.81861877	0.00176784
41.83053970	0.00193734
41.84246063	0.00222114
41.85438156	0.00175469
41.86630249	0.00117400
41.87822342	0.00112602
41.89014435	0.00060494
41.90206528	0.00052311
41.91398621	0.00141141
41.92590714	0.00223520
41.93782806	0.00421763
41.94974899	0.00591692
41.96166992	0.00433944
41.97359085	0.00057955
41.98551178	0.00565431
41.99743271	0.00849485
42.00935364	0.00892456
42.02127457	0.00605320
42.03319550	0.00092562
42.04511642	0.00335041
42.05703735	0.00388145
42.06895828	0.00305219
42.08087921	0.00278215
42.09280014	0.00237045
42.10472107	0.00132138
42.11664200	0.00068852
42.12856293	0.00035417
42.14048386	0.00080886
42.15240479	0.00161971
42.16432571	0.00170922
42.17624664	0.00178203
42.18816757	0.00197086
42.20008850	0.00146889
42.21200943	0.00082820
42.22393036	0.00050545
42.23585129	0.00037590
42.24777222	0.00180341
42.25969315	0.00292847
42.27161407	0.00388874
42.28353500	0.00647809
42.29545593	0.00867586
42.30737686	0.00778264
42.31929779	0.00648765
42.33121872	0.00468400
42.34313965	0.00178846
42.35506058	0.00110874
42.36698151	0.00183341
42.37890244	0.00261317
42.39082336	0.00354932
42.40274429	0.00307590
42.41466522	0.00175379
42.42658615	0.00130160
42.43850708	0.00099757
42.45042801	0.00061058
42.46234894	0.00076664
42.47426987	0.00076069
42.48619080	0.00109408
42.49811172	0.00187830
42.51003265	0.00199292
42.52195358	0.00186596
42.53387451	0.00195375
42.54579544	0.00142601
42.55771637	0.00047609
42.56963730	0.00011999
42.58155823	0.00100550
42.59347916	0.00287771
42.60540009	0.00468863
42.61732101	0.00703649
42.62924194	0.01354200
42.64116287	0.01882758
42.65308380	0.01806039
42.66500473	0.01695457
42.67692566	0.01339635
42.68884659	0.00650681
42.70076752	0.00366686
42.71268845	0.00369752
42.72460938	0.00356771
42.73653030	0.00361209
42.74845123	0.00285582
42.76037216	0.00171782
42.77229309	0.00120312
42.78421402	0.00070307
42.79613495	0.00032017
42.80805588	0.00087416
42.81997681	0.00117108
42.83189774	0.00162465
42.84381866	0.00206938
42.85573959	0.00193531
42.86766052	0.00175801
42.87958145	0.00169137
42.89150238	0.00097650
42.90342331	0.00065176
42.91534424	0.00166832
42.92726517	0.00301907
42.93918610	0.00516554
42.95110703	0.00648499
42.96302795	0.00377730
42.97494888	0.00334971
42.98686981	0.00989597
42.99879074	0.01280338
43.01071167	0.01309910
43.02263260	0.00897379
43.03455353	0.00166888
43.04647446	0.00274257
43.05839539	0.00308229
43.07031631	0.00258412
43.08223724	0.00286716
43.09415817	0.00263036
43.10607910	0.00183414
43.11800003	0.00141838
43.12992096	0.00070982
43.14184189	0.00073875
43.15376282	0.00173616
43.16568375	0.00219442
43.17760468	0.00264239
43.18952560	0.00289315
43.20144653	0.00238983
43.21336746	0.00166345
43.22528839	0.00114683
43.23720932	0.00021217
43.24913025	0.00135839
43.26105118	0.00258417
43.27297211	0.00414478
43.28489304	0.00774803
43.29681396	0.01031840
43.30873489	0.00928787
43.32065582	0.00743144
43.33257675	0.00472619
43.34449768	0.00150581
43.35641861	0.00076048
43.36833954	0.00172593
43.38026047	0.00304428
43.39218140	0.00408920
43.40410233	0.00368596
43.41602325	0.00287072
43.42794418	0.00271913
43.43986511	0.00196726
43.45178604	0.00057864
43.46370697	0.00025946
43.47562790	0.00069118
43.48754883	0.00140510
43.49946976	0.00180390
43.51139069	0.00168079
43.52331161	0.00179621
43.53523254	0.00191889
43.54715347	0.00149308
43.55907440	0.00114828
43.57099533	0.00099290
43.58291626	0.00080426
43.59483719	0.00215710
43.60675812	0.00391172
43.61867905	0.00734904
43.63059998	0.01584571
43.64252090	0.02180422
43.65444183	0.02091204
43.66636276	0.01940173
43.67828369	0.01402266
43.69020462	0.00547351
43.70212555	0.00218199
43.71404648	0.00234611
43.72596741	0.00279501
43.73788834	0.00348010
43.74980927	0.00322396
43.76173019	0.00253315
43.77365112	0.00220867
43.78557205	0.00150158
43.79749298	0.00079285
43.80941391	0.00135736
43.82133484	0.00187296
43.83325577	0.00248145
43.84517670	0.00275997
43.85709763	0.00216020
43.86901855	0.00165658
43.88093948	0.00147482
43.89286041	0.00057936
43.90478134	0.00070207
43.91670227	0.00140528
43.92862320	0.00249347
43.94054413	0.00482235
43.95246506	0.00591417
43.96438599	0.00203385
43.97630692	0.00670348
43.98822784	0.01356445
44.00014877	0.01624913
44.01206970	0.01640896
44.02399063	0.01075510
44.03591156	0.00207997
44.04783249	0.00228172
44.05975342	0.00276565
44.07167435	0.00281887
44.08359528	0.00304525
44.09551620	0.00234150
44.10743713	0.00133892
44.11935806	0.00078857
44.13127899	0.00025908
44.14319992	0.00040230
44.15512085	0.00070040
44.16704178	0.00083223
44.17896271	0.00155041
44.19088364	0.00219816
44.20280457	0.00205789
44.21472549	0.00178432
44.22664642	0.00145547
44.23856735	0.00023181
44.25048828	0.00143707
44.26240921	0.00250946
44.27433014	0.00435495
44.28625107	0.00829882
44.29817200	0.01040200
44.31009293	0.00889373
44.32201385	0.00646137
44.33393478	0.00291162
44.34585571	0.00118344
44.35777664	0.00189575
44.36969757	0.00054543
44.38161850	0.00163472
44.39353943	0.00314287
44.40546036	0.00319477
44.41738129	0.00285735
44.42930222	0.00264509
44.44122314	0.00182100
44.45314407	0.00078879
44.46506500	0.00045556
44.47698593	0.00065860
44.48890686	0.00122599
44.50082779	0.00162459
44.51274872	0.00173215
44.52466965	0.00197090
44.53659058	0.00204502
44.54851151	0.00148052
44.56043243	0.00087016
44.57235336	0.00043758
44.58427429	0.00072006
44.59619522	0.00254204
44.60811615	0.00416280
44.62003708	0.00837641
44.63195801	0.01805414
44.64387894	0.02384482
44.65579987	0.02280884
44.66772079	0.02099200
44.67964172	0.01395759
44.69156265	0.00457255
44.70348358	0.00133773
44.71540451	0.00144008
44.72732544	0.00221926
44.73924637	0.00301401
44.75116730	0.00257896
44.76308823	0.00197638
44.77500916	0.00178644
44.78693008	0.00110828
44.79885101	0.00028068
44.81077194	0.00097774
44.82269287	0.00148754
44.83461380	0.00219590
44.84653473	0.00261173
44.85845566	0.00229209
44.87037659	0.00224128
44.88229752	0.00225735
44.89421844	0.00151763
44.90613937	0.00076146
44.91806030	0.00034813
44.92998123	0.00157908
44.94190216	0.00439263
44.95382309	0.00562226
44.96574402	0.00107573
44.97766495	0.00898406
44.98958588	0.01656021
45.00150681	0.01942643
45.01342773	0.01923726
45.02534866	0.01217597
45.03726959	0.00256714
45.04919052	0.00176879
45.06111145	0.00212931
45.07303238	0.00204458
45.08495331	0.00221891
45.09687424	0.00163467
45.10879517	0.00072398
45.12071609	0.00056785
45.13263702	0.00034691
45.14455795	0.00040297
45.15647888	0.00098048
45.16839981	0.00145866
45.18032074	0.00228819
45.19224167	0.00276471
45.20416260	0.00234598
45.21608353	0.00185898
45.22800446	0.00144363
45.23992538	0.00058074
45.25184631	0.00047944
45.26376724	0.00114191
45.27568817	0.00290143
45.28760910	0.00674002
45.29953003	0.00871149
45.31145096	0.00698404
45.32337189	0.00413181
45.33529282	0.00039912
45.34721375	0.00316198
45.35913467	0.00368453
45.37105560	0.00168551
45.38297653	0.00136280
45.39489746	0.00263414
45.40681839	0.00258530
45.41873932	0.00238240
45.43066025	0.00231714
45.44258118	0.00160480
45.45450211	0.00079517
45.46642303	0.00032040
45.47834396	0.00070550
45.49026489	0.00148687
45.50218582	0.00194076
45.51410675	0.00207674
45.52602768	0.00249262
45.53794861	0.00278323
45.54986954	0.00233503
45.56179047	0.00187097
45.57371140	0.00126802
45.58563232	0.00014024
45.59755325	0.00177973
45.60947418	0.00328695
45.62139511	0.00878429
45.63331604	0.01957230
45.64523697	0.02483079
45.65715790	0.02368136
45.66907883	0.02137727
45.68099976	0.01261492
45.69292068	0.00256538
45.70484161	0.00034530
45.71676254	0.00035977
45.72868347	0.00168627
45.74060440	0.00268800
45.75252533	0.00263201
45.76444626	0.00237197
45.77636719	0.00218260
45.78828812	0.00155954
45.80020905	0.00086591
45.81212997	0.00064829
45.82405090	0.00044870
45.83597183	0.00102344
45.84789276	0.00145920
45.85981369	0.00156403
45.87173462	0.00207638
45.88365555	0.00218111
45.89557648	0.00148710
45.90749741	0.00086419
45.91941833	0.00056034
45.93133926	0.00212217
45.94326019	0.00435616
45.95518112	0.00459050
45.96710205	0.00167421
45.97902298	0.01308425
45.99094391	0.02042692
46.00286484	0.02284753
46.01478577	0.02208514
46.02670670	0.01326371
46.03862762	0.00273020
46.05054855	0.00151356
46.06246948	0.00217573
46.07439041	0.00263578
46.08631134	0.00305953
46.09823227	0.00287164
46.11015320	0.00277500
46.12207413	0.00275462
46.13399506	0.00212612
46.14591599	0.00099117
46.15783691	0.00041175
46.16975784	0.00107103
46.18167877	0.00213136
46.19359970	0.00288291
46.20552063	0.00288840
46.21744156	0.00300959
46.22936249	0.00275159
46.24128342	0.00128945
46.25320435	0.00043524
46.26512527	0.00187857
46.27704620	0.00480899
46.28896713	0.00907358
46.30088806	0.01050585
46.31280899	0.00819384
46.32472992	0.00451470
46.33665085	0.00013426
46.34857178	0.00359717
46.36049271	0.00410656
46.37241364	0.00180426
46.38433456	0.00129748
46.39625549	0.00261510
46.40817642	0.00251965
46.42009735	0.00256132
46.43201828	0.00256406
46.44393921	0.00172378
46.45586014	0.00104599
46.46778107	0.00088091
46.47970200	0.00052951
46.49162292	0.00035332
46.50354385	0.00054684
46.51546478	0.00087922
46.52738571	0.00164137
46.53930664	0.00213706
46.55122757	0.00205740
46.56314850	0.00224594
46.57506943	0.00204412
46.58699036	0.00066282
46.59891129	0.00103334
46.61083221	0.00307754
46.62275314	0.01040195
46.63467407	0.02245544
46.64659500	0.02732916
46.65851593	0.02563859
46.67043686	0.02208206
46.68235779	0.01176120
46.69427872	0.00168033
46.70619965	0.00070074
46.71812057	0.00058185
46.73004150	0.00231370
46.74196243	0.00306931
46.75388336	0.00267450
46.76580429	0.00266917
46.77772522	0.00282801
46.78964615	0.00227630
46.80156708	0.00169448
46.81348801	0.00135675
46.82540894	0.00072844
46.83732986	0.00080479
46.84925079	0.00132343
46.86117172	0.00152443
46.87309265	0.00195926
46.88501358	0.00197354
46.89693451	0.00143171
46.90885544	0.00127565
46.92077637	0.00098643
46.93269730	0.00095299
46.94461823	0.00321503
46.95653915	0.00327184
46.96846008	0.00364497
46.98038101	0.01538745
46.99230194	0.02211678
47.00422287	0.02455390
47.01614380	0.02327196
47.02806473	0.01310869
47.03998566	0.00249336
47.05190659	0.00120836
47.06382751	0.00211138
47.07574844	0.00295761
47.08766937	0.00324127
47.09959030	0.00269019
47.11151123	0.00236701
47.12343216	0.00203505
47.13535309	0.00117795
47.14727402	0.00034685
47.15919495	0.00030945
47.17111588	0.00068347
47.18303680	0.00131940
47.19495773	0.00171366
47.20687866	0.00180797
47.21879959	0.00222444
47.23072052	0.00224660
47.24264145	0.00133423
47.25456238	0.00045648
47.26648331	0.00060939
47.27840424	0.00362603
47.29032516	0.00776098
47.30224609	0.00863214
47.31416702	0.00575242
47.32608795	0.00161580
47.33800888	0.00331773
47.34992981	0.00643139
47.36185074	0.00581636
47.37377167	0.00218360
47.38569260	0.00153432
47.39761353	0.00312231
47.40953445	0.00326786
47.42145538	0.00338185
47.43337631	0.00343949
47.44529724	0.00277061
47.45721817	0.00210908
47.46913910	0.00167251
47.48106003	0.00085582
47.49298096	0.00034372
47.50490189	0.00100861
47.51682281	0.00149660
47.52874374	0.00225265
47.54066467	0.00252461
47.55258560	0.00202890
47.56450653	0.00187024
47.57642746	0.00148882
47.58834839	0.00048566
47.60026932	0.00136935
47.61219025	0.00362654
47.62411118	0.01194543
47.63603210	0.02398289
47.64795303	0.02799150
47.65987396	0.02625810
47.67179489	0.02188693
47.68371582	0.01043919
47.69563675	0.00079539
47.70755768	0.00192113
47.71947861	0.00087549
47.73139954	0.00084584
47.74332047	0.00166373
47.75524139	0.00188466
47.76716232	0.00257526
47.77908325	0.00300370
47.79100418	0.00240767
47.80292511	0.00153035
47.81484604	0.00084456
47.82676697	0.00082939
47.83868790	0.00193785
47.85060883	0.00234712
47.86252975	0.00247300
47.87445068	0.00294182
47.88637161	0.00293564
47.89829254	0.00239964
47.91021347	0.00212752
47.92213440	0.00141621
47.93405533	0.00070884
47.94597626	0.00276190
47.95789719	0.00194135
47.96981812	0.00663691
47.98173904	0.01908182
47.99365997	0.02518124
48.00558090	0.02730384
48.01750183	0.02503431
48.02942276	0.01373662
48.04134369	0.00357285
48.05326462	0.00063202
48.06518555	0.00029440
48.07710648	0.00160971
48.08902740	0.00241344
48.10094833	0.00219092
48.11286926	0.00230012
48.12479019	0.00239395
48.13671112	0.00153220
48.14863205	0.00056538
48.16055298	0.00030746
48.17247391	0.00115989
48.18439484	0.00236332
48.19631577	0.00291912
48.20823669	0.00309411
48.22015762	0.00347177
48.23207855	0.00319862
48.24399948	0.00215702
48.25592041	0.00122181
48.26784134	0.00046605
48.27976227	0.00385607
48.29168320	0.00792132
48.30360413	0.00885572
48.31552505	0.00628135
48.32744598	0.00212542
48.33936691	0.00240558
48.35128784	0.00549398
48.36320877	0.00542552
48.37512970	0.00236391
48.38705063	0.00084664
48.39897156	0.00183508
48.41089249	0.00213351
48.42281342	0.00271335
48.43473434	0.00290458
48.44665527	0.00233407
48.45857620	0.00209533
48.47049713	0.00199264
48.48241806	0.00119226
48.49433899	0.00030112
48.50625992	0.00029996
48.51818085	0.00096502
48.53010178	0.00195020
48.54202271	0.00248189
48.55394363	0.00275643
48.56586456	0.00334858
48.57778549	0.00298475
48.58970642	0.00156858
48.60162735	0.00046759
48.61354828	0.00274554
48.62546921	0.01211152
48.63739014	0.02374850
48.64931107	0.02660646
48.66123199	0.02450780
48.67315292	0.01920749
48.68507385	0.00728491
48.69699478	0.00167620
48.70891571	0.00267560
48.72083664	0.00050626
48.73275757	0.00184040
48.74467850	0.00273850
48.75659943	0.00286286
48.76852036	0.00316825
48.78044128	0.00297821
48.79236221	0.00193176
48.80428314	0.00126306
48.81620407	0.00113446
