Частота	Канал A
(kГц)	(В)

0.00000000	0.10586350
0.01192093	0.07388359
0.02384186	0.05115016
0.03576279	0.01734188
0.04768372	0.00356484
0.05960464	0.00221755
0.07152557	0.00093919
0.08344650	0.00080330
0.09536743	0.00188342
0.10728836	0.00217600
0.11920929	0.00150811
0.13113022	0.00123928
0.14305115	0.00216570
0.15497208	0.00227496
0.16689301	0.00149042
0.17881393	0.00066960
0.19073486	0.00150176
0.20265579	0.00430815
0.21457672	0.02524703
0.22649765	0.07267812
0.23841858	0.10352240
0.25033951	0.10628630
0.26226044	0.10245870
0.27418137	0.06937402
0.28610229	0.02277966
0.29802322	0.00405021
0.30994415	0.00170212
0.32186508	0.00069792
0.33378601	0.00160275
0.34570694	0.00245801
0.35762787	0.00215837
0.36954880	0.00080670
0.38146973	0.00143612
0.39339066	0.00261181
0.40531158	0.00250923
0.41723251	0.00143095
0.42915344	0.00038771
0.44107437	0.00178377
0.45299530	0.00412017
0.46491623	0.02511152
0.47683716	0.07259880
0.48875809	0.10239310
0.50067902	0.10502930
0.51259995	0.10131090
0.52452087	0.06780744
0.53644180	0.02186688
0.54836273	0.00393095
0.56028366	0.00169265
0.57220459	0.00047983
0.58412552	0.00129113
0.59604645	0.00226295
0.60796738	0.00238588
0.61988831	0.00161482
0.63180923	0.00181383
0.64373016	0.00259272
0.65565109	0.00228571
0.66757202	0.00129143
0.67949295	0.00053263
0.69141388	0.00187993
0.70333481	0.00427038
0.71525574	0.02595656
0.72717667	0.07349294
0.73909760	0.10238090
0.75101852	0.10508380
0.76293945	0.10122370
0.77486038	0.06694919
0.78678131	0.02157284
0.79870224	0.00449000
0.81062317	0.00249757
0.82254410	0.00122648
0.83446503	0.00022654
0.84638596	0.00097927
0.85830688	0.00094812
0.87022781	0.00058718
0.88214874	0.00211534
0.89406967	0.00306168
0.90599060	0.00299519
0.91791153	0.00214627
0.92983246	0.00070289
0.94175339	0.00106034
0.95367432	0.00414281
0.96559525	0.02708690
0.97751617	0.07465995
0.98943710	0.10238250
1.00135803	0.10458090
1.01327896	0.09991136
1.02519989	0.06488464
1.03712082	0.02033969
1.04904175	0.00428663
1.06096268	0.00277994
1.07288361	0.00187601
1.08480453	0.00062461
1.09672546	0.00035182
1.10864639	0.00029499
1.12056732	0.00055269
1.13248825	0.00198824
1.14440918	0.00244585
1.15633011	0.00194411
1.16825104	0.00105133
1.18017197	0.00045239
1.19209290	0.00124316
1.20401382	0.00387968
1.21593475	0.02726735
1.22785568	0.07452635
1.23977661	0.10115460
1.25169754	0.10323010
1.26361847	0.09822691
1.27553940	0.06260677
1.28746033	0.01879163
1.29938126	0.00302225
1.31130219	0.00106845
1.32322311	0.00026631
1.33514404	0.00083576
1.34706497	0.00095925
1.35898590	0.00030622
1.37090683	0.00106411
1.38282776	0.00278369
1.39474869	0.00355067
1.40666962	0.00327797
1.41859055	0.00237929
1.43051147	0.00125736
1.44243240	0.00168702
1.45435333	0.00512708
1.46627426	0.02908602
1.47819519	0.07541036
1.49011612	0.10037020
1.50203705	0.10202510
1.51395798	0.09651060
1.52587891	0.06051842
1.53779984	0.01795091
1.54972076	0.00365169
1.56164169	0.00218484
1.57356262	0.00120740
1.58548355	0.00027994
1.59740448	0.00088628
1.60932541	0.00091142
1.62124634	0.00047292
1.63316727	0.00204396
1.64508820	0.00290205
1.65700912	0.00288822
1.66893005	0.00222097
1.68085098	0.00158872
1.69277191	0.00219184
1.70469284	0.00549889
1.71661377	0.02984062
1.72853470	0.07566348
1.74045563	0.09930237
1.75237656	0.10049650
1.76429749	0.09436124
1.77621841	0.05803164
1.78813934	0.01655573
1.80006027	0.00311837
1.81198120	0.00211561
1.82390213	0.00158002
1.83582306	0.00086376
1.84774399	0.00057923
1.85966492	0.00007791
1.87158585	0.00136297
1.88350677	0.00331859
1.89542770	0.00391551
1.90734863	0.00346452
1.91926956	0.00241342
1.93119049	0.00099154
1.94311142	0.00190464
1.95503235	0.00580341
1.96695328	0.03060737
1.97887421	0.07541993
1.99079514	0.09752248
2.00271606	0.09865145
2.01463699	0.09209386
2.02655792	0.05551453
2.03847885	0.01537676
2.05039978	0.00262503
2.06232071	0.00134054
2.07424164	0.00087238
2.08616257	0.00041214
2.09808350	0.00052218
2.11000443	0.00104921
2.12192535	0.00196240
2.13384628	0.00332103
2.14576721	0.00372543
2.15768814	0.00308102
2.16960907	0.00189913
2.18153000	0.00063960
2.19345093	0.00147642
2.20537186	0.00504315
2.21729279	0.03019010
2.22921371	0.07461332
2.24113464	0.09570020
2.25305557	0.09675794
2.26497650	0.09000098
2.27689743	0.05343943
2.28881836	0.01478133
2.30073929	0.00335563
2.31266022	0.00233044
2.32458115	0.00177524
2.33650208	0.00095571
2.34842300	0.00051604
2.36034393	0.00030282
2.37226486	0.00102292
2.38418579	0.00253488
2.39610672	0.00322250
2.40802765	0.00310541
2.41994858	0.00229543
2.43186951	0.00086229
2.44379044	0.00064483
2.45571136	0.00482575
2.46763229	0.03045827
2.47955322	0.07395697
2.49147415	0.09412799
2.50339508	0.09553460
2.51531601	0.08859163
2.52723694	0.05215836
2.53915787	0.01458506
2.55107880	0.00319088
2.56299973	0.00178877
2.57492065	0.00123256
2.58684158	0.00051346
2.59876251	0.00023396
2.61068344	0.00050355
2.62260437	0.00166707
2.63452530	0.00330358
2.64644623	0.00387079
2.65836716	0.00356621
2.67028809	0.00258440
2.68220901	0.00096103
2.69412994	0.00035613
2.70605087	0.00396139
2.71797180	0.02986414
2.72989273	0.07243699
2.74181366	0.09147313
2.75373459	0.09289723
2.76565552	0.08544665
2.77757645	0.04905247
2.78949738	0.01305796
2.80141830	0.00297836
2.81333923	0.00234401
2.82526016	0.00223742
2.83718109	0.00176119
2.84910202	0.00161610
2.86102295	0.00210993
2.87294388	0.00321421
2.88486481	0.00461994
2.89678574	0.00489806
2.90870667	0.00434174
2.92062759	0.00316251
2.93254852	0.00133088
2.94446945	0.00053438
2.95639038	0.00512537
2.96831131	0.03138676
2.98023224	0.07270650
2.99215317	0.09009131
3.00407410	0.09085146
3.01599503	0.08245809
3.02791595	0.04571238
3.03983688	0.01089074
3.05175781	0.00202599
3.06367874	0.00136883
3.07559967	0.00133178
3.08752060	0.00105356
3.09944153	0.00087593
3.11136246	0.00122632
3.12328339	0.00228599
3.13520432	0.00369452
3.14712524	0.00392887
3.15904617	0.00353127
3.17096710	0.00270946
3.18288803	0.00123326
3.19480896	0.00038613
3.20672989	0.00486186
3.21865082	0.03085712
3.23057175	0.07081863
3.24249268	0.08704508
3.25441360	0.08780055
3.26633453	0.07951643
3.27825546	0.04399893
3.29017639	0.01119541
3.30209732	0.00265556
3.31401825	0.00212205
3.32593918	0.00204027
3.33786011	0.00161179
3.34978104	0.00179071
3.36170197	0.00255956
3.37362289	0.00352533
3.38554382	0.00454963
3.39746475	0.00463389
3.40938568	0.00417212
3.42130661	0.00319710
3.43322754	0.00167889
3.44514847	0.00064826
3.45706940	0.00521802
3.46899033	0.03143673
3.48091125	0.06988739
3.49283218	0.08466318
3.50475311	0.08500258
3.51667404	0.07588553
3.52859497	0.04066035
3.54051590	0.00949466
3.55243683	0.00227765
3.56435776	0.00244234
3.57627869	0.00292270
3.58819962	0.00274943
3.60012054	0.00271196
3.61204147	0.00298856
3.62396240	0.00339478
3.63588333	0.00419462
3.64780426	0.00425069
3.65972519	0.00372764
3.67164612	0.00271572
3.68356705	0.00112141
3.69548798	0.00004581
3.70740891	0.00486473
3.71932983	0.03085133
3.73125076	0.06822099
3.74317169	0.08228650
3.75509262	0.08288612
3.76701355	0.07366593
3.77893448	0.03907601
3.79085541	0.00920859
3.80277634	0.00185281
3.81469727	0.00163760
3.82661819	0.00205291
3.83853912	0.00185685
3.85046005	0.00169943
3.86238098	0.00185715
3.87430191	0.00241989
3.88622284	0.00341201
3.89814377	0.00312470
3.91006470	0.00245821
3.92198563	0.00161891
3.93390656	0.00024111
3.94582748	0.00084411
3.95774841	0.00611593
3.96966934	0.03182869
3.98159027	0.06735028
3.99351120	0.08004914
4.00543213	0.08055971
4.01735306	0.07104476
4.02927399	0.03703014
4.04119492	0.00854318
4.05311584	0.00156037
4.06503677	0.00131647
4.07695770	0.00203081
4.08887863	0.00230878
4.10079956	0.00243808
4.11272049	0.00279382
4.12464142	0.00343167
4.13656235	0.00414453
4.14848328	0.00397084
4.16040421	0.00354540
4.17232513	0.00250621
4.18424606	0.00075880
4.19616699	0.00028146
4.20808792	0.00535177
4.22000885	0.03059449
4.23192978	0.06431201
4.24385071	0.07569372
4.25577164	0.07609093
4.26769257	0.06639721
4.27961349	0.03333561
4.29153442	0.00678774
4.30345535	0.00072179
4.31537628	0.00054908
4.32729721	0.00141206
4.33921814	0.00193962
4.35113907	0.00233532
4.36306000	0.00264503
4.37498093	0.00292480
4.38690186	0.00347988
4.39882278	0.00341167
4.41074371	0.00309889
4.42266464	0.00244387
4.43458557	0.00127484
4.44650650	0.00066366
4.45842743	0.00557763
4.47034836	0.03015861
4.48226929	0.06208063
4.49419022	0.07260550
4.50611115	0.07323575
4.51803207	0.06354931
4.52995300	0.03163807
4.54187393	0.00670017
4.55379486	0.00111151
4.56571579	0.00120397
4.57763672	0.00216933
4.58955765	0.00274960
4.60147858	0.00324691
4.61339951	0.00369213
4.62532043	0.00408861
4.63724136	0.00458057
4.64916229	0.00431251
4.66108322	0.00379552
4.67300415	0.00310980
4.68492508	0.00180555
4.69684601	0.00085029
4.70876694	0.00583441
4.72068787	0.03051048
4.73260880	0.06128854
4.74452972	0.07093777
4.75645065	0.07124104
4.76837158	0.06100072
4.78029251	0.02984448
4.79221344	0.00642298
4.80413437	0.00156093
4.81605530	0.00163933
4.82797623	0.00245660
4.83989716	0.00278913
4.85181808	0.00310936
4.86373901	0.00324756
4.87565994	0.00285133
4.88758087	0.00299255
4.89950180	0.00295000
4.91142273	0.00285433
4.92334366	0.00235689
4.93526459	0.00129215
4.94718552	0.00059909
4.95910645	0.00522515
4.97102737	0.02927864
4.98294830	0.05827064
4.99486923	0.06697615
5.00679016	0.06730248
5.01871109	0.05706069
5.03063202	0.02721542
5.04255295	0.00538360
5.05447388	0.00117072
5.06639481	0.00189768
5.07831573	0.00289445
5.09023666	0.00327147
5.10215759	0.00359242
5.11407852	0.00373526
5.12599945	0.00365506
5.13792038	0.00364855
5.14984131	0.00302638
5.16176224	0.00236486
5.17368317	0.00162509
5.18560410	0.00072046
5.19752502	0.00021408
5.20944595	0.00559797
5.22136688	0.02882748
5.23328781	0.05576556
5.24520874	0.06337229
5.25712967	0.06347036
5.26905060	0.05313404
5.28097153	0.02467128
5.29289246	0.00476676
5.30481339	0.00097520
5.31673431	0.00120703
5.32865524	0.00213958
5.34057617	0.00278776
5.35249710	0.00334204
5.36441803	0.00347651
5.37633896	0.00303356
5.38825989	0.00287961
5.40018082	0.00270065
5.41210175	0.00259173
5.42402267	0.00218845
5.43594360	0.00129993
5.44786453	0.00062306
5.45978546	0.00565267
5.47170639	0.02810412
5.48362732	0.05334305
5.49554825	0.06028238
5.50746918	0.06047339
5.51939011	0.05029235
5.53131104	0.02329725
5.54323196	0.00481480
5.55515289	0.00122099
5.56707382	0.00149882
5.57899475	0.00249785
5.59091568	0.00299922
5.60283661	0.00338530
5.61475754	0.00339625
5.62667847	0.00312423
5.63859940	0.00310595
5.65052032	0.00278920
5.66244125	0.00280373
5.67436218	0.00281658
5.68628311	0.00237139
5.69820404	0.00210330
5.71012497	0.00555055
5.72204590	0.02676466
5.73396683	0.05019988
5.74588776	0.05629526
5.75780869	0.05621722
5.76972961	0.04572272
5.78165054	0.01983489
5.79357147	0.00299482
5.80549240	0.00081527
5.81741333	0.00156281
5.82933426	0.00275785
5.84125519	0.00337451
5.85317612	0.00362188
5.86509705	0.00365975
5.87701797	0.00350292
5.88893890	0.00345808
5.90085983	0.00306111
5.91278076	0.00280500
5.92470169	0.00240565
5.93662262	0.00163322
5.94854355	0.00097843
5.96046448	0.00515861
5.97238541	0.02624408
5.98430634	0.04822448
5.99622726	0.05358408
6.00814819	0.05332787
6.02006912	0.04310795
6.03199005	0.01876589
6.04391098	0.00315277
6.05583191	0.00052310
6.06775284	0.00134386
6.07967377	0.00264638
6.09159470	0.00317904
6.10351563	0.00357699
6.11543655	0.00359367
6.12735748	0.00303836
6.13927841	0.00267213
6.15119934	0.00215417
6.16312027	0.00209476
6.17504120	0.00196339
6.18696213	0.00149337
6.19888306	0.00127960
6.21080399	0.00444003
6.22272491	0.02358553
6.23464584	0.04336324
6.24656677	0.04824730
6.25848770	0.04841315
6.27040863	0.03863555
6.28232956	0.01583210
6.29425049	0.00157620
6.30617142	0.00086640
6.31809235	0.00124690
6.33001328	0.00299165
6.34193420	0.00400664
6.35385513	0.00459543
6.36577606	0.00444223
6.37769699	0.00328674
6.38961792	0.00245026
6.40153885	0.00190898
6.41345978	0.00172594
6.42538071	0.00150691
6.43730164	0.00110256
6.44922256	0.00071587
6.46114349	0.00523633
6.47306442	0.02383499
6.48498535	0.04219331
6.49690628	0.04634966
6.50882721	0.04613854
6.52074814	0.03634736
6.53266907	0.01499014
6.54459000	0.00225539
6.55651093	0.00053752
6.56843185	0.00057902
6.58035278	0.00204992
6.59227371	0.00285249
6.60419464	0.00316779
6.61611557	0.00297051
6.62803650	0.00239104
6.63995743	0.00208732
6.65187836	0.00203598
6.66379929	0.00258676
6.67572021	0.00279999
6.68764114	0.00256343
6.69956207	0.00242595
6.71148300	0.00491107
6.72340393	0.02223724
6.73532486	0.03889264
6.74724579	0.04238172
6.75916672	0.04192692
6.77108765	0.03224027
6.78300858	0.01225176
6.79492950	0.00081953
6.80685043	0.00065233
6.81877136	0.00083814
6.83069229	0.00213430
6.84261322	0.00270164
6.85453415	0.00300754
6.86645508	0.00285508
6.87837601	0.00207421
6.89029694	0.00175179
6.90221786	0.00160656
6.91413879	0.00183834
6.92605972	0.00214556
6.93798065	0.00222040
6.94990158	0.00222880
6.96182251	0.00387859
6.97374344	0.01975082
6.98566437	0.03502048
6.99758530	0.03833476
7.00950623	0.03814030
7.02142715	0.02919389
7.03334808	0.01095182
7.04526901	0.00114388
7.05718994	0.00106507
7.06911087	0.00045424
7.08103180	0.00189552
7.09295273	0.00300394
7.10487366	0.00346516
7.11679459	0.00313921
7.12871552	0.00195887
7.14063644	0.00098452
7.15255737	0.00069893
7.16447830	0.00114879
7.17639923	0.00163315
7.18832016	0.00187142
7.20024109	0.00200543
7.21216202	0.00480783
7.22408295	0.01934809
7.23600388	0.03233869
7.24792480	0.03472260
7.25984573	0.03424502
7.27176666	0.02541202
7.28368759	0.00880512
7.29560852	0.00015181
7.30752945	0.00132517
7.31945038	0.00098720
7.33137131	0.00213493
7.34329224	0.00317634
7.35521317	0.00342755
7.36713409	0.00297631
7.37905502	0.00215717
7.39097595	0.00142987
7.40289688	0.00084690
7.41481781	0.00092134
7.42673874	0.00100286
7.43865967	0.00126339
7.45058060	0.00131099
7.46250153	0.00331551
7.47442245	0.01661548
7.48634338	0.02821349
7.49826431	0.03051632
7.51018524	0.03005327
7.52210617	0.02196259
7.53402710	0.00730981
7.54594803	0.00143654
7.55786896	0.00144052
7.56978989	0.00052219
7.58171082	0.00213860
7.59363174	0.00332867
7.60555267	0.00360966
7.61747360	0.00286246
7.62939453	0.00153321
7.64131546	0.00051806
7.65323639	0.00006203
7.66515732	0.00016838
7.67707825	0.00061770
7.68899918	0.00086333
7.70092010	0.00096064
7.71284103	0.00399765
7.72476196	0.01608496
7.73668289	0.02637284
7.74860382	0.02826221
7.76052475	0.02772746
7.77244568	0.02013990
7.78436661	0.00680696
7.79628754	0.00057180
7.80820847	0.00156283
7.82012939	0.00172933
7.83205032	0.00273561
7.84397125	0.00336642
7.85589218	0.00334995
7.86781311	0.00258279
7.87973404	0.00113318
7.89165497	0.00010832
7.90357590	0.00016691
7.91549683	0.00064710
7.92741776	0.00154084
7.93933868	0.00234695
7.95125961	0.00279953
7.96318054	0.00254593
7.97510147	0.01296096
7.98702240	0.02200855
7.99894333	0.02396610
8.01086426	0.02399468
8.02278519	0.01758665
8.03470612	0.00629809
8.04662704	0.00068985
8.05854797	0.00023296
8.07046890	0.00101848
8.08238983	0.00234476
8.09431076	0.00317265
8.10623169	0.00362388
8.11815262	0.00311453
8.13007355	0.00167709
8.14199448	0.00081502
8.15391541	0.00027865
8.16583633	0.00059199
8.17775726	0.00160426
8.18967819	0.00238566
8.20159912	0.00228997
8.21352005	0.00267788
8.22544098	0.01219553
8.23736191	0.01990870
8.24928284	0.02142117
8.26120377	0.02106158
8.27312469	0.01504690
8.28504562	0.00515403
8.29696655	0.00097348
8.30888748	0.00089538
8.32080841	0.00065536
8.33272934	0.00219037
8.34465027	0.00323950
8.35657120	0.00384525
8.36849213	0.00334134
8.38041306	0.00160345
8.39233398	0.00058797
8.40425491	0.00071135
8.41617584	0.00057707
8.42809677	0.00107258
8.44001770	0.00194656
8.45193863	0.00213306
8.46385956	0.00162254
8.47578049	0.00941974
8.48770142	0.01562339
8.49962234	0.01684038
8.51154327	0.01644718
8.52346420	0.01112472
8.53538513	0.00289225
8.54730606	0.00151587
8.55922699	0.00146141
8.57114792	0.00077585
8.58306885	0.00209547
8.59498978	0.00297643
8.60691071	0.00331154
8.61883163	0.00263560
8.63075256	0.00126951
8.64267349	0.00105488
8.65459442	0.00099228
8.66651535	0.00037068
8.67843628	0.00088059
8.69035721	0.00203158
8.70227814	0.00212612
8.71419907	0.00102603
8.72612000	0.00771564
8.73804092	0.01306481
8.74996185	0.01417364
8.76188278	0.01361219
8.77380371	0.00901503
8.78572464	0.00248690
8.79764557	0.00177277
8.80956650	0.00129830
8.82148743	0.00018099
8.83340836	0.00160912
8.84532928	0.00245039
8.85725021	0.00236982
8.86917114	0.00109909
8.88109207	0.00076407
8.89301300	0.00181087
8.90493393	0.00185470
8.91685486	0.00093602
8.92877579	0.00050179
8.94069672	0.00133822
8.95261765	0.00150622
8.96453857	0.00120375
8.97645950	0.00679408
8.98838043	0.01101628
9.00030136	0.01202366
9.01222229	0.01164242
9.02414322	0.00763197
9.03606415	0.00222861
9.04798508	0.00147531
9.05990601	0.00129080
9.07182693	0.00026848
9.08374786	0.00177034
9.09566879	0.00296462
9.10758972	0.00337988
9.11951065	0.00245516
9.13143158	0.00074656
9.14335251	0.00110384
9.15527344	0.00147828
9.16719437	0.00112406
9.17911530	0.00117952
9.19103622	0.00222412
9.20295715	0.00237268
9.21487808	0.00078645
9.22679901	0.00397414
9.23871994	0.00723562
9.25064087	0.00775761
9.26256180	0.00728438
9.27448273	0.00431160
9.28640366	0.00071430
9.29832458	0.00199471
9.31024551	0.00170220
9.32216644	0.00057690
9.33408737	0.00149507
9.34600830	0.00220123
9.35792923	0.00225665
9.36985016	0.00157531
9.38177109	0.00178997
9.39369202	0.00250020
9.40561295	0.00235417
9.41753387	0.00166499
9.42945480	0.00180356
9.44137573	0.00281026
9.45329666	0.00271960
9.46521759	0.00111966
9.47713852	0.00220424
9.48905945	0.00447914
9.50098038	0.00518645
9.51290131	0.00464444
9.52482224	0.00222964
9.53674316	0.00106282
9.54866409	0.00233301
9.56058502	0.00226415
9.57250595	0.00100328
9.58442688	0.00093734
9.59634781	0.00178651
9.60826874	0.00218444
9.62018967	0.00149255
9.63211060	0.00054210
9.64403152	0.00124012
9.65595245	0.00130575
9.66787338	0.00061024
9.67979431	0.00115678
9.69171524	0.00242037
9.70363617	0.00280979
9.71555710	0.00219125
9.72747803	0.00112192
9.73939896	0.00167223
9.75131989	0.00182036
9.76324081	0.00150568
9.77516174	0.00083496
9.78708267	0.00149409
9.79900360	0.00158253
9.81092453	0.00088951
9.82284546	0.00054610
9.83476639	0.00175259
9.84668732	0.00226800
9.85860825	0.00217050
9.87052917	0.00133805
9.88245010	0.00142084
9.89437103	0.00206924
9.90629196	0.00189366
9.91821289	0.00125072
9.93013382	0.00002877
9.94205475	0.00118916
9.95397568	0.00158374
9.96589661	0.00129966
9.97781754	0.00072217
9.98973846	0.00053436
10.00165939	0.00080247
10.01358032	0.00178248
10.02550125	0.00296226
10.03742218	0.00369504
10.04934311	0.00384446
10.06126404	0.00325722
10.07318497	0.00202786
10.08510590	0.00222679
10.09702682	0.00297476
10.10894775	0.00294477
10.12086868	0.00184227
10.13278961	0.00119313
10.14471054	0.00208410
10.15663147	0.00223228
10.16855240	0.00161952
10.18047333	0.00088639
10.19239426	0.00164535
10.20431519	0.00202814
10.21623611	0.00241162
10.22815704	0.00324351
10.24007797	0.00350177
10.25199890	0.00327579
10.26391983	0.00343118
10.27584076	0.00326603
10.28776169	0.00286703
10.29968262	0.00264213
10.31160355	0.00210147
10.32352448	0.00084478
10.33544540	0.00096415
10.34736633	0.00184272
10.35928726	0.00162937
10.37120819	0.00068154
10.38312912	0.00201533
10.39505005	0.00287560
10.40697098	0.00271726
10.41889191	0.00161640
10.43081284	0.00090387
10.44273376	0.00211176
10.45465469	0.00247358
10.46657562	0.00324688
10.47849655	0.00507017
10.49041748	0.00556423
10.50233841	0.00506981
10.51425934	0.00480221
10.52618027	0.00354524
10.53810120	0.00266670
10.55002213	0.00245732
10.56194305	0.00196442
10.57386398	0.00110337
10.58578491	0.00052790
10.59770584	0.00072945
10.60962677	0.00049427
10.62154770	0.00061831
10.63346863	0.00218681
10.64538956	0.00279239
10.65731049	0.00233945
10.66923141	0.00160051
10.68115234	0.00028819
10.69307327	0.00093707
10.70499420	0.00140284
10.71691513	0.00269936
10.72883606	0.00568421
10.74075699	0.00726904
10.75267792	0.00760122
10.76459885	0.00776845
10.77651978	0.00580603
10.78844070	0.00329390
10.80036163	0.00235430
10.81228256	0.00164970
10.82420349	0.00042469
10.83612442	0.00064034
10.84804535	0.00078397
10.85996628	0.00037859
10.87188721	0.00123635
10.88380814	0.00282626
10.89572906	0.00356760
10.90764999	0.00330942
10.91957092	0.00229640
10.93149185	0.00077215
10.94341278	0.00179390
10.95533371	0.00269545
10.96725464	0.00489295
10.97917557	0.00879489
10.99109650	0.01018212
11.00301743	0.00979173
11.01493835	0.00924688
11.02685928	0.00616490
11.03878021	0.00315348
11.05070114	0.00220485
11.06262207	0.00159192
11.07454300	0.00079948
11.08646393	0.00017940
11.09838486	0.00060562
11.11030579	0.00044042
11.12222672	0.00171105
11.13414764	0.00359354
11.14606857	0.00405935
11.15798950	0.00340228
11.16991043	0.00198714
11.18183136	0.00074288
11.19375229	0.00241798
11.20567322	0.00314592
11.21759415	0.00554409
11.22951508	0.01015311
11.24143600	0.01218302
11.25335693	0.01235092
11.26527786	0.01194163
11.27719879	0.00799472
11.28911972	0.00370431
11.30104065	0.00234299
11.31296158	0.00172201
11.32488251	0.00082104
11.33680344	0.00041155
11.34872437	0.00097106
11.36064529	0.00096012
11.37256622	0.00163896
11.38448715	0.00331661
11.39640808	0.00379134
11.40832901	0.00341518
11.42024994	0.00241778
11.43217087	0.00055171
11.44409180	0.00096187
11.45601273	0.00159617
11.46793365	0.00462086
11.47985458	0.01016842
11.49177551	0.01280210
11.50369644	0.01344715
11.51561737	0.01326144
11.52753830	0.00897851
11.53945923	0.00450938
11.55138016	0.00304846
11.56330109	0.00226486
11.57522202	0.00116642
11.58714294	0.00012594
11.59906387	0.00069694
11.61098480	0.00088877
11.62290573	0.00221565
11.63482666	0.00407372
11.64674759	0.00460477
11.65866852	0.00406991
11.67058945	0.00267625
11.68251038	0.00083536
11.69443130	0.00161274
11.70635223	0.00251845
11.71827316	0.00635480
11.73019409	0.01296648
11.74211502	0.01581308
11.75403595	0.01580427
11.76595688	0.01453974
11.77787781	0.00877741
11.78979874	0.00348438
11.80171967	0.00231785
11.81364059	0.00227583
11.82556152	0.00189574
11.83748245	0.00106008
11.84940338	0.00046955
11.86132431	0.00050807
11.87324524	0.00160587
11.88516617	0.00321504
11.89708710	0.00400516
11.90900803	0.00407918
11.92092896	0.00325926
11.93284988	0.00149039
11.94477081	0.00052592
11.95669174	0.00167081
11.96861267	0.00604492
11.98053360	0.01351196
11.99245453	0.01678697
12.00437546	0.01715217
12.01629639	0.01642138
12.02821732	0.01059269
12.04013824	0.00467837
12.05205917	0.00295198
12.06398010	0.00241532
12.07590103	0.00169055
12.08782196	0.00080911
12.09974289	0.00040196
12.11166382	0.00067239
12.12358475	0.00177328
12.13550568	0.00332330
12.14742661	0.00397303
12.15934753	0.00391061
12.17126846	0.00292716
12.18318939	0.00080886
12.19511032	0.00087287
12.20703125	0.00199062
12.21895218	0.00677821
12.23087311	0.01467226
12.24279404	0.01792656
12.25471497	0.01822980
12.26663589	0.01669143
12.27855682	0.00975392
12.29047775	0.00341550
12.30239868	0.00152090
12.31431961	0.00119859
12.32624054	0.00117922
12.33816147	0.00086443
12.35008240	0.00084679
12.36200333	0.00114137
12.37392426	0.00212557
12.38584518	0.00346124
12.39776611	0.00372389
12.40968704	0.00328835
12.42160797	0.00228035
12.43352890	0.00116663
12.44544983	0.00148402
12.45737076	0.00224427
12.46929169	0.00758600
12.48121262	0.01573607
12.49313354	0.01876331
12.50505447	0.01906925
12.51697540	0.01756030
12.52889633	0.01006860
12.54081726	0.00355651
12.55273819	0.00199007
12.56465912	0.00179412
12.57658005	0.00175095
12.58850098	0.00126625
12.60042191	0.00103995
12.61234283	0.00127648
12.62426376	0.00199406
12.63618469	0.00346869
12.64810562	0.00391437
12.66002655	0.00354888
12.67194748	0.00246868
12.68386841	0.00070116
12.69578934	0.00132490
12.70771027	0.00236300
12.71963120	0.00831194
12.73155212	0.01700441
12.74347305	0.02008297
12.75539398	0.02043905
12.76731491	0.01851147
12.77923584	0.01032698
12.79115677	0.00392054
12.80307770	0.00242343
12.81499863	0.00195531
12.82691956	0.00168348
12.83884048	0.00121981
12.85076141	0.00102271
12.86268234	0.00149715
12.87460327	0.00298417
12.88652420	0.00463930
12.89844513	0.00494473
12.91036606	0.00438661
12.92228699	0.00301577
12.93420792	0.00077760
12.94612885	0.00060613
12.95804977	0.00177281
12.96997070	0.00853889
12.98189163	0.01768647
12.99381256	0.02078135
13.00573349	0.02111585
13.01765442	0.01901922
13.02957535	0.01039994
13.04149628	0.00354359
13.05341721	0.00205389
13.06533813	0.00158780
13.07725906	0.00120089
13.08917999	0.00086557
13.10110092	0.00087459
13.11302185	0.00149579
13.12494278	0.00285480
13.13686371	0.00418544
13.14878464	0.00425669
13.16070557	0.00373816
13.17262650	0.00272207
13.18454742	0.00095377
13.19646835	0.00059346
13.20838928	0.00230411
13.22031021	0.00940464
13.23223114	0.01895432
13.24415207	0.02200430
13.25607300	0.02208146
13.26799393	0.01974484
13.27991486	0.01079447
13.29183578	0.00364017
13.30375671	0.00196895
13.31567764	0.00156073
13.32759857	0.00120977
13.33951950	0.00059061
13.35144043	0.00046670
13.36336136	0.00111351
13.37528229	0.00244455
13.38720322	0.00391348
13.39912415	0.00420920
13.41104507	0.00393492
13.42296600	0.00301463
13.43488693	0.00153800
13.44680786	0.00090437
13.45872879	0.00189864
13.47064972	0.00899660
13.48257065	0.01843200
13.49449158	0.02152619
13.50641251	0.02191282
13.51833344	0.01933479
13.53025436	0.01022634
13.54217529	0.00340870
13.55409622	0.00189711
13.56601715	0.00177933
13.57793808	0.00192889
13.58985901	0.00172826
13.60177994	0.00185507
13.61370087	0.00238413
13.62562180	0.00332299
13.63754272	0.00441351
13.64946365	0.00439721
13.66138458	0.00392857
13.67330551	0.00307925
13.68522644	0.00157909
13.69714737	0.00058905
13.70906830	0.00161565
13.72098923	0.00975182
13.73291016	0.01968914
13.74483109	0.02299996
13.75675201	0.02348081
13.76867294	0.02060706
13.78059387	0.01100986
13.79251480	0.00384547
13.80443573	0.00232894
13.81635666	0.00234494
13.82827759	0.00271849
13.84019852	0.00277603
13.85211945	0.00287870
13.86404037	0.00309085
13.87596130	0.00335513
13.88788223	0.00405991
13.89980316	0.00396628
13.91172409	0.00342729
13.92364502	0.00238517
13.93556595	0.00076492
13.94748688	0.00117023
13.95940781	0.00320005
13.97132874	0.01105271
13.98324966	0.02055320
13.99517059	0.02334546
14.00709152	0.02341886
14.01901245	0.02000383
14.03093338	0.01006016
14.04285431	0.00286790
14.05477524	0.00132724
14.06669617	0.00160906
14.07861710	0.00216958
14.09053802	0.00236050
14.10245895	0.00260130
14.11437988	0.00306928
14.12630081	0.00434621
14.13822174	0.00554105
14.15014267	0.00537652
14.16206360	0.00479911
14.17398453	0.00357871
14.18590546	0.00161827
14.19782639	0.00053830
14.20974731	0.00181121
14.22166824	0.00989764
14.23358917	0.01944898
14.24551010	0.02208851
14.25743103	0.02216027
14.26935196	0.01873761
14.28127289	0.00890010
14.29319382	0.00217335
14.30511475	0.00123669
14.31703568	0.00183518
14.32895660	0.00266949
14.34087753	0.00300785
14.35279846	0.00320948
14.36471939	0.00339840
14.37664032	0.00366660
14.38856125	0.00404920
14.40048218	0.00375776
14.41240311	0.00334667
14.42432404	0.00246380
14.43624496	0.00084598
14.44816589	0.00012157
14.46008682	0.00187764
14.47200775	0.00998376
14.48392868	0.01938432
14.49584961	0.02213232
14.50777054	0.02280435
14.51969147	0.01966972
14.53161240	0.00990388
14.54353333	0.00328710
14.55545425	0.00183055
14.56737518	0.00184346
14.57929611	0.00241116
14.59121704	0.00267733
14.60313797	0.00294271
14.61505890	0.00332834
14.62697983	0.00391171
14.63890076	0.00418043
14.65082169	0.00365647
14.66274261	0.00314151
14.67466354	0.00219052
14.68658447	0.00079658
14.69850540	0.00065486
14.71042633	0.00157646
14.72234726	0.01012862
14.73426819	0.01980100
14.74618912	0.02247879
14.75811005	0.02276177
14.77003098	0.01887945
14.78195190	0.00851299
14.79387283	0.00177616
14.80579376	0.00070018
14.81771469	0.00127411
14.82963562	0.00208028
14.84155655	0.00252060
14.85347748	0.00311233
14.86539841	0.00364939
14.87731934	0.00412288
14.88924026	0.00447011
14.90116119	0.00401375
14.91308212	0.00327598
14.92500305	0.00218556
14.93692398	0.00101096
14.94884491	0.00066471
14.96076584	0.00238858
14.97268677	0.01085222
14.98460770	0.01996678
14.99652863	0.02257800
15.00844955	0.02303721
15.02037048	0.01896934
15.03229141	0.00874082
15.04421234	0.00223890
15.05613327	0.00105983
15.06805420	0.00147974
15.07997513	0.00236240
15.09189606	0.00261236
15.10381699	0.00263356
15.11573792	0.00251112
15.12765884	0.00246068
15.13957977	0.00268831
15.15150070	0.00227720
15.16342163	0.00190845
15.17534256	0.00129625
15.18726349	0.00042651
15.19918442	0.00084131
15.21110535	0.00195618
15.22302628	0.01060099
15.23494720	0.01961074
15.24686813	0.02185296
15.25878906	0.02197996
15.27070999	0.01773665
15.28263092	0.00767933
15.29455185	0.00151375
15.30647278	0.00065922
15.31839371	0.00136452
15.33031464	0.00247875
15.34223557	0.00317295
15.35415649	0.00377936
15.36607742	0.00406629
15.37799835	0.00402652
15.38991928	0.00396357
15.40184021	0.00352517
15.41376114	0.00311545
15.42568207	0.00238304
15.43760300	0.00133570
15.44952393	0.00096326
15.46144485	0.00240360
15.47336578	0.01074930
15.48528671	0.01926086
15.49720764	0.02146277
15.50912857	0.02172266
15.52104950	0.01747567
15.53297043	0.00777878
15.54489136	0.00193368
15.55681229	0.00089697
15.56873322	0.00132627
15.58065414	0.00225455
15.59257507	0.00267139
15.60449600	0.00304538
15.61641693	0.00301971
15.62833786	0.00274559
15.64025879	0.00286794
15.65217972	0.00279728
15.66410065	0.00314049
15.67602158	0.00312587
15.68794250	0.00236682
15.69986343	0.00199370
15.71178436	0.00215191
15.72370529	0.01036002
15.73562622	0.01861496
15.74754715	0.02065110
15.75946808	0.02094781
15.77138901	0.01670895
15.78330994	0.00732106
15.79523087	0.00180724
15.80715179	0.00077025
15.81907272	0.00161212
15.83099365	0.00295337
15.84291458	0.00362354
15.85483551	0.00385735
15.86675644	0.00368931
15.87867737	0.00327164
15.89059830	0.00286971
15.90251923	0.00229306
15.91444016	0.00220329
15.92636108	0.00206089
15.93828201	0.00165047
15.95020294	0.00164577
15.96212387	0.00241391
15.97404480	0.01024615
15.98596573	0.01821179
15.99788666	0.02031149
16.00980759	0.02044128
16.02172852	0.01581557
16.03364944	0.00641060
16.04557037	0.00106011
16.05749130	0.00027546
16.06941223	0.00139140
16.08133316	0.00264833
16.09325409	0.00334024
16.10517502	0.00356721
16.11709595	0.00303746
16.12901688	0.00223297
16.14093781	0.00181453
16.15285873	0.00140476
16.16477966	0.00145842
16.17670059	0.00161633
16.18862152	0.00143145
16.20054245	0.00126002
16.21246338	0.00136846
16.22438431	0.00922723
16.23630524	0.01635096
16.24822617	0.01809580
16.26014709	0.01840862
16.27206802	0.01413517
16.28398895	0.00554329
16.29590988	0.00127213
16.30783081	0.00119397
16.31975174	0.00192500
16.33167267	0.00304561
16.34359360	0.00345554
16.35551453	0.00358308
16.36743546	0.00332941
16.37935638	0.00263351
16.39127731	0.00234642
16.40319824	0.00206151
16.41511917	0.00197597
16.42704010	0.00158558
16.43896103	0.00114306
16.45088196	0.00090625
16.46280289	0.00194715
16.47472382	0.00975857
16.48664474	0.01662530
16.49856567	0.01840254
16.51048660	0.01844334
16.52240753	0.01362532
16.53432846	0.00477538
16.54624939	0.00084920
16.55817032	0.00143599
16.57009125	0.00085672
16.58201218	0.00165801
16.59393311	0.00254118
16.60585403	0.00296302
16.61777496	0.00295971
16.62969589	0.00239964
16.64161682	0.00189264
16.65353775	0.00155022
16.66545868	0.00152254
16.67737961	0.00162925
16.68930054	0.00179519
16.70122147	0.00189477
16.71314240	0.00153129
16.72506332	0.00865382
16.73698425	0.01523181
16.74890518	0.01664404
16.76082611	0.01634827
16.77274704	0.01181064
16.78466797	0.00376582
16.79658890	0.00050485
16.80850983	0.00100531
16.82043076	0.00050957
16.83235168	0.00157526
16.84427261	0.00247191
16.85619354	0.00283824
16.86811447	0.00256616
16.88003540	0.00214614
16.89195633	0.00182479
16.90387726	0.00140300
16.91579819	0.00155428
16.92771912	0.00171029
16.93964005	0.00157599
16.95156097	0.00131444
16.96348190	0.00233676
16.97540283	0.00930910
16.98732376	0.01518058
16.99924469	0.01621410
17.01116562	0.01561909
17.02308655	0.01112632
17.03500748	0.00379388
17.04692841	0.00104833
17.05884933	0.00076805
17.07077026	0.00057868
17.08269119	0.00200419
17.09461212	0.00284716
17.10653305	0.00313990
17.11845398	0.00239121
17.13037491	0.00112350
17.14229584	0.00059888
17.15421677	0.00034122
17.16613770	0.00046690
17.17805862	0.00097531
17.18997955	0.00123603
17.20190048	0.00138166
17.21382141	0.00193322
17.22574234	0.00816175
17.23766327	0.01340618
17.24958420	0.01444907
17.26150513	0.01409603
17.27342606	0.00955859
17.28534698	0.00239931
17.29726791	0.00117139
17.30918884	0.00134137
17.32110977	0.00100722
17.33303070	0.00223655
17.34495163	0.00321324
17.35687256	0.00355510
17.36879349	0.00321093
17.38071442	0.00240077
17.39263535	0.00174820
17.40455627	0.00152423
17.41647720	0.00188073
17.42839813	0.00209942
17.44031906	0.00217295
17.45223999	0.00237836
17.46416092	0.00185117
17.47608185	0.00731023
17.48800278	0.01239598
17.49992371	0.01366758
17.51184464	0.01335100
17.52376556	0.00901494
17.53568649	0.00268178
17.54760742	0.00143942
17.55952835	0.00117609
17.57144928	0.00026135
17.58337021	0.00193531
17.59529114	0.00271558
17.60721207	0.00270117
17.61913300	0.00213454
17.63105392	0.00126073
17.64297485	0.00077446
17.65489578	0.00070640
17.66681671	0.00126634
17.67873764	0.00200913
17.69065857	0.00258154
17.70257950	0.00272073
17.71450043	0.00122214
17.72642136	0.00582736
17.73834229	0.01058241
17.75026321	0.01187943
17.76218414	0.01182896
17.77410507	0.00795381
17.78602600	0.00185182
17.79794693	0.00127615
17.80986786	0.00140727
17.82178879	0.00066819
17.83370972	0.00202200
17.84563065	0.00317787
17.85755157	0.00367537
17.86947250	0.00305523
17.88139343	0.00161753
17.89331436	0.00067349
17.90523529	0.00057592
17.91715622	0.00117743
17.92907715	0.00184076
17.94099808	0.00233141
17.95291901	0.00249003
17.96483994	0.00114386
17.97676086	0.00512121
17.98868179	0.00863372
18.00060272	0.00928672
18.01252365	0.00903224
18.02444458	0.00564051
18.03636551	0.00119024
18.04828644	0.00190419
18.06020737	0.00165055
18.07212830	0.00033519
18.08404922	0.00121094
18.09597015	0.00210044
18.10789108	0.00250725
18.11981201	0.00196946
18.13173294	0.00080470
18.14365387	0.00034956
18.15557480	0.00051350
18.16749573	0.00078153
18.17941666	0.00147983
18.19133759	0.00219268
18.20325851	0.00206523
18.21517944	0.00088441
18.22710037	0.00527546
18.23902130	0.00859251
18.25094223	0.00921746
18.26286316	0.00885981
18.27478409	0.00551392
18.28670502	0.00126687
18.29862595	0.00099887
18.31054688	0.00086036
18.32246780	0.00060987
18.33438873	0.00170762
18.34630966	0.00239132
18.35823059	0.00244178
18.37015152	0.00189079
18.38207245	0.00091095
18.39399338	0.00070839
18.40591431	0.00071671
18.41783524	0.00051611
18.42975616	0.00131287
18.44167709	0.00228842
18.45359802	0.00239742
18.46551895	0.00116939
18.47743988	0.00435617
18.48936081	0.00742405
18.50128174	0.00821719
18.51320267	0.00767553
18.52512360	0.00448701
18.53704453	0.00137229
18.54896545	0.00184852
18.56088638	0.00142850
18.57280731	0.00029728
18.58472824	0.00151213
18.59664917	0.00254732
18.60857010	0.00273032
18.62049103	0.00202448
18.63241196	0.00104972
18.64433289	0.00081049
18.65625381	0.00055066
18.66817474	0.00053846
18.68009567	0.00145409
18.69201660	0.00238819
18.70393753	0.00265465
18.71585846	0.00139971
18.72777939	0.00284290
18.73970032	0.00531930
18.75162125	0.00583954
18.76354218	0.00547434
18.77546310	0.00311305
18.78738403	0.00165219
18.79930496	0.00248135
18.81122589	0.00201593
18.82314682	0.00098509
18.83506775	0.00149514
18.84698868	0.00219124
18.85890961	0.00203081
18.87083054	0.00114350
18.88275146	0.00094673
18.89467239	0.00130525
18.90659332	0.00092959
18.91851425	0.00031238
18.93043518	0.00154859
18.94235611	0.00239216
18.95427704	0.00238204
18.96619797	0.00106191
18.97811890	0.00257655
18.99003983	0.00453070
19.00196075	0.00499136
19.01388168	0.00455026
19.02580261	0.00231642
19.03772354	0.00099686
19.04964447	0.00151038
19.06156540	0.00105342
19.07348633	0.00056558
19.08540726	0.00197833
19.09732819	0.00271759
19.10924911	0.00276395
19.12117004	0.00194713
19.13309097	0.00160572
19.14501190	0.00218028
19.15693283	0.00202095
19.16885376	0.00125733
19.18077469	0.00130310
19.19269562	0.00196224
19.20461655	0.00168441
19.21653748	0.00063106
19.22845840	0.00272211
19.24037933	0.00454954
19.25230026	0.00491235
19.26422119	0.00440767
19.27614212	0.00260173
19.28806305	0.00155206
19.29998398	0.00178186
19.31190491	0.00120416
19.32382584	0.00068678
19.33574677	0.00213764
19.34766769	0.00287386
19.35958862	0.00263206
19.37150955	0.00111661
19.38343048	0.00208108
19.39535141	0.00316612
19.40727234	0.00316801
19.41919327	0.00221112
19.43111420	0.00074722
19.44303513	0.00181449
19.45495605	0.00238834
19.46687698	0.00197988
19.47879791	0.00112992
19.49071884	0.00193925
19.50263977	0.00233814
19.51456070	0.00193092
19.52648163	0.00059290
19.53840256	0.00161827
19.55032349	0.00248620
19.56224442	0.00236562
19.57416534	0.00152926
19.58608627	0.00164227
19.59800720	0.00235449
19.60992813	0.00244925
19.62184906	0.00142865
19.63376999	0.00066533
19.64569092	0.00160493
19.65761185	0.00166959
19.66953278	0.00102341
19.68145370	0.00081318
19.69337463	0.00255047
19.70529556	0.00317498
19.71721649	0.00279234
19.72913742	0.00187661
19.74105835	0.00118080
19.75297928	0.00075058
19.76490021	0.00016588
19.77682114	0.00148962
19.78874207	0.00281645
19.80066299	0.00329883
19.81258392	0.00278533
19.82450485	0.00138107
19.83642578	0.00042775
19.84834671	0.00119760
19.86026764	0.00135440
19.87218857	0.00093387
19.88410950	0.00193365
19.89603043	0.00260117
19.90795135	0.00220584
19.91987228	0.00095233
19.93179321	0.00111900
19.94371414	0.00251737
19.95563507	0.00288346
19.96755600	0.00241789
19.97947693	0.00156639
19.99139786	0.00094157
20.00331879	0.00056816
20.01523972	0.00102898
20.02716064	0.00182752
20.03908157	0.00271924
20.05100250	0.00299331
20.06292343	0.00235499
20.07484436	0.00109293
20.08676529	0.00030523
20.09868622	0.00094953
20.11060715	0.00119006
20.12252808	0.00119767
20.13444901	0.00262813
20.14636993	0.00329561
20.15829086	0.00296161
20.17021179	0.00202778
20.18213272	0.00089567
20.19405365	0.00169557
20.20597458	0.00202136
20.21789551	0.00168222
20.22981644	0.00131732
20.24173737	0.00100597
20.25365829	0.00084400
20.26557922	0.00117300
20.27750015	0.00141550
20.28942108	0.00184771
20.30134201	0.00187503
20.31326294	0.00131092
20.32518387	0.00090502
20.33710480	0.00091790
20.34902573	0.00101084
20.36094666	0.00075797
20.37286758	0.00064813
20.38478851	0.00238931
20.39670944	0.00305340
20.40863037	0.00281251
20.42055130	0.00191019
20.43247223	0.00110227
20.44439316	0.00211803
20.45631409	0.00274977
20.46823502	0.00304237
20.48015594	0.00353106
20.49207687	0.00356235
20.50399780	0.00339829
20.51591873	0.00343912
20.52783966	0.00306031
20.53976059	0.00274981
20.55168152	0.00242287
20.56360245	0.00156613
20.57552338	0.00059652
20.58744431	0.00160303
20.59936523	0.00208330
20.61128616	0.00174162
20.62320709	0.00145923
20.63512802	0.00275491
20.64704895	0.00331286
20.65896988	0.00290968
20.67089081	0.00173217
20.68281174	0.00054123
20.69473267	0.00181849
20.70665359	0.00224925
20.71857452	0.00303571
20.73049545	0.00426886
20.74241638	0.00430098
20.75433731	0.00394757
20.76625824	0.00365663
20.77817917	0.00255370
20.79010010	0.00188520
20.80202103	0.00170695
20.81394196	0.00122690
20.82586288	0.00027523
20.83778381	0.00073772
20.84970474	0.00131398
20.86162567	0.00112304
20.87354660	0.00076956
20.88546753	0.00262095
20.89738846	0.00339912
20.90930939	0.00325274
20.92123032	0.00228694
20.93315125	0.00050231
20.94507217	0.00070233
20.95699310	0.00110553
20.96891403	0.00220785
20.98083496	0.00412555
20.99275589	0.00481481
21.00467682	0.00482720
21.01659775	0.00471232
21.02851868	0.00322568
21.04043961	0.00210599
21.05236053	0.00177836
21.06428146	0.00121613
21.07620239	0.00052617
21.08812332	0.00055237
21.10004425	0.00053188
21.11196518	0.00095082
21.12388611	0.00285179
21.13580704	0.00471640
21.14772797	0.00499761
21.15964890	0.00437997
21.17156982	0.00301589
21.18349075	0.00107626
21.19541168	0.00117176
21.20733261	0.00157557
21.21925354	0.00311334
21.23117447	0.00556767
21.24309540	0.00655397
21.25501633	0.00686403
21.26693726	0.00693052
21.27885818	0.00520871
21.29077911	0.00345550
21.30270004	0.00271005
21.31462097	0.00196794
21.32654190	0.00110862
21.33846283	0.00048554
21.35038376	0.00049193
21.36230469	0.00033815
21.37422562	0.00145094
21.38614655	0.00300715
21.39806747	0.00324949
21.40998840	0.00298336
21.42190933	0.00216409
21.43383026	0.00171939
21.44575119	0.00219127
21.45767212	0.00211317
21.46959305	0.00374470
21.48151398	0.00655859
21.49343491	0.00746168
21.50535583	0.00758202
21.51727676	0.00744716
21.52919769	0.00533060
21.54111862	0.00360298
21.55303955	0.00329115
21.56496048	0.00277853
21.57688141	0.00161521
21.58880234	0.00033843
21.60072327	0.00034944
21.61264420	0.00075607
21.62456512	0.00204913
21.63648605	0.00358272
21.64840698	0.00371016
21.66032791	0.00294780
21.67224884	0.00152913
21.68416977	0.00095337
21.69609070	0.00240057
21.70801163	0.00285978
21.71993256	0.00470784
21.73185349	0.00769209
21.74377441	0.00849288
21.75569534	0.00848800
21.76761627	0.00805634
21.77953720	0.00547645
21.79145813	0.00342012
21.80337906	0.00288243
21.81529999	0.00244491
21.82722092	0.00174071
21.83914185	0.00112098
21.85106277	0.00076243
21.86298370	0.00032773
21.87490463	0.00148572
21.88682556	0.00359936
21.89874649	0.00424648
21.91066742	0.00388299
21.92258835	0.00249436
21.93450928	0.00035822
21.94643021	0.00160266
21.95835114	0.00229771
21.97027206	0.00473548
21.98219299	0.00845254
21.99411392	0.00980580
22.00603485	0.01005816
22.01795578	0.00931834
22.02987671	0.00569569
22.04179764	0.00270347
22.05371857	0.00186210
22.06563950	0.00151433
22.07756042	0.00090564
22.08948135	0.00020014
22.10140228	0.00011675
22.11332321	0.00025719
22.12524414	0.00171308
22.13716507	0.00344371
22.14908600	0.00390065
22.16100693	0.00372167
22.17292786	0.00283494
22.18484879	0.00092303
22.19676971	0.00062741
22.20869064	0.00141029
22.22061157	0.00447050
22.23253250	0.00890304
22.24445343	0.01029860
22.25637436	0.01047528
22.26829529	0.00976261
22.28021622	0.00599646
22.29213715	0.00307939
22.30405807	0.00257641
22.31597900	0.00243648
22.32789993	0.00191320
22.33982086	0.00088621
22.35174179	0.00035345
22.36366272	0.00028823
22.37558365	0.00139896
22.38750458	0.00316106
22.39942551	0.00351325
22.41134644	0.00317094
22.42326736	0.00210436
22.43518829	0.00091433
22.44710922	0.00181108
22.45903015	0.00244992
22.47095108	0.00567379
22.48287201	0.00971577
22.49479294	0.01069175
22.50671387	0.01094648
22.51863480	0.01022236
22.53055573	0.00628965
22.54247665	0.00349948
22.55439758	0.00311393
22.56631851	0.00275640
22.57823944	0.00212314
22.59016037	0.00143248
22.60208130	0.00109243
22.61400223	0.00129137
22.62592316	0.00264726
22.63784409	0.00452155
22.64976501	0.00506252
22.66168594	0.00486383
22.67360687	0.00383852
22.68552780	0.00189145
22.69744873	0.00055973
22.70936966	0.00057087
22.72129059	0.00457550
22.73321152	0.00952832
22.74513245	0.01110664
22.75705338	0.01134836
22.76897430	0.01006832
22.78089523	0.00563361
22.79281616	0.00259936
22.80473709	0.00205028
22.81665802	0.00213430
22.82857895	0.00219795
22.84049988	0.00186941
22.85242081	0.00190711
22.86434174	0.00268023
22.87626266	0.00422488
22.88818359	0.00569415
22.90010452	0.00563587
22.91202545	0.00470576
22.92394638	0.00298228
22.93586731	0.00077108
22.94778824	0.00061223
22.95970917	0.00149329
22.97163010	0.00522544
22.98355103	0.00986013
22.99547195	0.01129720
23.00739288	0.01156413
23.01931381	0.01026073
23.03123474	0.00594106
23.04315567	0.00327439
23.05507660	0.00263168
23.06699753	0.00222538
23.07891846	0.00194661
23.09083939	0.00154436
23.10276031	0.00152015
23.11468124	0.00214823
23.12660217	0.00347092
23.13852310	0.00472390
23.15044403	0.00488759
23.16236496	0.00453256
23.17428589	0.00335261
23.18620682	0.00150912
23.19812775	0.00078277
23.21004868	0.00157767
23.22196960	0.00563480
23.23389053	0.01046233
23.24581146	0.01185239
23.25773239	0.01213837
23.26965332	0.01056167
23.28157425	0.00553728
23.29349518	0.00206116
23.30541611	0.00111881
23.31733704	0.00096200
23.32925797	0.00108529
23.34117889	0.00105240
23.35309982	0.00117047
23.36502075	0.00188574
23.37694168	0.00340277
23.38886261	0.00463614
23.40078354	0.00460761
23.41270447	0.00422900
23.42462540	0.00298028
23.43654633	0.00102557
23.44846725	0.00056405
23.46038818	0.00145527
23.47230911	0.00578538
23.48423004	0.01092953
23.49615097	0.01258877
23.50807190	0.01319731
23.51999283	0.01179127
23.53191376	0.00688583
23.54383469	0.00367472
23.55575562	0.00280035
23.56767654	0.00257963
23.57959747	0.00234499
23.59151840	0.00181370
23.60343933	0.00173302
23.61536026	0.00211852
23.62728119	0.00324738
23.63920212	0.00454404
23.65112305	0.00464471
23.66304398	0.00432470
23.67496490	0.00324686
23.68688583	0.00122889
23.69880676	0.00009955
23.71072769	0.00134400
23.72264862	0.00620503
23.73456955	0.01159497
23.74649048	0.01304899
23.75841141	0.01341115
23.77033234	0.01158358
23.78225327	0.00594233
23.79417419	0.00227400
23.80609512	0.00131924
23.81801605	0.00135440
23.82993698	0.00173311
23.84185791	0.00174547
23.85377884	0.00198177
23.86569977	0.00267864
23.87762070	0.00392714
23.88954163	0.00476990
23.90146255	0.00442880
23.91338348	0.00399213
23.92530441	0.00296593
23.93722534	0.00124512
23.94914627	0.00054916
23.96106720	0.00178978
23.97298813	0.00685235
23.98490906	0.01224609
23.99682999	0.01350293
24.00875092	0.01339007
24.02067184	0.01085258
24.03259277	0.00500780
24.04451370	0.00169580
24.05643463	0.00108919
24.06835556	0.00139129
24.08027649	0.00161873
24.09219742	0.00143836
24.10411835	0.00160188
24.11603928	0.00203666
24.12796021	0.00310059
24.13988113	0.00419291
24.15180206	0.00429388
24.16372299	0.00414873
24.17564392	0.00328511
24.18756485	0.00168451
24.19948578	0.00090441
24.21140671	0.00074818
24.22332764	0.00624703
24.23524857	0.01205096
24.24716949	0.01381778
24.25909042	0.01421888
24.27101135	0.01181597
24.28293228	0.00589081
24.29485321	0.00225228
24.30677414	0.00142815
24.31869507	0.00145285
24.33061600	0.00183835
24.34253693	0.00190375
24.35445786	0.00215626
24.36637878	0.00284113
24.37829971	0.00392126
24.39022064	0.00473932
24.40214157	0.00451648
24.41406250	0.00407536
24.42598343	0.00288177
24.43790436	0.00110381
24.44982529	0.00035124
24.46174622	0.00162804
24.47366714	0.00697516
24.48558807	0.01225951
24.49750900	0.01380292
24.50942993	0.01413180
24.52135086	0.01131471
24.53327179	0.00494949
24.54519272	0.00115130
24.55711365	0.00054570
24.56903458	0.00121909
24.58095551	0.00203792
24.59287643	0.00202279
24.60479736	0.00182854
24.61671829	0.00194221
24.62863922	0.00281054
24.64056015	0.00367534
24.65248108	0.00351077
24.66440201	0.00328072
24.67632294	0.00236877
24.68824387	0.00090665
24.70016479	0.00044454
24.71208572	0.00134000
24.72400665	0.00692630
24.73592758	0.01213761
24.74784851	0.01346727
24.75976944	0.01378943
24.77169037	0.01102945
24.78361130	0.00489824
24.79553223	0.00141987
24.80745316	0.00077292
24.81937408	0.00108024
24.83129501	0.00163850
24.84321594	0.00183408
24.85513687	0.00195625
24.86705780	0.00196502
24.87897873	0.00264947
24.89089966	0.00337510
24.90282059	0.00329876
24.91474152	0.00342110
24.92666245	0.00279406
24.93858337	0.00134905
24.95050430	0.00071893
24.96242523	0.00127114
24.97434616	0.00684671
24.98626709	0.01199125
24.99818802	0.01323276
25.01010895	0.01336099
25.02202988	0.01033467
25.03395081	0.00424034
25.04587173	0.00123383
25.05779266	0.00089875
25.06971359	0.00159022
25.08163452	0.00248151
25.09355545	0.00292157
25.10547638	0.00337478
25.11739731	0.00366574
25.12931824	0.00419178
25.14123917	0.00460752
25.15316010	0.00418312
25.16508102	0.00361358
25.17700195	0.00238701
25.18892288	0.00067725
25.20084381	0.00021747
25.21276474	0.00168090
25.22468567	0.00695705
25.23660660	0.01181138
25.24852753	0.01301440
25.26044846	0.01332281
25.27236938	0.01048406
25.28429031	0.00458480
25.29621124	0.00174038
25.30813217	0.00147648
25.32005310	0.00215928
25.33197403	0.00298123
25.34389496	0.00329092
25.35581589	0.00331053
25.36773682	0.00326657
25.37965775	0.00362914
25.39157867	0.00390924
25.40349960	0.00359408
25.41542053	0.00342958
25.42734146	0.00278675
25.43926239	0.00192102
25.45118332	0.00170450
25.46310425	0.00155716
25.47502518	0.00631999
25.48694611	0.01103348
25.49886703	0.01223145
25.51078796	0.01240452
25.52270889	0.00929440
25.53462982	0.00345580
25.54655075	0.00118444
25.55847168	0.00106847
25.57039261	0.00059010
25.58231354	0.00114903
25.59423447	0.00185310
25.60615540	0.00271225
25.61807632	0.00306669
25.62999725	0.00355783
25.64191818	0.00397614
25.65383911	0.00362293
25.66576004	0.00337068
25.67768097	0.00248750
25.68960190	0.00109646
25.70152283	0.00051889
25.71344376	0.00186041
25.72536469	0.00722326
25.73728561	0.01184005
25.74920654	0.01299959
25.76112747	0.01315534
25.77304840	0.01001128
25.78496933	0.00416567
25.79689026	0.00093702
25.80881119	0.00021306
25.82073212	0.00096978
25.83265305	0.00189902
25.84457397	0.00272992
25.85649490	0.00334557
25.86841583	0.00358981
25.88033676	0.00384615
25.89225769	0.00379506
25.90417862	0.00325117
25.91609955	0.00300683
25.92802048	0.00247650
25.93994141	0.00169985
25.95186234	0.00136689
25.96378326	0.00099741
25.97570419	0.00660744
25.98762512	0.01151346
25.99954605	0.01262089
26.01146698	0.01247859
26.02338791	0.00897824
26.03530884	0.00295291
26.04722977	0.00024309
26.05915070	0.00038969
26.07107162	0.00088281
26.08299255	0.00185935
26.09491348	0.00255451
26.10683441	0.00302669
26.11875534	0.00300858
26.13067627	0.00311980
26.14259720	0.00296060
26.15451813	0.00250309
26.16643906	0.00247235
26.17835999	0.00217134
26.19028091	0.00150436
26.20220184	0.00136686
26.21412277	0.00170011
26.22604370	0.00650311
26.23796463	0.01060414
26.24988556	0.01141800
26.26180649	0.01118888
26.27372742	0.00774642
26.28564835	0.00216037
26.29756927	0.00060888
26.30949020	0.00086589
26.32141113	0.00039245
26.33333206	0.00130602
26.34525299	0.00203658
26.35717392	0.00266399
26.36909485	0.00292621
26.38101578	0.00288655
26.39293671	0.00265515
26.40485764	0.00220049
26.41677856	0.00206976
26.42869949	0.00161085
26.44062042	0.00106450
26.45254135	0.00098239
26.46446228	0.00151040
26.47638321	0.00640896
26.48830414	0.01026233
26.50022507	0.01095007
26.51214600	0.01077424
26.52406693	0.00750761
26.53598785	0.00261575
26.54790878	0.00110844
26.55982971	0.00078375
26.57175064	0.00111217
26.58367157	0.00241582
26.59559250	0.00306629
26.60751343	0.00325841
26.61943436	0.00286735
26.63135529	0.00236391
26.64327621	0.00202385
26.65519714	0.00170400
26.66711807	0.00196498
26.67903900	0.00214180
26.69095993	0.00220148
26.70288086	0.00243085
26.71480179	0.00162293
26.72672272	0.00503538
26.73864365	0.00888168
26.75056458	0.01004116
26.76248550	0.01029863
26.77440643	0.00735173
26.78632736	0.00253430
26.79824829	0.00044975
26.81016922	0.00014210
26.82209015	0.00130904
26.83401108	0.00249490
26.84593201	0.00313765
26.85785294	0.00331983
26.86977386	0.00271782
26.88169479	0.00192573
26.89361572	0.00158839
26.90553665	0.00139976
26.91745758	0.00156095
26.92937851	0.00156919
26.94129944	0.00149682
26.95322037	0.00141401
26.96514130	0.00078160
26.97706223	0.00529312
26.98898315	0.00865702
27.00090408	0.00949443
27.01282501	0.00943232
27.02474594	0.00645721
27.03666687	0.00225181
27.04858780	0.00149697
27.06050873	0.00144305
27.07242966	0.00106761
27.08435059	0.00147310
27.09627151	0.00200398
27.10819244	0.00256979
27.12011337	0.00235674
27.13203430	0.00161405
27.14395523	0.00123656
27.15587616	0.00099446
27.16779709	0.00126442
27.17971802	0.00154398
27.19163895	0.00180151
27.20355988	0.00219784
27.21548080	0.00180114
27.22740173	0.00566672
27.23932266	0.00925225
27.25124359	0.01029978
27.26316452	0.01023485
27.27508545	0.00690840
27.28700638	0.00214498
27.29892731	0.00057927
27.31084824	0.00068167
27.32276917	0.00098377
27.33469009	0.00164768
27.34661102	0.00190451
27.35853195	0.00203839
27.37045288	0.00194743
27.38237381	0.00168760
27.39429474	0.00145704
27.40621567	0.00130829
27.41813660	0.00135432
27.43005753	0.00138113
27.44197845	0.00153317
27.45389938	0.00157118
27.46582031	0.00117010
27.47774124	0.00495987
27.48966217	0.00807119
27.50158310	0.00892421
27.51350403	0.00865675
27.52542496	0.00559581
27.53734589	0.00142454
27.54926682	0.00089144
27.56118774	0.00070717
27.57310867	0.00092907
27.58502960	0.00244535
27.59695053	0.00347861
27.60887146	0.00396464
27.62079239	0.00349305
27.63271332	0.00224675
27.64463425	0.00132887
27.65655518	0.00094905
27.66847610	0.00128015
27.68039703	0.00200279
27.69231796	0.00247782
27.70423889	0.00256362
27.71615982	0.00182090
27.72808075	0.00419828
27.74000168	0.00710893
27.75192261	0.00791887
27.76384354	0.00772573
27.77576447	0.00480592
27.78768539	0.00083560
27.79960632	0.00140956
27.81152725	0.00177283
27.82344818	0.00106083
27.83536911	0.00156019
27.84729004	0.00238326
27.85921097	0.00288279
27.87113190	0.00252220
27.88305283	0.00141893
27.89497375	0.00070749
27.90689468	0.00046423
27.91881561	0.00073444
27.93073654	0.00133585
27.94265747	0.00197784
27.95457840	0.00195132
27.96649933	0.00076068
27.97842026	0.00409868
27.99034119	0.00689018
28.00226212	0.00766811
28.01418304	0.00720594
28.02610397	0.00440012
28.03802490	0.00137411
28.04994583	0.00157973
28.06186676	0.00119423
28.07378769	0.00086100
28.08570862	0.00243382
28.09762955	0.00333881
28.10955048	0.00343356
28.12147141	0.00237607
28.13339233	0.00058935
28.14531326	0.00056427
28.15723419	0.00079494
28.16915512	0.00068683
28.18107605	0.00131605
28.19299698	0.00208474
28.20491791	0.00220074
28.21683884	0.00087873
28.22875977	0.00292103
28.24068069	0.00516891
28.25260162	0.00579240
28.26452255	0.00527141
28.27644348	0.00261262
28.28836441	0.00080829
28.30028534	0.00172193
28.31220627	0.00130995
28.32412720	0.00004075
28.33604813	0.00142102
28.34796906	0.00227053
28.35988998	0.00248274
28.37181091	0.00171508
28.38373184	0.00084737
28.39565277	0.00094355
28.40757370	0.00080150
28.41949463	0.00053360
28.43141556	0.00154502
28.44333649	0.00240142
28.45525742	0.00252673
28.46717834	0.00174386
28.47909927	0.00298036
28.49102020	0.00475974
28.50294113	0.00534502
28.51486206	0.00502380
28.52678299	0.00288206
28.53870392	0.00097350
28.55062485	0.00127383
28.56254578	0.00090297
28.57446671	0.00118597
28.58638763	0.00261867
28.59830856	0.00333497
28.61022949	0.00310573
28.62215042	0.00175952
28.63407135	0.00050941
28.64599228	0.00139135
28.65791321	0.00133404
28.66983414	0.00090062
28.68175507	0.00220317
28.69367599	0.00325041
28.70559692	0.00301656
28.71751785	0.00142520
28.72943878	0.00161202
28.74135971	0.00377396
28.75328064	0.00438613
28.76520157	0.00387656
28.77712250	0.00175833
28.78904343	0.00071063
28.80096436	0.00154572
28.81288528	0.00151193
28.82480621	0.00170073
28.83672714	0.00269429
28.84864807	0.00327073
28.86056900	0.00284420
28.87248993	0.00123754
28.88441086	0.00072357
28.89633179	0.00169367
28.90825272	0.00160645
28.92017365	0.00075027
28.93209457	0.00060079
28.94401550	0.00182707
28.95593643	0.00218164
28.96785736	0.00113864
28.97977829	0.00146179
28.99169922	0.00264832
29.00362015	0.00301112
29.01554108	0.00246969
29.02746201	0.00121107
29.03938293	0.00215130
29.05130386	0.00243085
29.06322479	0.00149815
29.07514572	0.00033670
29.08706665	0.00206407
29.09898758	0.00298727
29.11090851	0.00299656
29.12282944	0.00194220
29.13475037	0.00114119
29.14667130	0.00148844
29.15859222	0.00151183
29.17051315	0.00103137
29.18243408	0.00128501
29.19435501	0.00226404
29.20627594	0.00239259
29.21819687	0.00167303
29.23011780	0.00062543
29.24203873	0.00144639
29.25395966	0.00195717
29.26588058	0.00188799
29.27780151	0.00123905
29.28972244	0.00178135
29.30164337	0.00169499
29.31356430	0.00078535
29.32548523	0.00043202
29.33740616	0.00160299
29.34932709	0.00207012
29.36124802	0.00164587
29.37316895	0.00087590
29.38508987	0.00180166
29.39701080	0.00230017
29.40893173	0.00170814
29.42085266	0.00047003
29.43277359	0.00125934
29.44469452	0.00265300
29.45661545	0.00292995
29.46853638	0.00210593
29.48045731	0.00108853
29.49237823	0.00109775
29.50429916	0.00088110
29.51622009	0.00020602
29.52814102	0.00117947
29.54006195	0.00232326
29.55198288	0.00229447
29.56390381	0.00150116
29.57582474	0.00036692
29.58774567	0.00083871
29.59966660	0.00133791
29.61158752	0.00108325
29.62350845	0.00133344
29.63542938	0.00295542
29.64735031	0.00366363
29.65927124	0.00340661
29.67119217	0.00215522
29.68311310	0.00068317
29.69503403	0.00144520
29.70695496	0.00158845
29.71887589	0.00085679
29.73079681	0.00025164
29.74271774	0.00085123
29.75463867	0.00093680
29.76655960	0.00052292
29.77848053	0.00097521
29.79040146	0.00210313
29.80232239	0.00231346
29.81424332	0.00168908
29.82616425	0.00025159
29.83808517	0.00144248
29.85000610	0.00230118
29.86192703	0.00215879
29.87384796	0.00117926
29.88576889	0.00227938
29.89768982	0.00299667
29.90961075	0.00284286
29.92153168	0.00172818
29.93345261	0.00092389
29.94537354	0.00214332
29.95729446	0.00237446
29.96921539	0.00197299
29.98113632	0.00140299
29.99305725	0.00071732
30.00497818	0.00046647
30.01689911	0.00066187
30.02882004	0.00142649
30.04074097	0.00226813
30.05266190	0.00249942
30.06458282	0.00179045
30.07650375	0.00092144
30.08842468	0.00183928
30.10034561	0.00249283
30.11226654	0.00220751
30.12418747	0.00095502
30.13610840	0.00224128
30.14802933	0.00292818
30.15995026	0.00235190
30.17187119	0.00089748
30.18379211	0.00166782
30.19571304	0.00324175
30.20763397	0.00347982
30.21955490	0.00292757
30.23147583	0.00224195
30.24339676	0.00154560
30.25531769	0.00129888
30.26723862	0.00153562
30.27915955	0.00195784
30.29108047	0.00255952
30.30300140	0.00266912
30.31492233	0.00206600
30.32684326	0.00084424
30.33876419	0.00041318
30.35068512	0.00099652
30.36260605	0.00084570
30.37452698	0.00113354
30.38644791	0.00292826
30.39836884	0.00363751
30.41028976	0.00356526
30.42221069	0.00252756
30.43413162	0.00150676
30.44605255	0.00213721
30.45797348	0.00232145
30.46989441	0.00244139
30.48181534	0.00234164
30.49373627	0.00202296
30.50565720	0.00212806
30.51757813	0.00245670
30.52949905	0.00241986
30.54141998	0.00250375
30.55334091	0.00243235
30.56526184	0.00181032
30.57718277	0.00083469
30.58910370	0.00120105
30.60102463	0.00151337
30.61294556	0.00079026
30.62486649	0.00147271
30.63678741	0.00378778
30.64870834	0.00442347
30.66062927	0.00397651
30.67255020	0.00240611
30.68447113	0.00041886
30.69639206	0.00158630
30.70831299	0.00190774
30.72023392	0.00223803
30.73215485	0.00302225
30.74407578	0.00324662
30.75599670	0.00335082
30.76791763	0.00345762
30.77983856	0.00281548
30.79175949	0.00257290
30.80368042	0.00241998
30.81560135	0.00187333
30.82752228	0.00100196
30.83944321	0.00015563
30.85136414	0.00055925
30.86328506	0.00057357
30.87520599	0.00194574
30.88712692	0.00377607
30.89904785	0.00410794
30.91096878	0.00355106
30.92288971	0.00224508
30.93481064	0.00078535
30.94673157	0.00153324
30.95865250	0.00154198
30.97057343	0.00196850
30.98249435	0.00291742
30.99441528	0.00286925
31.00633621	0.00284575
31.01825714	0.00303037
31.03017807	0.00244449
31.04209900	0.00244476
31.05401993	0.00237439
31.06594086	0.00179330
31.07786179	0.00071154
31.08978271	0.00056511
31.10170364	0.00117718
31.11362457	0.00103233
31.12554550	0.00229417
31.13746643	0.00432906
31.14938736	0.00475989
31.16130829	0.00436664
31.17322922	0.00313050
31.18515015	0.00118766
31.19707108	0.00107489
31.20899200	0.00128694
31.22091293	0.00252072
31.23283386	0.00423451
31.24475479	0.00486087
31.25667572	0.00520981
31.26859665	0.00526567
31.28051758	0.00419270
31.29243851	0.00347435
31.30435944	0.00315299
31.31628036	0.00255237
31.32820129	0.00152269
31.34012222	0.00045098
31.35204315	0.00052274
31.36396408	0.00053049
31.37588501	0.00173733
31.38780594	0.00377824
31.39972687	0.00417782
31.41164780	0.00374658
31.42356873	0.00253279
31.43548965	0.00072218
31.44741058	0.00162587
31.45933151	0.00199060
31.47125244	0.00320990
31.48317337	0.00491518
31.49509430	0.00527274
31.50701523	0.00533628
31.51893616	0.00514966
31.53085709	0.00381569
31.54277802	0.00289872
31.55469894	0.00261229
31.56661987	0.00221451
31.57854080	0.00137910
31.59046173	0.00066750
31.60238266	0.00062177
31.61430359	0.00064956
31.62622452	0.00263208
31.63814545	0.00463042
31.65006638	0.00498648
31.66198730	0.00437575
31.67390823	0.00289684
31.68582916	0.00150654
31.69775009	0.00193533
31.70967102	0.00218769
31.72159195	0.00366670
31.73351288	0.00568462
31.74543381	0.00609866
31.75735474	0.00603344
31.76927567	0.00569274
31.78119659	0.00413385
31.79311752	0.00339792
31.80503845	0.00328829
31.81695938	0.00293649
31.82888031	0.00203384
31.84080124	0.00093232
31.85272217	0.00051873
31.86464310	0.00111946
31.87656403	0.00298359
31.88848495	0.00480430
31.90040588	0.00491969
31.91232681	0.00416964
31.92424774	0.00259672
31.93616867	0.00041276
31.94808960	0.00113127
31.96001053	0.00153811
31.97193146	0.00349536
31.98385239	0.00593991
31.99577332	0.00668423
32.00769424	0.00714373
32.01961517	0.00682097
32.03153610	0.00448474
32.04345703	0.00280576
32.05537796	0.00231675
32.06729889	0.00177966
32.07921982	0.00116772
32.09114075	0.00065093
32.10306168	0.00069071
32.11498260	0.00090379
32.12690353	0.00269513
32.13882446	0.00464709
32.15074539	0.00511453
32.16266632	0.00475839
32.17458725	0.00317146
32.18650818	0.00065362
32.19842911	0.00088494
32.21035004	0.00142749
32.22227097	0.00369793
32.23419189	0.00628884
32.24611282	0.00697065
32.25803375	0.00744422
32.26995468	0.00690458
32.28187561	0.00464147
32.29379654	0.00342926
32.30571747	0.00279408
32.31763840	0.00243392
32.32955933	0.00217978
32.34148026	0.00157955
32.35340118	0.00138218
32.36532211	0.00187503
32.37724304	0.00342220
32.38916397	0.00497650
32.40108490	0.00505366
32.41300583	0.00462563
32.42492676	0.00313136
32.43684769	0.00070705
32.44876862	0.00116737
32.46068954	0.00181163
32.47261047	0.00415774
32.48453140	0.00680707
32.49645233	0.00732841
32.50837326	0.00741219
32.52029419	0.00663796
32.53221512	0.00407041
32.54413605	0.00262542
32.55605698	0.00224076
32.56797791	0.00192185
32.57989883	0.00145122
32.59181976	0.00087584
32.60374069	0.00079476
32.61566162	0.00159993
32.62758255	0.00359439
32.63950348	0.00539245
32.65142441	0.00566376
32.66334534	0.00535316
32.67526627	0.00393013
32.68718719	0.00149484
32.69910812	0.00085563
32.71102905	0.00185959
32.72294998	0.00472798
32.73487091	0.00748091
32.74679184	0.00801037
32.75871277	0.00822478
32.77063370	0.00721827
32.78255463	0.00450487
32.79447556	0.00338584
32.80639648	0.00326171
32.81831741	0.00320483
32.83023834	0.00299413
32.84215927	0.00225269
32.85408020	0.00155060
32.86600113	0.00142233
32.87792206	0.00305701
32.88984299	0.00490519
32.90176392	0.00500827
32.91368484	0.00429098
32.92560577	0.00248590
32.93752670	0.00033437
32.94944763	0.00128120
32.96136856	0.00177585
32.97328949	0.00436192
32.98521042	0.00729701
32.99713135	0.00807526
33.00905228	0.00859274
33.02097321	0.00796447
33.03289413	0.00515180
33.04481506	0.00346365
33.05673599	0.00291595
33.06865692	0.00248713
33.08057785	0.00210920
33.09249878	0.00147523
33.10441971	0.00098280
33.11634064	0.00140338
33.12826157	0.00333466
33.14018250	0.00515557
33.15210342	0.00528104
33.16402435	0.00482144
33.17594528	0.00317526
33.18786621	0.00075396
33.19978714	0.00043714
33.21170807	0.00111156
33.22362900	0.00442842
33.23554993	0.00779993
33.24747086	0.00867044
33.25939178	0.00897779
33.27131271	0.00766657
33.28323364	0.00428518
33.29515457	0.00258577
33.30707550	0.00233479
33.31899643	0.00225824
33.33091736	0.00206034
33.34283829	0.00166269
33.35475922	0.00140942
33.36668015	0.00190869
33.37860107	0.00360235
33.39052200	0.00504657
33.40244293	0.00500204
33.41436386	0.00466386
33.42628479	0.00340928
33.43820572	0.00119948
33.45012665	0.00016315
33.46204758	0.00112211
33.47396851	0.00470818
33.48588943	0.00837119
33.49781036	0.00930925
33.50973129	0.00952569
33.52165222	0.00796334
33.53357315	0.00418584
33.54549408	0.00218317
33.55741501	0.00196706
33.56933594	0.00210355
33.58125687	0.00199549
33.59317780	0.00165537
33.60509872	0.00181810
33.61701965	0.00254330
33.62894058	0.00411492
33.64086151	0.00510544
33.65278244	0.00468792
33.66470337	0.00405637
33.67662430	0.00247521
33.68854523	0.00053564
33.70046616	0.00023087
33.71238708	0.00100961
33.72430801	0.00463129
33.73622894	0.00842322
33.74814987	0.00964590
33.76007080	0.00991652
33.77199173	0.00822421
33.78391266	0.00423659
33.79583359	0.00175150
33.80775452	0.00111699
33.81967545	0.00134779
33.83159637	0.00166233
33.84351730	0.00172749
33.85543823	0.00179407
33.86735916	0.00231196
33.87928009	0.00370384
33.89120102	0.00490978
33.90312195	0.00483115
33.91504288	0.00450267
33.92696381	0.00328754
33.93888474	0.00144926
33.95080566	0.00066396
33.96272659	0.00094966
33.97464752	0.00448412
33.98656845	0.00826956
33.99848938	0.00967918
34.01041031	0.01026254
34.02233124	0.00837127
34.03425217	0.00403282
34.04617310	0.00146581
34.05809402	0.00076478
34.07001495	0.00103621
34.08193588	0.00169198
34.09385681	0.00229773
34.10577774	0.00284005
34.11769867	0.00346787
34.12961960	0.00497473
34.14154053	0.00594112
34.15346146	0.00545787
34.16538239	0.00497004
34.17730331	0.00370214
34.18922424	0.00165982
34.20114517	0.00083008
34.21306610	0.00197804
34.22498703	0.00624711
34.23690796	0.01010679
34.24882889	0.01109792
34.26074982	0.01118377
34.27267075	0.00872545
34.28459167	0.00388615
34.29651260	0.00116990
34.30843353	0.00061272
34.32035446	0.00041778
34.33227539	0.00098074
34.34419632	0.00160177
34.35611725	0.00226434
34.36803818	0.00314874
34.37995911	0.00466143
34.39188004	0.00543403
34.40380096	0.00493007
34.41572189	0.00446427
34.42764282	0.00312908
34.43956375	0.00124730
34.45148468	0.00070283
34.46340561	0.00120894
34.47532654	0.00528663
34.48724747	0.00870699
34.49916840	0.00933746
34.51108932	0.00933533
34.52301025	0.00693252
34.53493118	0.00272236
34.54685211	0.00097322
34.55877304	0.00072568
34.57069397	0.00120765
34.58261490	0.00180940
34.59453583	0.00193730
34.60645676	0.00229853
34.61837769	0.00292796
34.63029861	0.00406400
34.64221954	0.00490204
34.65414047	0.00463737
34.66606140	0.00421998
34.67798233	0.00290156
34.68990326	0.00101135
34.70182419	0.00026660
34.71374512	0.00091220
34.72566605	0.00489857
34.73758698	0.00832404
34.74950790	0.00918823
34.76142883	0.00954296
34.77334976	0.00741901
34.78527069	0.00351446
34.79719162	0.00175803
34.80911255	0.00126318
34.82103348	0.00147135
34.83295441	0.00177343
34.84487534	0.00197968
34.85679626	0.00245201
34.86871719	0.00307099
34.88063812	0.00403499
34.89255905	0.00438308
34.90447998	0.00389990
34.91640091	0.00350260
34.92832184	0.00235720
34.94024277	0.00109999
34.95216370	0.00080113
34.96408463	0.00095343
34.97600555	0.00519417
34.98792648	0.00896460
34.99984741	0.01029047
35.01176834	0.01087564
35.02368927	0.00890838
35.03561020	0.00474188
35.04753113	0.00232697
35.05945206	0.00167193
35.07137299	0.00186484
35.08329391	0.00239547
35.09521484	0.00282435
35.10713577	0.00335763
35.11905670	0.00379265
35.13097763	0.00442481
35.14289856	0.00469348
35.15481949	0.00404121
35.16674042	0.00355517
35.17866135	0.00252469
35.19058228	0.00138070
35.20250320	0.00103525
35.21442413	0.00101729
35.22634506	0.00502834
35.23826599	0.00869651
35.25018692	0.00969388
35.26210785	0.00985419
35.27402878	0.00739220
35.28594971	0.00303933
35.29787064	0.00098504
35.30979156	0.00090544
35.32171249	0.00167621
35.33363342	0.00249645
35.34555435	0.00287208
35.35747528	0.00291409
35.36939621	0.00257562
35.38131714	0.00277531
35.39323807	0.00306263
35.40515900	0.00294460
35.41707993	0.00313721
35.42900085	0.00275115
35.44092178	0.00181898
35.45284271	0.00149002
35.46476364	0.00129870
35.47668457	0.00467055
35.48860550	0.00789713
35.50052643	0.00876794
35.51244736	0.00903829
35.52436829	0.00685436
35.53628922	0.00295329
35.54821014	0.00093551
35.56013107	0.00061152
35.57205200	0.00086489
35.58397293	0.00124611
35.59589386	0.00160674
35.60781479	0.00212982
35.61973572	0.00274030
35.63165665	0.00361074
35.64357758	0.00391561
35.65549850	0.00361231
35.66741943	0.00347463
35.67934036	0.00273973
35.69126129	0.00157711
35.70318222	0.00117785
35.71510315	0.00191715
35.72702408	0.00574706
35.73894501	0.00892019
35.75086594	0.00944346
35.76278687	0.00905057
35.77470779	0.00633331
35.78662872	0.00229669
35.79854965	0.00040706
35.81047058	0.00042098
35.82239151	0.00144024
35.83431244	0.00233123
35.84623337	0.00279990
35.85815430	0.00297527
35.87007523	0.00291332
35.88199615	0.00306968
35.89391708	0.00303612
35.90583801	0.00282838
35.91775894	0.00291252
35.92967987	0.00244756
35.94160080	0.00186465
35.95352173	0.00188003
35.96544266	0.00104481
35.97736359	0.00481495
35.98928452	0.00806434
36.00120544	0.00891915
36.01312637	0.00886297
36.02504730	0.00583681
36.03696823	0.00158377
36.04888916	0.00026709
36.06081009	0.00069236
36.07273102	0.00173479
36.08465195	0.00262966
36.09657288	0.00274304
36.10849380	0.00263081
36.12041473	0.00244970
36.13233566	0.00272500
36.14425659	0.00297510
36.15617752	0.00287256
36.16809845	0.00290613
36.18001938	0.00235989
36.19194031	0.00184123
36.20386124	0.00191184
36.21578217	0.00057517
36.22770309	0.00363616
36.23962402	0.00666312
36.25154495	0.00784537
36.26346588	0.00827455
36.27538681	0.00584994
36.28730774	0.00210207
36.29922867	0.00058746
36.31114960	0.00015607
36.32307053	0.00102140
36.33499146	0.00214498
36.34691238	0.00289186
36.35883331	0.00336278
36.37075424	0.00337990
36.38267517	0.00325795
36.39459610	0.00286124
36.40651703	0.00226287
36.41843796	0.00203309
36.43035889	0.00157235
36.44227982	0.00104513
36.45420074	0.00044308
36.46612167	0.00155425
36.47804260	0.00543567
36.48996353	0.00802317
36.50188446	0.00848075
36.51380539	0.00830186
36.52572632	0.00569518
36.53764725	0.00203123
36.54956818	0.00058270
36.56148911	0.00069812
36.57341003	0.00135010
36.58533096	0.00191314
36.59725189	0.00238442
36.60917282	0.00281517
36.62109375	0.00259136
36.63301468	0.00231594
36.64493561	0.00232628
36.65685654	0.00233277
36.66877747	0.00249498
36.68069839	0.00225285
36.69261932	0.00190051
36.70454025	0.00160051
36.71646118	0.00110667
36.72838211	0.00436315
36.74030304	0.00693682
36.75222397	0.00746204
36.76414490	0.00707985
36.77606583	0.00426793
36.78798676	0.00079692
36.79990768	0.00073368
36.81182861	0.00064747
36.82374954	0.00129317
36.83567047	0.00272379
36.84759140	0.00372559
36.85951233	0.00393898
36.87143326	0.00335780
36.88335419	0.00265004
36.89527512	0.00218281
36.90719604	0.00205415
36.91911697	0.00240249
36.93103790	0.00248512
36.94295883	0.00242371
36.95487976	0.00226784
36.96680069	0.00115743
36.97872162	0.00352215
36.99064255	0.00596447
37.00256348	0.00675645
37.01448441	0.00661976
37.02640533	0.00391959
37.03832626	0.00051681
37.05024719	0.00097263
37.06216812	0.00098143
37.07408905	0.00080488
37.08600998	0.00182808
37.09793091	0.00269496
37.10985184	0.00299206
37.12177277	0.00270109
37.13369370	0.00236675
37.14561462	0.00200503
37.15753555	0.00168290
37.16945648	0.00185430
37.18137741	0.00192020
37.19329834	0.00184671
37.20521927	0.00175640
37.21714020	0.00135503
37.22906113	0.00447027
37.24098206	0.00691334
37.25290298	0.00753992
37.26482391	0.00698951
37.27674484	0.00390226
37.28866577	0.00031137
37.30058670	0.00144178
37.31250763	0.00135941
37.32442856	0.00117025
37.33634949	0.00239052
37.34827042	0.00322985
37.36019135	0.00348457
37.37211227	0.00291397
37.38403320	0.00195747
37.39595413	0.00130225
37.40787506	0.00108833
37.41979599	0.00157509
37.43171692	0.00198636
37.44363785	0.00219538
37.45555878	0.00211091
37.46747971	0.00131938
37.47940063	0.00357838
37.49132156	0.00571097
37.50324249	0.00626330
37.51516342	0.00586812
37.52708435	0.00330021
37.53900528	0.00087282
37.55092621	0.00180090
37.56284714	0.00172188
37.57476807	0.00134810
37.58668900	0.00213118
37.59860992	0.00274768
37.61053085	0.00266712
37.62245178	0.00179106
37.63437271	0.00069176
37.64629364	0.00016690
37.65821457	0.00032119
37.67013550	0.00098117
37.68205643	0.00141128
37.69397736	0.00176479
37.70589828	0.00193032
37.71781921	0.00151647
37.72974014	0.00355061
37.74166107	0.00559594
37.75358200	0.00626995
37.76550293	0.00587480
37.77742386	0.00344941
37.78934479	0.00100521
37.80126572	0.00141915
37.81318665	0.00130933
37.82510757	0.00098577
37.83702850	0.00190844
37.84894943	0.00248971
37.86087036	0.00230605
37.87279129	0.00141290
37.88471222	0.00065115
37.89663315	0.00053601
37.90855408	0.00067513
37.92047501	0.00128243
37.93239594	0.00207554
37.94431686	0.00258073
37.95623779	0.00253252
37.96815872	0.00120365
37.98007965	0.00263212
37.99200058	0.00445534
38.00392151	0.00498681
38.01584244	0.00474308
38.02776337	0.00267329
38.03968430	0.00092632
38.05160522	0.00148909
38.06352615	0.00125596
38.07544708	0.00016128
38.08736801	0.00129875
38.09928894	0.00236185
38.11120987	0.00248951
38.12313080	0.00153107
38.13505173	0.00028368
38.14697266	0.00040785
38.15889359	0.00037894
38.17081451	0.00072611
38.18273544	0.00190089
38.19465637	0.00261654
38.20657730	0.00248004
38.21849823	0.00127721
38.23041916	0.00205726
38.24234009	0.00346570
38.25426102	0.00399607
38.26618195	0.00374621
38.27810287	0.00185456
38.29002380	0.00086948
38.30194473	0.00124727
38.31386566	0.00100729
38.32578659	0.00114209
38.33770752	0.00231528
38.34962845	0.00292234
38.36154938	0.00262236
38.37347031	0.00133896
38.38539124	0.00087095
38.39731216	0.00154722
38.40923309	0.00149482
38.42115402	0.00079782
38.43307495	0.00128643
38.44499588	0.00237618
38.45691681	0.00247845
38.46883774	0.00118622
38.48075867	0.00115921
38.49267960	0.00272545
38.50460052	0.00333251
38.51652145	0.00303898
38.52844238	0.00154721
38.54036331	0.00152400
38.55228424	0.00203722
38.56420517	0.00127504
38.57612610	0.00055201
38.58804703	0.00190053
38.59996796	0.00264818
38.61188889	0.00260706
38.62380981	0.00159431
38.63573074	0.00132211
38.64765167	0.00181277
38.65957260	0.00160710
38.67149353	0.00083232
38.68341446	0.00071450
38.69533539	0.00159031
38.70725632	0.00163065
38.71917725	0.00043454
38.73109818	0.00158018
38.74301910	0.00279112
38.75494003	0.00317342
38.76686096	0.00270659
38.77878189	0.00115162
38.79070282	0.00110968
38.80262375	0.00139964
38.81454468	0.00094867
38.82646561	0.00066029
38.83838654	0.00146267
38.85030746	0.00199788
38.86222839	0.00209489
38.87414932	0.00115821
38.88607025	0.00049632
38.89799118	0.00113413
38.90991211	0.00113288
38.92183304	0.00063362
38.93375397	0.00067153
38.94567490	0.00154420
38.95759583	0.00181216
38.96951675	0.00134174
38.98143768	0.00101336
38.99335861	0.00172674
39.00527954	0.00190580
39.01720047	0.00147761
39.02912140	0.00040527
39.04104233	0.00167466
39.05296326	0.00206494
39.06488419	0.00136428
39.07680511	0.00008552
39.08872604	0.00138762
39.10064697	0.00207949
39.11256790	0.00211693
39.12448883	0.00104485
39.13640976	0.00110748
39.14833069	0.00179692
39.16025162	0.00175071
39.17217255	0.00098742
39.18409348	0.00050659
39.19601440	0.00163856
39.20793533	0.00190778
39.21985626	0.00129848
39.23177719	0.00049490
39.24369812	0.00105168
39.25561905	0.00119158
39.26753998	0.00073211
39.27946091	0.00049369
39.29138184	0.00165999
39.30330276	0.00210428
39.31522369	0.00153516
39.32714462	0.00038839
39.33906555	0.00094737
39.35098648	0.00158924
39.36290741	0.00165643
39.37482834	0.00090781
39.38674927	0.00194577
39.39867020	0.00252127
39.41059113	0.00208929
39.42251205	0.00093113
39.43443298	0.00108444
39.44635391	0.00255543
39.45827484	0.00279796
39.47019577	0.00217363
39.48211670	0.00111430
39.49403763	0.00014831
39.50595856	0.00034811
39.51787949	0.00049194
39.52980042	0.00087230
39.54172134	0.00136255
39.55364227	0.00139887
39.56556320	0.00095917
39.57748413	0.00066764
39.58940506	0.00167553
39.60132599	0.00210479
39.61324692	0.00175862
39.62516785	0.00121160
39.63708878	0.00243971
39.64900970	0.00279228
39.66093063	0.00238673
39.67285156	0.00124569
39.68477249	0.00153507
39.69669342	0.00283672
39.70861435	0.00301013
39.72053528	0.00248539
39.73245621	0.00169633
39.74437714	0.00111522
39.75629807	0.00083143
39.76821899	0.00111302
39.78013992	0.00215494
39.79206085	0.00308990
39.80398178	0.00315912
39.81590271	0.00235244
39.82782364	0.00136949
39.83974457	0.00183856
39.85166550	0.00189438
39.86358643	0.00070455
39.87550735	0.00171509
39.88742828	0.00407080
39.89934921	0.00472962
39.91127014	0.00407824
39.92319107	0.00228989
39.93511200	0.00081239
39.94703293	0.00218694
39.95895386	0.00236918
39.97087479	0.00173075
39.98279572	0.00081637
39.99471664	0.00043817
40.00663757	0.00007214
40.01855850	0.00073614
40.03047943	0.00189371
40.04240036	0.00304065
40.05432129	0.00319560
40.06624222	0.00245218
40.07816315	0.00137722
40.09008408	0.00036789
40.10200500	0.00111362
40.11392593	0.00109772
40.12584686	0.00109910
40.13776779	0.00306089
40.14968872	0.00381139
40.16160965	0.00362103
40.17353058	0.00239504
40.18545151	0.00101798
40.19737244	0.00229802
40.20929337	0.00263218
40.22121429	0.00245054
40.23313522	0.00226817
40.24505615	0.00193184
40.25697708	0.00192907
40.26889801	0.00232833
40.28081894	0.00287454
40.29273987	0.00349890
40.30466080	0.00344152
40.31658173	0.00274486
40.32850266	0.00178488
40.34042358	0.00081276
40.35234451	0.00055031
40.36426544	0.00025341
40.37618637	0.00133154
40.38810730	0.00322814
40.40002823	0.00373477
40.41194916	0.00348680
40.42387009	0.00239775
40.43579102	0.00094187
40.44771194	0.00171482
40.45963287	0.00192575
40.47155380	0.00213789
40.48347473	0.00227951
40.49539566	0.00202196
40.50731659	0.00205631
40.51923752	0.00231467
40.53115845	0.00270895
40.54307938	0.00320878
40.55500031	0.00316869
40.56692123	0.00265470
40.57884216	0.00151502
40.59076309	0.00028585
40.60268402	0.00086265
40.61460495	0.00078369
40.62652588	0.00117624
40.63844681	0.00311580
40.65036774	0.00354405
40.66228867	0.00331567
40.67420959	0.00218416
40.68613052	0.00110162
40.69805145	0.00194207
40.70997238	0.00204772
40.72189331	0.00205735
40.73381424	0.00232722
40.74573517	0.00222627
40.75765610	0.00233655
40.76957703	0.00265279
40.78149796	0.00262814
40.79341888	0.00258553
40.80533981	0.00234292
40.81726074	0.00169622
40.82918167	0.00071456
40.84110260	0.00048140
40.85302353	0.00086543
40.86494446	0.00075251
40.87686539	0.00248297
40.88878632	0.00459751
40.90070724	0.00499953
40.91262817	0.00455279
40.92454910	0.00293908
40.93647003	0.00063763
40.94839096	0.00202079
40.96031189	0.00259427
40.97223282	0.00301271
40.98415375	0.00332657
40.99607468	0.00292986
41.00799561	0.00278301
41.01991653	0.00277300
41.03183746	0.00276504
41.04375839	0.00315090
41.05567932	0.00299678
41.06760025	0.00241107
41.07952118	0.00142157
41.09144211	0.00025889
41.10336304	0.00024535
41.11528397	0.00063429
41.12720490	0.00275415
41.13912582	0.00468990
41.15104675	0.00482912
41.16296768	0.00410554
41.17488861	0.00230165
41.18680954	0.00101180
41.19873047	0.00217325
41.21065140	0.00234655
41.22257233	0.00289707
41.23449326	0.00359749
41.24641418	0.00343215
41.25833511	0.00341819
41.27025604	0.00340886
41.28217697	0.00288313
41.29409790	0.00284968
41.30601883	0.00272432
41.31793976	0.00220569
41.32986069	0.00112016
41.34178162	0.00013466
41.35370255	0.00026861
41.36562347	0.00108116
41.37754440	0.00320542
41.38946533	0.00498188
41.40138626	0.00468034
41.41330719	0.00384106
41.42522812	0.00220267
41.43714905	0.00116012
41.44906998	0.00239784
41.46099091	0.00253447
41.47291183	0.00340531
41.48483276	0.00442465
41.49675369	0.00436529
41.50867462	0.00444957
41.52059555	0.00448226
41.53251648	0.00377233
41.54443741	0.00334028
41.55635834	0.00295008
41.56827927	0.00239619
41.58020020	0.00159583
41.59212112	0.00114754
41.60404205	0.00103734
41.61596298	0.00097121
41.62788391	0.00272492
41.63980484	0.00487422
41.65172577	0.00516006
41.66364670	0.00464787
41.67556763	0.00314302
41.68748856	0.00091593
41.69940948	0.00120822
41.71133041	0.00166929
41.72325134	0.00299773
41.73517227	0.00434940
41.74709320	0.00477099
41.75901413	0.00522532
41.77093506	0.00508430
41.78285599	0.00392817
41.79477692	0.00324097
41.80669785	0.00286642
41.81861877	0.00222933
41.83053970	0.00148433
41.84246063	0.00092112
41.85438156	0.00071399
41.86630249	0.00114754
41.87822342	0.00352682
41.89014435	0.00559293
41.90206528	0.00574132
41.91398621	0.00526075
41.92590714	0.00366079
41.93782806	0.00179765
41.94974899	0.00161480
41.96166992	0.00143254
41.97359085	0.00273711
41.98551178	0.00438034
41.99743271	0.00476526
42.00935364	0.00508122
42.02127457	0.00477496
42.03319550	0.00365049
42.04511642	0.00318049
42.05703735	0.00279138
42.06895828	0.00242004
42.08087921	0.00160573
42.09280014	0.00061642
42.10472107	0.00022672
42.11664200	0.00107578
42.12856293	0.00360894
42.14048386	0.00572826
42.15240479	0.00604529
42.16432571	0.00546264
42.17624664	0.00351005
42.18816757	0.00075388
42.20008850	0.00083643
42.21200943	0.00135819
42.22393036	0.00321879
42.23585129	0.00518057
42.24777222	0.00558515
42.25969315	0.00578193
42.27161407	0.00518710
42.28353500	0.00322035
42.29545593	0.00218703
42.30737686	0.00193283
42.31929779	0.00178249
42.33121872	0.00145737
42.34313965	0.00087498
42.35506058	0.00059167
42.36698151	0.00143626
42.37890244	0.00389630
42.39082336	0.00580696
42.40274429	0.00588069
42.41466522	0.00533766
42.42658615	0.00361752
42.43850708	0.00165136
42.45042801	0.00117090
42.46234894	0.00153857
42.47426987	0.00351175
42.48619080	0.00556679
42.49811172	0.00639471
42.51003265	0.00712354
42.52195358	0.00654623
42.53387451	0.00433373
42.54579544	0.00300634
42.55771637	0.00217290
42.56963730	0.00135532
42.58155823	0.00053540
42.59347916	0.00019706
42.60540009	0.00016764
42.61732101	0.00126262
42.62924194	0.00416972
42.64116287	0.00629854
42.65308380	0.00638580
42.66500473	0.00570193
42.67692566	0.00362389
42.68884659	0.00112164
42.70076752	0.00114751
42.71268845	0.00168296
42.72460938	0.00388776
42.73653030	0.00597986
42.74845123	0.00638711
42.76037216	0.00664508
42.77229309	0.00561800
42.78421402	0.00319005
42.79613495	0.00189108
42.80805588	0.00120761
42.81997681	0.00081592
42.83189774	0.00042684
42.84381866	0.00044773
42.85573959	0.00097626
42.86766052	0.00250386
42.87958145	0.00532748
42.89150238	0.00718253
42.90342331	0.00690038
42.91534424	0.00589927
42.92726517	0.00353956
42.93918610	0.00072594
42.95110703	0.00084686
42.96302795	0.00142030
42.97494888	0.00350257
42.98686981	0.00566124
42.99879074	0.00618391
43.01071167	0.00650556
43.02263260	0.00571920
43.03455353	0.00336227
43.04647446	0.00214743
43.05839539	0.00183768
43.07031631	0.00178897
43.08223724	0.00158979
43.09415817	0.00137598
43.10607910	0.00174321
43.11800003	0.00294314
43.12992096	0.00532811
43.14184189	0.00680317
43.15376282	0.00628297
43.16568375	0.00532928
43.17760468	0.00322381
43.18952560	0.00055177
43.20144653	0.00038486
43.21336746	0.00093976
43.22528839	0.00354085
43.23720932	0.00602304
43.24913025	0.00681853
43.26105118	0.00732723
43.27297211	0.00628975
43.28489304	0.00376382
43.29681396	0.00249277
43.30873489	0.00192995
43.32065582	0.00183821
43.33257675	0.00183687
43.34449768	0.00164226
43.35641861	0.00181282
43.36833954	0.00290400
43.38026047	0.00507933
43.39218140	0.00642477
43.40410233	0.00617809
43.41602325	0.00555227
43.42794418	0.00352510
43.43986511	0.00108699
43.45178604	0.00072283
43.46370697	0.00125791
43.47562790	0.00391901
43.48754883	0.00628265
43.49946976	0.00700775
43.51139069	0.00779759
43.52331161	0.00690681
43.53523254	0.00417043
43.54715347	0.00249223
43.55907440	0.00184368
43.57099533	0.00162997
43.58291626	0.00149565
43.59483719	0.00148493
43.60675812	0.00187455
43.61867905	0.00295849
43.63059998	0.00531129
43.64252090	0.00690911
43.65444183	0.00675314
43.66636276	0.00604275
43.67828369	0.00392055
43.69020462	0.00111146
43.70212555	0.00024327
43.71404648	0.00128487
43.72596741	0.00433030
43.73788834	0.00684129
43.74980927	0.00748091
43.76173019	0.00773639
43.77365112	0.00633941
43.78557205	0.00384670
43.79749298	0.00294210
43.80941391	0.00277592
43.82133484	0.00288300
43.83325577	0.00256515
43.84517670	0.00198015
43.85709763	0.00201116
43.86901855	0.00301085
43.88093948	0.00518697
43.89286041	0.00651084
43.90478134	0.00627553
43.91670227	0.00544455
43.92862320	0.00307294
43.94054413	0.00032028
43.95246506	0.00047809
43.96438599	0.00133532
43.97630692	0.00417964
43.98822784	0.00656490
44.00014877	0.00728071
44.01206970	0.00742339
44.02399063	0.00585908
44.03591156	0.00318358
44.04783249	0.00191485
44.05975342	0.00161006
44.07167435	0.00189082
44.08359528	0.00204589
44.09551620	0.00203703
44.10743713	0.00237352
44.11935806	0.00332739
44.13127899	0.00532416
44.14319992	0.00630937
44.15512085	0.00577537
44.16704178	0.00495235
44.17896271	0.00301114
44.19088364	0.00073829
44.20280457	0.00021062
44.21472549	0.00100292
44.22664642	0.00416631
44.23856735	0.00683285
44.25048828	0.00771839
44.26240921	0.00803632
44.27433014	0.00624776
44.28625107	0.00314567
44.29817200	0.00167718
44.31009293	0.00130436
44.32201385	0.00163649
44.33393478	0.00200225
44.34585571	0.00226680
44.35777664	0.00268934
44.36969757	0.00345629
44.38161850	0.00540983
44.39353943	0.00663072
44.40546036	0.00616770
44.41738129	0.00539496
44.42930222	0.00341140
44.44122314	0.00112362
44.45314407	0.00078065
44.46506500	0.00039342
44.47698593	0.00348498
44.48890686	0.00630822
44.50082779	0.00741164
44.51274872	0.00801048
44.52466965	0.00619347
44.53659058	0.00295736
44.54851151	0.00165146
44.56043243	0.00160816
44.57235336	0.00205790
44.58427429	0.00234458
44.59619522	0.00218522
44.60811615	0.00204057
44.62003708	0.00253378
44.63195801	0.00466347
44.64387894	0.00592058
44.65579987	0.00579460
44.66772079	0.00556472
44.67964172	0.00393515
44.69156265	0.00180015
44.70348358	0.00118816
44.71540451	0.00107464
44.72732544	0.00355420
44.73924637	0.00619352
44.75116730	0.00691860
44.76308823	0.00693117
44.77500916	0.00508458
44.78693008	0.00220486
44.79885101	0.00090290
44.81077194	0.00085282
44.82269287	0.00123971
44.83461380	0.00149624
44.84653473	0.00154406
44.85845566	0.00189223
44.87037659	0.00264900
44.88229752	0.00421344
44.89421844	0.00512671
44.90613937	0.00504927
44.91806030	0.00461294
44.92998123	0.00301143
44.94190216	0.00140187
44.95382309	0.00088253
44.96574402	0.00083906
44.97766495	0.00427055
44.98958588	0.00709211
45.00150681	0.00818611
45.01342773	0.00860142
45.02534866	0.00657081
45.03726959	0.00330023
45.04919052	0.00179948
45.06111145	0.00149852
45.07303238	0.00215876
45.08495331	0.00297903
45.09687424	0.00342675
45.10879517	0.00380573
45.12071609	0.00403905
45.13263702	0.00475621
45.14455795	0.00502902
45.15647888	0.00465482
45.16839981	0.00445686
45.18032074	0.00328365
45.19224167	0.00206034
45.20416260	0.00186977
45.21608353	0.00042975
45.22800446	0.00332686
45.23992538	0.00605579
45.25184631	0.00679905
45.26376724	0.00689042
45.27568817	0.00481189
45.28760910	0.00200789
45.29953003	0.00116429
45.31145096	0.00114549
45.32337189	0.00165252
45.33529282	0.00192102
45.34721375	0.00180540
45.35913467	0.00212393
45.37105560	0.00275995
45.38297653	0.00396459
45.39489746	0.00467985
45.40681839	0.00480891
45.41873932	0.00475935
45.43066025	0.00347108
45.44258118	0.00202001
45.45450211	0.00168122
45.46642303	0.00074242
45.47834396	0.00367871
45.49026489	0.00645613
45.50218582	0.00745007
45.51410675	0.00761542
45.52602768	0.00543880
45.53794861	0.00228992
45.54986954	0.00109825
45.56179047	0.00090553
45.57371140	0.00110756
45.58563232	0.00147185
45.59755325	0.00173527
45.60947418	0.00222942
45.62139511	0.00252873
45.63331604	0.00330589
45.64523697	0.00352074
45.65715790	0.00319016
45.66907883	0.00324005
45.68099976	0.00230802
45.69292068	0.00112834
45.70484161	0.00123233
45.71676254	0.00158495
45.72868347	0.00403428
45.74060440	0.00625049
45.75252533	0.00691564
45.76444626	0.00700762
45.77636719	0.00503676
45.78828812	0.00232248
45.80020905	0.00138907
45.81212997	0.00148978
45.82405090	0.00211800
45.83597183	0.00260019
45.84789276	0.00280449
45.85981369	0.00294882
45.87173462	0.00319371
45.88365555	0.00386516
45.89557648	0.00392586
45.90749741	0.00350124
45.91941833	0.00328181
45.93133926	0.00235745
45.94326019	0.00144826
45.95518112	0.00102859
45.96710205	0.00079526
45.97902298	0.00416850
45.99094391	0.00628341
46.00286484	0.00670792
46.01478577	0.00636081
46.02670670	0.00376586
46.03862762	0.00056772
46.05054855	0.00079156
46.06246948	0.00087157
46.07439041	0.00158547
46.08631134	0.00253080
46.09823227	0.00309437
46.11015320	0.00333162
46.12207413	0.00338654
46.13399506	0.00388806
46.14591599	0.00385262
46.15783691	0.00349889
46.16975784	0.00358896
46.18167877	0.00307567
46.19359970	0.00257627
46.20552063	0.00252600
46.21744156	0.00118873
46.22936249	0.00328853
46.24128342	0.00596312
46.25320435	0.00690022
46.26512527	0.00673038
46.27704620	0.00434037
46.28896713	0.00126696
46.30088806	0.00037302
46.31280899	0.00032111
46.32472992	0.00061573
46.33665085	0.00130086
46.34857178	0.00175095
46.36049271	0.00229840
46.37241364	0.00256454
46.38433456	0.00298871
46.39625549	0.00318346
46.40817642	0.00309479
46.42009735	0.00312793
46.43201828	0.00261414
46.44393921	0.00232019
46.45586014	0.00229216
46.46778107	0.00072783
46.47970200	0.00256189
46.49162292	0.00479687
46.50354385	0.00563902
46.51546478	0.00572426
46.52738571	0.00363556
46.53930664	0.00115768
46.55122757	0.00098738
46.56314850	0.00076180
46.57506943	0.00080606
46.58699036	0.00160809
46.59891129	0.00212349
46.61083221	0.00241619
46.62275314	0.00222283
46.63467407	0.00205096
46.64659500	0.00178102
46.65851593	0.00168549
46.67043686	0.00182196
46.68235779	0.00164895
46.69427872	0.00171256
46.70619965	0.00183460
46.71812057	0.00120690
46.73004150	0.00331259
46.74196243	0.00551178
46.75388336	0.00626803
46.76580429	0.00623855
46.77772522	0.00422270
46.78964615	0.00209439
46.80156708	0.00174588
46.81348801	0.00132941
46.82540894	0.00083874
46.83732986	0.00101376
46.84925079	0.00194430
46.86117172	0.00238865
46.87309265	0.00253659
46.88501358	0.00288361
46.89693451	0.00270247
46.90885544	0.00255381
46.92077637	0.00284516
46.93269730	0.00275160
46.94461823	0.00256784
46.95653915	0.00218759
46.96846008	0.00109319
46.98038101	0.00357752
46.99230194	0.00544649
47.00422287	0.00571174
47.01614380	0.00500431
47.02806473	0.00237495
47.03998566	0.00080998
47.05190659	0.00171980
47.06382751	0.00119845
47.07574844	0.00101943
47.08766937	0.00228287
47.09959030	0.00304602
47.11151123	0.00310312
47.12343216	0.00248206
47.13535309	0.00209854
47.14727402	0.00170187
47.15919495	0.00164548
47.17111588	0.00198303
47.18303680	0.00185376
47.19495773	0.00187876
47.20687866	0.00203517
47.21879959	0.00100643
47.23072052	0.00281347
47.24264145	0.00435242
47.25456238	0.00452243
47.26648331	0.00398022
47.27840424	0.00172861
47.29032516	0.00106285
47.30224609	0.00218658
47.31416702	0.00209520
47.32608795	0.00137114
47.33800888	0.00145251
47.34992981	0.00187848
47.36185074	0.00194452
47.37377167	0.00159412
47.38569260	0.00109101
47.39761353	0.00057781
47.40953445	0.00064915
47.42145538	0.00119932
47.43337631	0.00179510
47.44529724	0.00233078
47.45721817	0.00233063
47.46913910	0.00115594
47.48106003	0.00224576
47.49298096	0.00352038
47.50490189	0.00375755
47.51682281	0.00325215
47.52874374	0.00123569
47.54066467	0.00067334
47.55258560	0.00112493
47.56450653	0.00083270
47.57642746	0.00098504
47.58834839	0.00217145
47.60026932	0.00281601
47.61219025	0.00280197
47.62411118	0.00213535
47.63603210	0.00138216
47.64795303	0.00131091
47.65987396	0.00165714
47.67179489	0.00212168
47.68371582	0.00246513
47.69563675	0.00246681
47.70755768	0.00183027
47.71947861	0.00056744
47.73139954	0.00271119
47.74332047	0.00409171
47.75524139	0.00426946
47.76716232	0.00363057
47.77908325	0.00129261
47.79100418	0.00164429
47.80292511	0.00242535
47.81484604	0.00218248
47.82676697	0.00176021
47.83868790	0.00246962
47.85060883	0.00328014
47.86252975	0.00316977
47.87445068	0.00205628
47.88637161	0.00073420
47.89829254	0.00052619
47.91021347	0.00072913
47.92213440	0.00016945
47.93405533	0.00098771
47.94597626	0.00176587
47.95789719	0.00186610
47.96981812	0.00113318
47.98173904	0.00277443
47.99365997	0.00435712
48.00558090	0.00478264
48.01750183	0.00411833
48.02942276	0.00212086
48.04134369	0.00170880
48.05326462	0.00209425
48.06518555	0.00145033
48.07710648	0.00033411
48.08902740	0.00155081
48.10094833	0.00225760
48.11286926	0.00229764
48.12479019	0.00163269
48.13671112	0.00067730
48.14863205	0.00077315
48.16055298	0.00071225
48.17247391	0.00059601
48.18439484	0.00109879
48.19631577	0.00169887
48.20823669	0.00177596
48.22015762	0.00085775
48.23207855	0.00142052
48.24399948	0.00253890
48.25592041	0.00281028
48.26784134	0.00242012
48.27976227	0.00120928
48.29168320	0.00157607
48.30360413	0.00186977
48.31552505	0.00126855
48.32744598	0.00028117
48.33936691	0.00127959
48.35128784	0.00184855
48.36320877	0.00160443
48.37512970	0.00054541
48.38705063	0.00078531
48.39897156	0.00133373
48.41089249	0.00128588
48.42281342	0.00070966
48.43473434	0.00125826
48.44665527	0.00210140
48.45857620	0.00195862
48.47049713	0.00094207
48.48241806	0.00095579
48.49433899	0.00196045
48.50625992	0.00229316
48.51818085	0.00156766
48.53010178	0.00100012
48.54202271	0.00235007
48.55394363	0.00250823
48.56586456	0.00158369
48.57778549	0.00049247
48.58970642	0.00185679
48.60162735	0.00251974
48.61354828	0.00233668
48.62546921	0.00093087
48.63739014	0.00114933
48.64931107	0.00156434
48.66123199	0.00117991
48.67315292	0.00022544
48.68507385	0.00114553
48.69699478	0.00204148
48.70891571	0.00206719
48.72083664	0.00127445
48.73275757	0.00154265
48.74467850	0.00238891
48.75659943	0.00248394
48.76852036	0.00182206
48.78044128	0.00085590
48.79236221	0.00206707
48.80428314	0.00236774
48.81620407	0.00174618
